cat,group,date,oil,water,liquid,bhp,status,start_lag,coef
P1,P,0,-0.0014856979169538,0.0,-0.0014856979169538,20000000.0,1,19,0.42
P2,P,0,-0.001940506370705,0.0,-0.001940506370705,20000000.0,1,19,0.42
I1,I,0,,0.0025496798690879,0.0025496798690879,40311418.27567181,1,19,0.42
I2,I,0,,0.0012748399345439,0.0012748399345439,35688705.11391598,1,19,0.42
I3,I,0,,,,,0,19,0.42
P1,P,1,-0.0013899342514029,0.0,-0.0013899342514029,20000000.0,1,19,0.42
P2,P,1,-0.0017760337125453,0.0,-0.0017760337125453,20000000.0,1,19,0.42
I1,I,1,,0.0025496798690879,0.0025496798690879,40377625.30677384,1,19,0.42
I2,I,1,,0.0012748399345439,0.0012748399345439,35875061.38773207,1,19,0.42
I3,I,1,,,,,0,19,0.42
P1,P,2,-0.0013901956710166,0.0,-0.0013901956710166,20000000.0,1,19,0.42
P2,P,2,-0.0017554430062426,0.0,-0.0017554430062426,20000000.0,1,19,0.42
I1,I,2,,0.0025496798690879,0.0025496798690879,40742984.83086448,1,19,0.42
I2,I,2,,0.0012748399345439,0.0012748399345439,36160826.26414018,1,19,0.42
I3,I,2,,,,,0,19,0.42
P1,P,3,-0.0014140565785828,0.0,-0.0014140565785828,20000000.0,1,19,0.42
P2,P,3,-0.0017747369060091,0.0,-0.0017747369060091,20000000.0,1,19,0.42
I1,I,3,,0.0025496798690879,0.0025496798690879,41021217.47062038,1,19,0.42
I2,I,3,,0.0012748399345439,0.0012748399345439,36376577.534816094,1,19,0.42
I3,I,3,,,,,0,19,0.42
P1,P,4,-0.0014444081573295,0.0,-0.0014444081573295,20000000.0,1,19,0.42
P2,P,4,-0.0018077976582207,0.0,-0.0018077976582207,20000000.0,1,19,0.42
I1,I,4,,0.0025496798690879,0.0025496798690879,41229188.1324096,1,19,0.42
I2,I,4,,0.0012748399345439,0.0012748399345439,36544112.780741714,1,19,0.42
I3,I,4,,,,,0,19,0.42
P1,P,5,-0.0015677127616646,0.0,-0.0015677127616646,20000000.0,1,19,0.42
P2,P,5,-0.0018037683190943,-6.329660851875573e-05,-0.0018670649276131,20000000.0,1,19,0.42
I1,I,5,,0.0025496798690879,0.0025496798690879,41927019.50754557,1,19,0.42
I2,I,5,,0.0012748399345439,0.0012748399345439,37176979.86556131,1,19,0.42
I3,I,5,,,,,0,19,0.42
P1,P,6,-0.0016471698431495,0.0,-0.0016471698431495,20000000.0,1,19,0.42
P2,P,6,-0.0015740430750271,-0.0004412971746094,-0.0020153402496366,20000000.0,1,19,0.42
I1,I,6,,0.0025496798690879,0.0025496798690879,42106226.57135533,1,19,0.42
I2,I,6,,0.0012748399345439,0.0012748399345439,37294260.40611128,1,19,0.42
I3,I,6,,,,,0,19,0.42
P1,P,7,-0.0016601944617882,-1.3277818302581862e-06,-0.0016615222436185,20000000.0,1,19,0.42
P2,P,7,-0.0013469420280773,-0.0008812259777726,-0.0022281680058499,20000000.0,1,19,0.42
I1,I,7,,0.0025496798690879,0.0025496798690879,41839257.59766191,1,19,0.42
I2,I,7,,0.0012748399345439,0.0012748399345439,36975852.90644127,1,19,0.42
I3,I,7,,,,,0,19,0.42
P1,P,8,-0.0015659576527999,-6.119653820228053e-05,-0.0016271541910022,20000000.0,1,19,0.42
P2,P,8,-0.0011707595987354,-0.0012098489232632,-0.0023806085219987,20000000.0,1,19,0.42
I1,I,8,,0.0025496798690879,0.0025496798690879,41304904.68865117,1,19,0.42
I2,I,8,,0.0012748399345439,0.0012748399345439,36424382.4147376,1,19,0.42
I3,I,8,,,,,0,19,0.42
P1,P,9,-0.0014174756939235,-0.0001982547169096,-0.0016157304108331,20000000.0,1,19,0.42
P2,P,9,-0.0010265734176698,-0.0014357325188744,-0.0024623059365443,20000000.0,1,19,0.42
I1,I,9,,0.0025496798690879,0.0025496798690879,40611454.038821466,1,19,0.42
I2,I,9,,0.0012748399345439,0.0012748399345439,35742873.206673265,1,19,0.42
I3,I,9,,,,,0,19,0.42
P1,P,10,-0.0012641472971871,-0.0003431428281925,-0.0016072901253796,20000000.0,1,19,0.42
P2,P,10,-0.0009039688130847,-0.0015889318556251,-0.0024929006687099,20000000.0,1,19,0.42
I1,I,10,,0.0025496798690879,0.0025496798690879,39855841.20247091,1,19,0.42
I2,I,10,,0.0012748399345439,0.0012748399345439,35014000.348528296,1,19,0.42
I3,I,10,,,,,0,19,0.42
P1,P,11,-0.001125721944655,-0.0004725223070831,-0.0015982442517381,20000000.0,1,19,0.42
P2,P,11,-0.0007999887007258,-0.0016921939155754,-0.0024921826163012,20000000.0,1,19,0.42
I1,I,11,,0.0025496798690879,0.0025496798690879,39104207.407115504,1,19,0.42
I2,I,11,,0.0012748399345439,0.0012748399345439,34296065.55283985,1,19,0.42
I3,I,11,,,,,0,19,0.42
P1,P,12,-0.0010063481885601,-0.0005770632548079,-0.0015834114433681,20000000.0,1,19,0.42
P2,P,12,-0.0007132645840104,-0.0017634599791118,-0.0024767245631222,20000000.0,1,19,0.42
I1,I,12,,0.0025496798690879,0.0025496798690879,38403745.39447342,1,19,0.42
I2,I,12,,0.0012748399345439,0.0012748399345439,33630677.511920765,1,19,0.42
I3,I,12,,,,,0,19,0.42
P1,P,13,-0.0009053487265496,-0.0006572821086124,-0.0015626308351621,20000000.0,1,19,0.42
P2,P,13,-0.0006418579036531,-0.0018158373875724,-0.0024576952912255,20000000.0,1,19,0.42
I1,I,13,,0.0025496798690879,0.0025496798690879,37781313.92780887,1,19,0.42
I2,I,13,,0.0012748399345439,0.0012748399345439,33041620.58499376,1,19,0.42
I3,I,13,,,,,0,19,0.42
P1,P,14,-0.0008231161692592,-0.000721996647677,-0.0015451128169362,20000000.0,1,19,0.42
P2,P,14,-0.0005829357384697,-0.0018564817330311,-0.0024394174715008,20000000.0,1,19,0.42
I1,I,14,,0.0025496798690879,0.0025496798690879,37234765.503837965,1,19,0.42
I2,I,14,,0.0012748399345439,0.0012748399345439,32526518.13250062,1,19,0.42
I3,I,14,,,,,0,19,0.42
P1,P,15,-0.0007559564391618,-0.0007770087850285,-0.0015329652241904,20000000.0,1,19,0.42
P2,P,15,-0.0005336993641758,-0.0018888419166473,-0.0024225412808232,20000000.0,1,19,0.42
I1,I,15,,0.0025496798690879,0.0025496798690879,36752428.30181611,1,19,0.42
I2,I,15,,0.0012748399345439,0.0012748399345439,32074125.153126925,1,19,0.42
I3,I,15,,,,,0,19,0.42
P1,P,16,-0.0006991808255966,-0.0008261034899302,-0.0015252843155268,20000000.0,1,19,0.42
P2,P,16,-0.0004919398653992,-0.0019150477799908,-0.0024069876453901,20000000.0,1,19,0.42
I1,I,16,,0.0025496798690879,0.0025496798690879,36323106.63616056,1,19,0.42
I2,I,16,,0.0012748399345439,0.0012748399345439,31673470.822592106,1,19,0.42
I3,I,16,,,,,0,19,0.42
P1,P,17,-0.0006493854503854,-0.0008721625914105,-0.0015215480417959,20000000.0,1,19,0.42
P2,P,17,-0.0004559970255791,-0.0019363714087217,-0.0023923684343009,20000000.0,1,19,0.42
I1,I,17,,0.0025496798690879,0.0025496798690879,35937053.032740854,1,19,0.42
I2,I,17,,0.0012748399345439,0.0012748399345439,31314982.983334094,1,19,0.42
I3,I,17,,,,,0,19,0.42
P1,P,18,-0.0006047645246414,-0.0009163855133633,-0.0015211500380047,20000000.0,1,19,0.42
P2,P,18,-0.0004246763024429,-0.0019535770904454,-0.0023782533928883,20000000.0,1,19,0.42
I1,I,18,,0.0025496798690879,0.0025496798690879,35586443.46087743,1,19,0.42
I2,I,18,,0.0012748399345439,0.0012748399345439,30990946.960049,1,19,0.42
I3,I,18,,,,,0,19,0.42
P1,P,19,-0.0005645352137544,-0.0009590503081352,-0.0015235855218897,20000000.0,1,19,0.42
P2,P,19,-0.0003970868842123,-0.001967141663134,-0.0023642285473464,20000000.0,1,19,0.42
I1,I,19,,0.0025496798690879,0.0025496798690879,35265304.08096625,1,19,0.42
I2,I,19,,0.0012748399345439,0.0012748399345439,30695447.187413637,1,19,0.42
I3,I,19,,,,,0,19,0.42
P1,P,20,-0.0006347787618486,-0.0012808578017382,-0.0019156365635869,20000000.0,1,19,0.42
P2,P,20,-0.0004434927658235,-0.0025494841406893,-0.0029929769065129,20000000.0,1,19,0.42
I1,I,20,,0.0025496798690879,0.0025496798690879,37460535.05294483,1,19,0.42
I2,I,20,,0.0012748399345439,0.0012748399345439,32766130.02194815,1,19,0.42
I3,I,20,,0.0015935499181799,0.0015935499181799,35673692.01439173,1,19,0.42
P1,P,21,-0.0006298031117367,-0.0014547511574437,-0.0020845542691805,20000000.0,1,19,0.42
P2,P,21,-0.0004398397073865,-0.0027740506456241,-0.0032138903530106,20000000.0,1,19,0.42
I1,I,21,,0.0025496798690879,0.0025496798690879,37773621.6930244,1,19,0.42
I2,I,21,,0.0012748399345439,0.0012748399345439,33051122.22059753,1,19,0.42
I3,I,21,,0.0015935499181799,0.0015935499181799,35804848.57147078,1,19,0.42
P1,P,22,-0.0005969235804372,-0.0015482647353189,-0.0021451883157562,20000000.0,1,19,0.42
P2,P,22,-0.0004193598929585,-0.0028628266682361,-0.0032821865611946,20000000.0,1,19,0.42
I1,I,22,,0.0025496798690879,0.0025496798690879,37647042.68611753,1,19,0.42
I2,I,22,,0.0012748399345439,0.0012748399345439,32934753.9456752,1,19,0.42
I3,I,22,,0.0015935499181799,0.0015935499181799,35627622.5263138,1,19,0.42
P1,P,23,-0.0005587390330563,-0.0016091270442825,-0.0021678660773389,20000000.0,1,19,0.42
P2,P,23,-0.0003951721679583,-0.0029009210984108,-0.0032960932663691,20000000.0,1,19,0.42
I1,I,23,,0.0025496798690879,0.0025496798690879,37394315.17226589,1,19,0.42
I2,I,23,,0.0012748399345439,0.0012748399345439,32701878.978696253,1,19,0.42
I3,I,23,,0.0015935499181799,0.0015935499181799,35356995.18710661,1,19,0.42
P1,P,24,-0.0005224534746756,-0.0016562142003769,-0.0021786676750526,20000000.0,1,19,0.42
P2,P,24,-0.000371708215381,-0.0029194563700412,-0.0032911645854223,20000000.0,1,19,0.42
I1,I,24,,0.0025496798690879,0.0025496798690879,37115801.38174132,1,19,0.42
I2,I,24,,0.0012748399345439,0.0012748399345439,32445543.521554373,1,19,0.42
I3,I,24,,0.0015935499181799,0.0015935499181799,35073320.99980145,1,19,0.42
P1,P,25,-0.0004897340537815,-0.0016965458086496,-0.0021862798624312,20000000.0,1,19,0.42
P2,P,25,-0.0003501459159634,-0.0029299497670972,-0.0032800956830606,20000000.0,1,19,0.42
I1,I,25,,0.0025496798690879,0.0025496798690879,36843724.83552544,1,19,0.42
I2,I,25,,0.0012748399345439,0.0012748399345439,32195608.4549472,1,19,0.42
I3,I,25,,0.0015935499181799,0.0015935499181799,34801882.187387325,1,19,0.42
P1,P,26,-0.0004605714243683,-0.001732534849851,-0.0021931062742193,20000000.0,1,19,0.42
P2,P,26,-0.0003305983030827,-0.0029368590627842,-0.003267457365867,20000000.0,1,19,0.42
I1,I,26,,0.0025496798690879,0.0025496798690879,36587517.62382871,1,19,0.42
I2,I,26,,0.0012748399345439,0.0012748399345439,31960675.95640065,1,19,0.42
I3,I,26,,0.0015935499181799,0.0015935499181799,34549196.65893895,1,19,0.42
P1,P,27,-0.0004345443740644,-0.0017651917715392,-0.0021997361456037,20000000.0,1,19,0.42
P2,P,27,-0.0003128965295901,-0.0029419758932205,-0.0032548724228106,20000000.0,1,19,0.42
I1,I,27,,0.0025496798690879,0.0025496798690879,36349017.17010374,1,19,0.42
I2,I,27,,0.0012748399345439,0.0012748399345439,31742316.73696063,1,19,0.42
I3,I,27,,0.0015935499181799,0.0015935499181799,34315712.83015227,1,19,0.42
P1,P,28,-0.0004111962368668,-0.0017951310846625,-0.0022063273215294,20000000.0,1,19,0.42
P2,P,28,-0.00029683104606,-0.0029459971410287,-0.0032428281870888,20000000.0,1,19,0.42
I1,I,28,,0.0025496798690879,0.0025496798690879,36127576.66586784,1,19,0.42
I2,I,28,,0.0012748399345439,0.0012748399345439,31539862.578426085,1,19,0.42
I3,I,28,,0.0015935499181799,0.0015935499181799,34100075.70112497,1,19,0.42
P1,P,29,-0.0003901356275221,-0.0018227213601069,-0.0022128569876291,20000000.0,1,19,0.42
P2,P,29,-0.0002822169329258,-0.002949222613243,-0.0032314395461688,20000000.0,1,19,0.42
I1,I,29,,0.0025496798690879,0.0025496798690879,35921993.93770836,1,19,0.42
I2,I,29,,0.0012748399345439,0.0012748399345439,31352167.55806712,1,19,0.42
I3,I,29,,0.0015935499181799,0.0015935499181799,33900695.01400035,1,19,0.42
P1,P,0,-0.0014885041787049,0.0,-0.0014885041787049,20000000.0,1,21,0.42
P2,P,0,-0.0017953296292802,0.0,-0.0017953296292802,20000000.0,1,21,0.42
I1,I,0,,0.0025429300513688,0.0025429300513688,40758806.88339727,1,21,0.42
I2,I,0,,0.0012714650256844,0.0012714650256844,35706947.011172906,1,21,0.42
I3,I,0,,,,,0,21,0.42
P1,P,1,-0.0013886849444261,0.0,-0.0013886849444261,20000000.0,1,21,0.42
P2,P,1,-0.0016528980106834,0.0,-0.0016528980106834,20000000.0,1,21,0.42
I1,I,1,,0.0025429300513688,0.0025429300513688,40771047.99264259,1,21,0.42
I2,I,1,,0.0012714650256844,0.0012714650256844,35958375.2629804,1,21,0.42
I3,I,1,,,,,0,21,0.42
P1,P,2,-0.0013918462327121,0.0,-0.0013918462327121,20000000.0,1,21,0.42
P2,P,2,-0.0016416889926465,0.0,-0.0016416889926465,20000000.0,1,21,0.42
I1,I,2,,0.0025429300513688,0.0025429300513688,41159060.2987323,1,21,0.42
I2,I,2,,0.0012714650256844,0.0012714650256844,36302333.6978806,1,21,0.42
I3,I,2,,,,,0,21,0.42
P1,P,3,-0.0014200285965116,0.0,-0.0014200285965116,20000000.0,1,21,0.42
P2,P,3,-0.0016661438008601,0.0,-0.0016661438008601,20000000.0,1,21,0.42
I1,I,3,,0.0025429300513688,0.0025429300513688,41469606.09065312,1,21,0.42
I2,I,3,,0.0012714650256844,0.0012714650256844,36564634.31967242,1,21,0.42
I3,I,3,,,,,0,21,0.42
P1,P,4,-0.0014548595716009,0.0,-0.0014548595716009,20000000.0,1,21,0.42
P2,P,4,-0.0017026640937143,0.0,-0.0017026640937143,20000000.0,1,21,0.42
I1,I,4,,0.0025429300513688,0.0025429300513688,41711322.57838668,1,21,0.42
I2,I,4,,0.0012714650256844,0.0012714650256844,36773021.30421992,1,21,0.42
I3,I,4,,,,,0,21,0.42
P1,P,5,-0.0015932642331551,0.0,-0.0015932642331551,20000000.0,1,21,0.42
P2,P,5,-0.0017154049819856,-7.329376621804071e-05,-0.0017886987482036,20000000.0,1,21,0.42
I1,I,5,,0.0025429300513688,0.0025429300513688,42514771.88840556,1,21,0.42
I2,I,5,,0.0012714650256844,0.0012714650256844,37514196.86634416,1,21,0.42
I3,I,5,,,,,0,21,0.42
P1,P,6,-0.0016832664464315,0.0,-0.0016832664464315,20000000.0,1,21,0.42
P2,P,6,-0.001512105353971,-0.0004349823362335,-0.0019470876902046,20000000.0,1,21,0.42
I1,I,6,,0.0025429300513688,0.0025429300513688,42762413.54773635,1,21,0.42
I2,I,6,,0.0012714650256844,0.0012714650256844,37701815.303058766,1,21,0.42
I3,I,6,,,,,0,21,0.42
P1,P,7,-0.0016901756786492,-6.396028744427506e-06,-0.0016965717073936,20000000.0,1,21,0.42
P2,P,7,-0.0013139390152414,-0.0008396017056161,-0.0021535407208576,20000000.0,1,21,0.42
I1,I,7,,0.0025429300513688,0.0025429300513688,42568355.20264207,1,21,0.42
I2,I,7,,0.0012714650256844,0.0012714650256844,37460672.56343359,1,21,0.42
I3,I,7,,,,,0,21,0.42
P1,P,8,-0.0015861817744193,-0.000108255866701,-0.0016944376411204,20000000.0,1,21,0.42
P2,P,8,-0.0011618694702549,-0.0011307186007304,-0.0022925880709853,20000000.0,1,21,0.42
I1,I,8,,0.0025429300513688,0.0025429300513688,42077779.84581678,1,21,0.42
I2,I,8,,0.0012714650256844,0.0012714650256844,36958176.17218963,1,21,0.42
I3,I,8,,,,,0,21,0.42
P1,P,9,-0.0014499000228416,-0.0002817286212018,-0.0017316286440434,20000000.0,1,21,0.42
P2,P,9,-0.0010308233653357,-0.001323587496636,-0.0023544108619717,20000000.0,1,21,0.42
I1,I,9,,0.0025429300513688,0.0025429300513688,41373099.37829752,1,21,0.42
I2,I,9,,0.0012714650256844,0.0012714650256844,36271381.14550641,1,21,0.42
I3,I,9,,,,,0,21,0.42
P1,P,10,-0.0013083399801043,-0.000436745418895,-0.0017450853989994,20000000.0,1,21,0.42
P2,P,10,-0.0009121945625614,-0.0014575983947514,-0.0023697929573129,20000000.0,1,21,0.42
I1,I,10,,0.0025429300513688,0.0025429300513688,40582025.89155949,1,21,0.42
I2,I,10,,0.0012714650256844,0.0012714650256844,35508825.199533045,1,21,0.42
I3,I,10,,,,,0,21,0.42
P1,P,11,-0.0011703902285998,-0.0005644340423102,-0.0017348242709101,20000000.0,1,21,0.42
P2,P,11,-0.0008078409407753,-0.0015552803286881,-0.0023631212694634,20000000.0,1,21,0.42
I1,I,11,,0.0025429300513688,0.0025429300513688,39801060.04417299,1,21,0.42
I2,I,11,,0.0012714650256844,0.0012714650256844,34757956.83359431,1,21,0.42
I3,I,11,,,,,0,21,0.42
P1,P,12,-0.0010449170510138,-0.0006654425109615,-0.0017103595619753,20000000.0,1,21,0.42
P2,P,12,-0.0007194577892315,-0.0016295290243633,-0.0023489868135948,20000000.0,1,21,0.42
I1,I,12,,0.0025429300513688,0.0025429300513688,39084972.31388244,1,21,0.42
I2,I,12,,0.0012714650256844,0.0012714650256844,34070413.163063176,1,21,0.42
I3,I,12,,,,,0,21,0.42
P1,P,13,-0.0009414390369978,-0.0007443953180979,-0.0016858343550957,20000000.0,1,21,0.42
P2,P,13,-0.0006458166560759,-0.0016876549523224,-0.0023334716083984,20000000.0,1,21,0.42
I1,I,13,,0.0025429300513688,0.0025429300513688,38446061.98823944,1,21,0.42
I2,I,13,,0.0012714650256844,0.0012714650256844,33458653.090314023,1,21,0.42
I3,I,13,,,,,0,21,0.42
P1,P,14,-0.0008574785376931,-0.000806993516568,-0.0016644720542612,20000000.0,1,21,0.42
P2,P,14,-0.0005845626827053,-0.0017341971318512,-0.0023187598145565,20000000.0,1,21,0.42
I1,I,14,,0.0025429300513688,0.0025429300513688,37881388.29249676,1,21,0.42
I2,I,14,,0.0012714650256844,0.0012714650256844,32919914.474538915,1,21,0.42
I3,I,14,,,,,0,21,0.42
P1,P,15,-0.0007877595406028,-0.0008592237095879,-0.0016469832501907,20000000.0,1,21,0.42
P2,P,15,-0.0005332809749747,-0.0017722138130714,-0.0023054947880461,20000000.0,1,21,0.42
I1,I,15,,0.0025429300513688,0.0025429300513688,37383053.017263584,1,21,0.42
I2,I,15,,0.0012714650256844,0.0012714650256844,32446364.848590832,1,21,0.42
I3,I,15,,,,,0,21,0.42
P1,P,16,-0.0007280095218389,-0.0009057675779003,-0.0016337770997392,20000000.0,1,21,0.42
P2,P,16,-0.0004898255373886,-0.0018037912464506,-0.0022936167838392,20000000.0,1,21,0.42
I1,I,16,,0.0025429300513688,0.0025429300513688,36941018.30146202,1,21,0.42
I2,I,16,,0.0012714650256844,0.0012714650256844,32028111.59394717,1,21,0.42
I3,I,16,,,,,0,21,0.42
P1,P,17,-0.0006755166814711,-0.0009492709320512,-0.0016247876135224,20000000.0,1,21,0.42
P2,P,17,-0.0004525343449828,-0.0018302743951007,-0.0022828087400836,20000000.0,1,21,0.42
I1,I,17,,0.0025429300513688,0.0025429300513688,36545114.38218672,1,21,0.42
I2,I,17,,0.0012714650256844,0.0012714650256844,31655113.84818549,1,21,0.42
I3,I,17,,,,,0,21,0.42
P1,P,18,-0.0006288279973131,-0.0009905503167596,-0.0016193783140727,20000000.0,1,21,0.42
P2,P,18,-0.0004202437545786,-0.001852278344478,-0.0022725220990567,20000000.0,1,21,0.42
I1,I,18,,0.0025429300513688,0.0025429300513688,36187161.97204472,1,21,0.42
I2,I,18,,0.0012714650256844,0.0012714650256844,31319288.261014964,1,21,0.42
I3,I,18,,,,,0,21,0.42
P1,P,19,-0.0005869661062923,-0.0010296074397708,-0.0016165735460631,20000000.0,1,21,0.42
P2,P,19,-0.0003920640347207,-0.0018704092929568,-0.0022624733276775,20000000.0,1,21,0.42
I1,I,19,,0.0025429300513688,0.0025429300513688,35861623.518069714,1,21,0.42
I2,I,19,,0.0012714650256844,0.0012714650256844,31015060.34784589,1,21,0.42
I3,I,19,,,,,0,21,0.42
P1,P,20,-0.0005493566456553,-0.0010663957736502,-0.0016157524193055,20000000.0,1,21,0.42
P2,P,20,-0.0003672745630304,-0.0018853736242214,-0.0022526481872518,20000000.0,1,21,0.42
I1,I,20,,0.0025429300513688,0.0025429300513688,35564268.03267973,1,21,0.42
I2,I,20,,0.0012714650256844,0.0012714650256844,30738126.451599486,1,21,0.42
I3,I,20,,,,,0,21,0.42
P1,P,21,-0.0005156860726728,-0.0011013000558543,-0.0016169861285271,20000000.0,1,21,0.42
P2,P,21,-0.0003452627686391,-0.0018975255232155,-0.0022427882918547,20000000.0,1,21,0.42
I1,I,21,,0.0025429300513688,0.0025429300513688,35290974.67060953,1,21,0.42
I2,I,21,,0.0012714650256844,0.0012714650256844,30484402.906158675,1,21,0.42
I3,I,21,,,,,0,21,0.42
P1,P,22,-0.0005896539309537,-0.0014602161190373,-0.0020498700499911,20000000.0,1,21,0.42
P2,P,22,-0.0003907656028486,-0.0024667784952151,-0.0028575440980638,20000000.0,1,21,0.42
I1,I,22,,0.0025429300513688,0.0025429300513688,37563935.17577045,1,21,0.42
I2,I,22,,0.0012714650256844,0.0012714650256844,32613242.71733588,1,21,0.42
I3,I,22,,0.0015893312821055,0.0015893312821055,35769114.33096222,1,21,0.42
P1,P,23,-0.000587145643517,-0.0016339608901009,-0.0022211065336179,20000000.0,1,21,0.42
P2,P,23,-0.0003885280822259,-0.0026777710835836,-0.0030662991658096,20000000.0,1,21,0.42
I1,I,23,,0.0025429300513688,0.0025429300513688,37897879.94010467,1,21,0.42
I2,I,23,,0.0012714650256844,0.0012714650256844,32922534.43608737,1,21,0.42
I3,I,23,,0.0015893312821055,0.0015893312821055,35915885.83328265,1,21,0.42
P1,P,24,-0.0005579126782354,-0.0017208446659641,-0.0022787573441995,20000000.0,1,21,0.42
P2,P,24,-0.0003710369918184,-0.0027571310297032,-0.0031281680215217,20000000.0,1,21,0.42
I1,I,24,,0.0025429300513688,0.0025429300513688,37794179.86383911,1,21,0.42
I2,I,24,,0.0012714650256844,0.0012714650256844,32827728.71372288,1,21,0.42
I3,I,24,,0.0015893312821055,0.0015893312821055,35759048.37101378,1,21,0.42
P1,P,25,-0.0005236056014812,-0.0017752626534388,-0.0022988682549201,20000000.0,1,21,0.42
P2,P,25,-0.0003504513286022,-0.002790081631806,-0.0031405329604082,20000000.0,1,21,0.42
I1,I,25,,0.0025429300513688,0.0025429300513688,37569905.58739889,1,21,0.42
I2,I,25,,0.0012714650256844,0.0012714650256844,32620070.3021212,1,21,0.42
I3,I,25,,0.0015893312821055,0.0015893312821055,35514409.5867323,1,21,0.42
P1,P,26,-0.0004908152247925,-0.0018168508052344,-0.0023076660300269,20000000.0,1,21,0.42
P2,P,26,-0.0003305400129998,-0.002806377398674,-0.0031369174116738,20000000.0,1,21,0.42
I1,I,26,,0.0025429300513688,0.0025429300513688,37321705.69248092,1,21,0.42
I2,I,26,,0.0012714650256844,0.0012714650256844,32390071.61040701,1,21,0.42
I3,I,26,,0.0015893312821055,0.0015893312821055,35258499.95471139,1,21,0.42
P1,P,27,-0.0004610832198542,-0.001852086415865,-0.0023131696357192,20000000.0,1,21,0.42
P2,P,27,-0.0003122000944449,-0.0028164355925359,-0.0031286356869809,20000000.0,1,21,0.42
I1,I,27,,0.0025429300513688,0.0025429300513688,37079258.59875719,1,21,0.42
I2,I,27,,0.0012714650256844,0.0012714650256844,32165529.495471727,1,21,0.42
I3,I,27,,0.0015893312821055,0.0015893312821055,35014125.52945659,1,21,0.42
P1,P,28,-0.0004344486034165,-0.0018833452370212,-0.0023177938404378,20000000.0,1,21,0.42
P2,P,28,-0.0002955018304863,-0.0028237982668152,-0.0031193000973016,20000000.0,1,21,0.42
I1,I,28,,0.0025429300513688,0.0025429300513688,36850798.34983018,1,21,0.42
I2,I,28,,0.0012714650256844,0.0012714650256844,31954144.76103239,1,21,0.42
I3,I,28,,0.0015893312821055,0.0015893312821055,34786692.41190651,1,21,0.42
P1,P,29,-0.0004105794353875,-0.0019116466382862,-0.0023222260736737,20000000.0,1,21,0.42
P2,P,29,-0.0002803309934292,-0.0028297282813333,-0.0031100592747626,20000000.0,1,21,0.42
I1,I,29,,0.0025429300513688,0.0025429300513688,36637768.18201815,1,21,0.42
I2,I,29,,0.0012714650256844,0.0012714650256844,31757248.56846272,1,21,0.42
I3,I,29,,0.0015893312821055,0.0015893312821055,34576310.36895262,1,21,0.42
P1,P,0,-0.0016263201703604,0.0,-0.0016263201703604,20000000.0,1,17,0.42
P2,P,0,-0.0017856153731246,0.0,-0.0017856153731246,20000000.0,1,17,0.42
I1,I,0,,0.0025433168705508,0.0025433168705508,40290311.259613134,1,17,0.42
I2,I,0,,0.0012716584352754,0.0012716584352754,36084037.3183359,1,17,0.42
I3,I,0,,,,,0,17,0.42
P1,P,1,-0.0015063768733846,0.0,-0.0015063768733846,20000000.0,1,17,0.42
P2,P,1,-0.001646951528464,0.0,-0.001646951528464,20000000.0,1,17,0.42
I1,I,1,,0.0025433168705508,0.0025433168705508,40379259.46968578,1,17,0.42
I2,I,1,,0.0012716584352754,0.0012716584352754,36265447.97118009,1,17,0.42
I3,I,1,,,,,0,17,0.42
P1,P,2,-0.0015012010708362,0.0,-0.0015012010708362,20000000.0,1,17,0.42
P2,P,2,-0.0016325649171234,0.0,-0.0016325649171234,20000000.0,1,17,0.42
I1,I,2,,0.0025433168705508,0.0025433168705508,40751653.98274751,1,17,0.42
I2,I,2,,0.0012716584352754,0.0012716584352754,36565478.8719343,1,17,0.42
I3,I,2,,,,,0,17,0.42
P1,P,3,-0.0015253115659862,0.0,-0.0015253115659862,20000000.0,1,17,0.42
P2,P,3,-0.0016523649707127,0.0,-0.0016523649707127,20000000.0,1,17,0.42
I1,I,3,,0.0025433168705508,0.0025433168705508,41031506.228802025,1,17,0.42
I2,I,3,,0.0012716584352754,0.0012716584352754,36790640.234119445,1,17,0.42
I3,I,3,,,,,0,17,0.42
P1,P,4,-0.0015578160507018,0.0,-0.0015578160507018,20000000.0,1,17,0.42
P2,P,4,-0.0016839879660677,0.0,-0.0016839879660677,20000000.0,1,17,0.42
I1,I,4,,0.0025433168705508,0.0025433168705508,41239946.88944623,1,17,0.42
I2,I,4,,0.0012716584352754,0.0012716584352754,36964508.20437835,1,17,0.42
I3,I,4,,,,,0,17,0.42
P1,P,5,-0.0016890292563425,0.0,-0.0016890292563425,20000000.0,1,17,0.42
P2,P,5,-0.0016899399445621,-6.349081052079007e-05,-0.0017534307550829,20000000.0,1,17,0.42
I1,I,5,,0.0025433168705508,0.0025433168705508,41913409.0599128,1,17,0.42
I2,I,5,,0.0012716584352754,0.0012716584352754,37578193.6809109,1,17,0.42
I3,I,5,,,,,0,17,0.42
P1,P,6,-0.0017737022756649,0.0,-0.0017737022756649,20000000.0,1,17,0.42
P2,P,6,-0.0014990865958662,-0.0003886470273111,-0.0018877336231774,20000000.0,1,17,0.42
I1,I,6,,0.0025433168705508,0.0025433168705508,42075623.85026483,1,17,0.42
I2,I,6,,0.0012716584352754,0.0012716584352754,37691143.09664036,1,17,0.42
I3,I,6,,,,,0,17,0.42
P1,P,7,-0.0017866542596713,-1.8160262649053025e-06,-0.0017884702859362,20000000.0,1,17,0.42
P2,P,7,-0.0013091768351467,-0.0007612215377898,-0.0020703983729366,20000000.0,1,17,0.42
I1,I,7,,0.0025433168705508,0.0025433168705508,41840836.31891277,1,17,0.42
I2,I,7,,0.0012716584352754,0.0012716584352754,37420644.19725833,1,17,0.42
I3,I,7,,,,,0,17,0.42
P1,P,8,-0.0016672610729933,-9.780870279123574e-05,-0.0017650697757846,20000000.0,1,17,0.42
P2,P,8,-0.0011542147123765,-0.0010516380640274,-0.002205852776404,20000000.0,1,17,0.42
I1,I,8,,0.0025433168705508,0.0025433168705508,41350442.62105258,1,17,0.42
I2,I,8,,0.0012716584352754,0.0012716584352754,36923269.02856106,1,17,0.42
I3,I,8,,,,,0,17,0.42
P1,P,9,-0.0015040611582004,-0.0003032157322934,-0.0018072768904939,20000000.0,1,17,0.42
P2,P,9,-0.0010151990857212,-0.0012593655192818,-0.0022745646050031,20000000.0,1,17,0.42
I1,I,9,,0.0025433168705508,0.0025433168705508,40626920.99461407,1,17,0.42
I2,I,9,,0.0012716584352754,0.0012716584352754,36221808.17255968,1,17,0.42
I3,I,9,,,,,0,17,0.42
P1,P,10,-0.001346767771907,-0.0004866493610796,-0.0018334171329866,20000000.0,1,17,0.42
P2,P,10,-0.0008896801505681,-0.0014013864260304,-0.0022910665765986,20000000.0,1,17,0.42
I1,I,10,,0.0025433168705508,0.0025433168705508,39790900.989634,1,17,0.42
I2,I,10,,0.0012716584352754,0.0012716584352754,35419881.16816694,1,17,0.42
I3,I,10,,,,,0,17,0.42
P1,P,11,-0.0012044736428122,-0.0006274757146051,-0.0018319493574174,20000000.0,1,17,0.42
P2,P,11,-0.0007812668633046,-0.0014972139079977,-0.0022784807713023,20000000.0,1,17,0.42
I1,I,11,,0.0025433168705508,0.0025433168705508,38958356.419346325,1,17,0.42
I2,I,11,,0.0012716584352754,0.0012716584352754,34623670.67482111,1,17,0.42
I3,I,11,,,,,0,17,0.42
P1,P,12,-0.0010779234883904,-0.0007311824987064,-0.0018091059870969,20000000.0,1,17,0.42
P2,P,12,-0.0006914348984961,-0.0015649969287234,-0.0022564318272195,20000000.0,1,17,0.42
I1,I,12,,0.0025433168705508,0.0025433168705508,38204097.3227291,1,17,0.42
I2,I,12,,0.0012716584352754,0.0012716584352754,33903213.48451801,1,17,0.42
I3,I,12,,,,,0,17,0.42
P1,P,13,-0.0009704085407907,-0.000808993750029,-0.0017794022908198,20000000.0,1,17,0.42
P2,P,13,-0.000618567420469,-0.0016168203105007,-0.0022353877309697,20000000.0,1,17,0.42
I1,I,13,,0.0025433168705508,0.0025433168705508,37552748.1868624,1,17,0.42
I2,I,13,,0.0012716584352754,0.0012716584352754,33282075.021375798,1,17,0.42
I3,I,13,,,,,0,17,0.42
P1,P,14,-0.0008845380937284,-0.0008717187264332,-0.0017562568201616,20000000.0,1,17,0.42
P2,P,14,-0.0005591566890177,-0.0016581417243303,-0.0022172984133481,20000000.0,1,17,0.42
I1,I,14,,0.0025433168705508,0.0025433168705508,36991466.35112506,1,17,0.42
I2,I,14,,0.0012716584352754,0.0012716584352754,32748567.150054622,1,17,0.42
I3,I,14,,,,,0,17,0.42
P1,P,15,-0.0008149404931048,-0.0009245319028254,-0.0017394723959302,20000000.0,1,17,0.42
P2,P,15,-0.0005099505506589,-0.0016919723222947,-0.0022019228729536,20000000.0,1,17,0.42
I1,I,15,,0.0025433168705508,0.0025433168705508,36503247.17081546,1,17,0.42
I2,I,15,,0.0012716584352754,0.0012716584352754,32286304.212221663,1,17,0.42
I3,I,15,,,,,0,17,0.42
P1,P,16,-0.0007557209553186,-0.0009709452800525,-0.0017266662353711,20000000.0,1,17,0.42
P2,P,16,-0.0004686357061588,-0.0017204192813867,-0.0021890549875456,20000000.0,1,17,0.42
I1,I,16,,0.0025433168705508,0.0025433168705508,36075360.738323726,1,17,0.42
I2,I,16,,0.0012716584352754,0.0012716584352754,31882740.38079864,1,17,0.42
I3,I,16,,,,,0,17,0.42
P1,P,17,-0.0007035915800348,-0.0010140131682422,-0.0017176047482771,20000000.0,1,17,0.42
P2,P,17,-0.0004334786632877,-0.0017445618318276,-0.0021780404951153,20000000.0,1,17,0.42
I1,I,17,,0.0025433168705508,0.0025433168705508,35696550.44605449,1,17,0.42
I2,I,17,,0.0012716584352754,0.0012716584352754,31526908.107218955,1,17,0.42
I3,I,17,,,,,0,17,0.42
P1,P,18,-0.000786525388287,-0.001348476866984,-0.002135002255271,20000000.0,1,17,0.42
P2,P,18,-0.0004772516003101,-0.0022660482789521,-0.0027432998792622,20000000.0,1,17,0.42
I1,I,18,,0.0025433168705508,0.0025433168705508,37926464.92721579,1,17,0.42
I2,I,18,,0.0012716584352754,0.0012716584352754,33624494.70526312,1,17,0.42
I3,I,18,,0.0015895730440942,0.0015895730440942,35658279.28112027,1,17,0.42
P1,P,19,-0.0007790764803493,-0.0015388940448789,-0.0023179705252283,20000000.0,1,17,0.42
P2,P,19,-0.0004706231597271,-0.0024904040583168,-0.0029610272180439,20000000.0,1,17,0.42
I1,I,19,,0.0025433168705508,0.0025433168705508,38250159.41986655,1,17,0.42
I2,I,19,,0.0012716584352754,0.0012716584352754,33923038.37391732,1,17,0.42
I3,I,19,,0.0015895730440942,0.0015895730440942,35818978.45257561,1,17,0.42
P1,P,20,-0.0007352154542035,-0.0016469598252267,-0.0023821752794303,20000000.0,1,17,0.42
P2,P,20,-0.0004463878069664,-0.0025881142489868,-0.0030345020559533,20000000.0,1,17,0.42
I1,I,20,,0.0025433168705508,0.0025433168705508,38111201.02754203,1,17,0.42
I2,I,20,,0.0012716584352754,0.0012716584352754,33793233.05936875,1,17,0.42
I3,I,20,,0.0015895730440942,0.0015895730440942,35633799.84234276,1,17,0.42
P1,P,21,-0.0006831780133132,-0.0017210587550744,-0.0024042367683877,20000000.0,1,17,0.42
P2,P,21,-0.0004183451500037,-0.0026347496249589,-0.0030530947749626,20000000.0,1,17,0.42
I1,I,21,,0.0025433168705508,0.0025433168705508,37832243.287898,1,17,0.42
I2,I,21,,0.0012716584352754,0.0012716584352754,33532290.59423674,1,17,0.42
I3,I,21,,0.0015895730440942,0.0015895730440942,35338099.016625546,1,17,0.42
P1,P,22,-0.0006327728262748,-0.0017805717810503,-0.0024133446073251,20000000.0,1,17,0.42
P2,P,22,-0.000391267223361,-0.0026598660463856,-0.0030511332697466,20000000.0,1,17,0.42
I1,I,22,,0.0025433168705508,0.0025433168705508,37521259.54846878,1,17,0.42
I2,I,22,,0.0012716584352754,0.0012716584352754,33241765.697171923,1,17,0.42
I3,I,22,,0.0015895730440942,0.0015895730440942,35022164.40346605,1,17,0.42
P1,P,23,-0.0005870097325983,-0.0018322313051224,-0.0024192410377208,20000000.0,1,17,0.42
P2,P,23,-0.0003665099544765,-0.0026750817392778,-0.0030415916937544,20000000.0,1,17,0.42
I1,I,23,,0.0025433168705508,0.0025433168705508,37215442.16709445,1,17,0.42
I2,I,23,,0.0012716584352754,0.0012716584352754,32956613.817468945,1,17,0.42
I3,I,23,,0.0015895730440942,0.0015895730440942,34716880.13128683,1,17,0.42
P1,P,24,-0.000546529866531,-0.0018785821592064,-0.0024251120257375,20000000.0,1,17,0.42
P2,P,24,-0.0003442011657464,-0.0026851336056951,-0.0030293347714416,20000000.0,1,17,0.42
I1,I,24,,0.0025433168705508,0.0025433168705508,36926025.973664336,1,17,0.42
I2,I,24,,0.0012716584352754,0.0012716584352754,32687268.416214757,1,17,0.42
I3,I,24,,0.0015895730440942,0.0015895730440942,34430786.23278912,1,17,0.42
P1,P,25,-0.0005109165350557,-0.0019202830040711,-0.0024311995391269,20000000.0,1,17,0.42
P2,P,25,-0.0003241198466678,-0.0026923415478121,-0.00301646139448,20000000.0,1,17,0.42
I1,I,25,,0.0025433168705508,0.0025433168705508,36656077.47636752,1,17,0.42
I2,I,25,,0.0012716584352754,0.0012716584352754,32436447.397519924,1,17,0.42
I3,I,25,,0.0015895730440942,0.0015895730440942,34165625.63564344,1,17,0.42
P1,P,26,-0.000479477152846,-0.0019578782871957,-0.0024373554400417,20000000.0,1,17,0.42
P2,P,26,-0.0003059739552657,-0.0026979685467576,-0.0030039425020234,20000000.0,1,17,0.42
I1,I,26,,0.0025433168705508,0.0025433168705508,36405554.93747373,1,17,0.42
I2,I,26,,0.0012716584352754,0.0012716584352754,32203984.844344776,1,17,0.42
I3,I,26,,0.0015895730440942,0.0015895730440942,33920657.14730918,1,17,0.42
P1,P,27,-0.0004515289759803,-0.0019918645775706,-0.002443393553551,20000000.0,1,17,0.42
P2,P,27,-0.0002895095992214,-0.0027026677470871,-0.0029921773463085,20000000.0,1,17,0.42
I1,I,27,,0.0025433168705508,0.0025433168705508,36173413.20875644,1,17,0.42
I2,I,27,,0.0012716584352754,0.0012716584352754,31988825.16201504,1,17,0.42
I3,I,27,,0.0015895730440942,0.0015895730440942,33694446.76737273,1,17,0.42
P1,P,28,-0.0004264616606058,-0.0020228682820057,-0.0024493299426116,20000000.0,1,17,0.42
P2,P,28,-0.0002745172543009,-0.0027067015269989,-0.0029812187812999,20000000.0,1,17,0.42
I1,I,28,,0.0025433168705508,0.0025433168705508,35958145.33957408,1,17,0.42
I2,I,28,,0.0012716584352754,0.0012716584352754,31789524.736807875,1,17,0.42
I3,I,28,,0.0015895730440942,0.0015895730440942,33485267.94889436,1,17,0.42
P1,P,29,-0.0004037953063571,-0.002051361693556,-0.0024551569999132,20000000.0,1,17,0.42
P2,P,29,-0.0002608237196378,-0.0027101978637349,-0.0029710215833727,20000000.0,1,17,0.42
I1,I,29,,0.0025433168705508,0.0025433168705508,35758221.7889355,1,17,0.42
I2,I,29,,0.0012716584352754,0.0012716584352754,31604637.730635826,1,17,0.42
I3,I,29,,0.0015895730440942,0.0015895730440942,33291462.127105538,1,17,0.42
P1,P,0,-0.0016999457603185,0.0,-0.0016999457603185,20000000.0,1,16,0.42
P2,P,0,-0.0016102866520327,0.0,-0.0016102866520327,20000000.0,1,16,0.42
I1,I,0,,0.0025353378286494,0.0025353378286494,41139748.67021596,1,16,0.42
I2,I,0,,0.0012676689143247,0.0012676689143247,35821052.17495329,1,16,0.42
I3,I,0,,,,,0,16,0.42
P1,P,1,-0.0015683893291876,0.0,-0.0015683893291876,20000000.0,1,16,0.42
P2,P,1,-0.0015018491663431,0.0,-0.0015018491663431,20000000.0,1,16,0.42
I1,I,1,,0.0025353378286494,0.0025353378286494,41106949.67200049,1,16,0.42
I2,I,1,,0.0012676689143247,0.0012676689143247,36061594.32824477,1,16,0.42
I3,I,1,,,,,0,16,0.42
P1,P,2,-0.0015643929330506,0.0,-0.0015643929330506,20000000.0,1,16,0.42
P2,P,2,-0.0014986968820478,0.0,-0.0014986968820478,20000000.0,1,16,0.42
I1,I,2,,0.0025353378286494,0.0025353378286494,41463042.461611226,1,16,0.42
I2,I,2,,0.0012676689143247,0.0012676689143247,36394142.99194646,1,16,0.42
I3,I,2,,,,,0,16,0.42
P1,P,3,-0.0015924052623065,0.0,-0.0015924052623065,20000000.0,1,16,0.42
P2,P,3,-0.0015227392167811,0.0,-0.0015227392167811,20000000.0,1,16,0.42
I1,I,3,,0.0025353378286494,0.0025353378286494,41747579.82197888,1,16,0.42
I2,I,3,,0.0012676689143247,0.0012676689143247,36646418.25711372,1,16,0.42
I3,I,3,,,,,0,16,0.42
P1,P,4,-0.0016292406185013,0.0,-0.0016292406185013,20000000.0,1,16,0.42
P2,P,4,-0.001555560124794,0.0,-0.001555560124794,20000000.0,1,16,0.42
I1,I,4,,0.0025353378286494,0.0025353378286494,41968044.60727544,1,16,0.42
I2,I,4,,0.0012676689143247,0.0012676689143247,36845149.18818147,1,16,0.42
I3,I,4,,,,,0,16,0.42
P1,P,5,-0.0017746549006113,0.0,-0.0017746549006113,20000000.0,1,16,0.42
P2,P,5,-0.0015811712314695,-5.400528699444097e-05,-0.001635176518464,20000000.0,1,16,0.42
I1,I,5,,0.0025353378286494,0.0025353378286494,42700291.62680087,1,16,0.42
I2,I,5,,0.0012676689143247,0.0012676689143247,37535442.49651052,1,16,0.42
I3,I,5,,,,,0,16,0.42
P1,P,6,-0.0018709330931205,0.0,-0.0018709330931205,20000000.0,1,16,0.42
P2,P,6,-0.0014118919757818,-0.0003467777397788,-0.0017586697155606,20000000.0,1,16,0.42
I1,I,6,,0.0025353378286494,0.0025353378286494,42916865.54869589,1,16,0.42
I2,I,6,,0.0012676689143247,0.0012676689143247,37716464.57866536,1,16,0.42
I3,I,6,,,,,0,16,0.42
P1,P,7,-0.0018659966330932,-2.137543644694579e-05,-0.0018873720695401,20000000.0,1,16,0.42
P2,P,7,-0.0012384043563528,-0.0006945780955114,-0.0019329824518643,20000000.0,1,16,0.42
I1,I,7,,0.0025353378286494,0.0025353378286494,42738314.58638587,1,16,0.42
I2,I,7,,0.0012676689143247,0.0012676689143247,37511184.074060224,1,16,0.42
I3,I,7,,,,,0,16,0.42
P1,P,8,-0.0017445509983984,-0.0001824124977684,-0.0019269634961669,20000000.0,1,16,0.42
P2,P,8,-0.001094488844443,-0.0009581561887746,-0.0020526450332176,20000000.0,1,16,0.42
I1,I,8,,0.0025353378286494,0.0025353378286494,42230264.87997054,1,16,0.42
I2,I,8,,0.0012676689143247,0.0012676689143247,37007003.44439677,1,16,0.42
I3,I,8,,,,,0,16,0.42
P1,P,9,-0.0015888671314231,-0.0003839813463589,-0.001972848477782,20000000.0,1,16,0.42
P2,P,9,-0.0009641243596053,-0.0011441234694916,-0.0021082478290969,20000000.0,1,16,0.42
I1,I,9,,0.0025353378286494,0.0025353378286494,41497978.14199787,1,16,0.42
I2,I,9,,0.0012676689143247,0.0012676689143247,36299251.36320956,1,16,0.42
I3,I,9,,,,,0,16,0.42
P1,P,10,-0.0014172148786012,-0.0005536350767207,-0.001970849955322,20000000.0,1,16,0.42
P2,P,10,-0.0008462737255594,-0.0012800696187829,-0.0021263433443423,20000000.0,1,16,0.42
I1,I,10,,0.0025353378286494,0.0025353378286494,40698464.945581146,1,16,0.42
I2,I,10,,0.0012676689143247,0.0012676689143247,35528456.23715368,1,16,0.42
I3,I,10,,,,,0,16,0.42
P1,P,11,-0.0012527382960787,-0.0006999240656929,-0.0019526623617717,20000000.0,1,16,0.42
P2,P,11,-0.0007447330311239,-0.0013808919634053,-0.0021256249945292,20000000.0,1,16,0.42
I1,I,11,,0.0025353378286494,0.0025353378286494,39914672.3744367,1,16,0.42
I2,I,11,,0.0012676689143247,0.0012676689143247,34773216.37266067,1,16,0.42
I3,I,11,,,,,0,16,0.42
P1,P,12,-0.0011110498579044,-0.0008104307696385,-0.001921480627543,20000000.0,1,16,0.42
P2,P,12,-0.0006604901114801,-0.0014570593544408,-0.002117549465921,20000000.0,1,16,0.42
I1,I,12,,0.0025353378286494,0.0025353378286494,39199699.66700952,1,16,0.42
I2,I,12,,0.0012676689143247,0.0012676689143247,34084402.26952628,1,16,0.42
I3,I,12,,,,,0,16,0.42
P1,P,13,-0.0009992399961947,-0.0008944827924258,-0.0018937227886205,20000000.0,1,16,0.42
P2,P,13,-0.0005911999570204,-0.0015154958705309,-0.0021066958275513,20000000.0,1,16,0.42
I1,I,13,,0.0025353378286494,0.0025353378286494,38561230.71646506,1,16,0.42
I2,I,13,,0.0012676689143247,0.0012676689143247,33470703.827567022,1,16,0.42
I3,I,13,,,,,0,16,0.42
P1,P,14,-0.000909539114183,-0.0009618224049136,-0.0018713615190967,20000000.0,1,16,0.42
P2,P,14,-0.0005339237549161,-0.0015609483073645,-0.0020948720622806,20000000.0,1,16,0.42
I1,I,14,,0.0025353378286494,0.0025353378286494,37994217.32190431,1,16,0.42
I2,I,14,,0.0012676689143247,0.0012676689143247,32927588.626340084,1,16,0.42
I3,I,14,,,,,0,16,0.42
P1,P,15,-0.0008344537965679,-0.0010198494647376,-0.0018543032613055,20000000.0,1,16,0.42
P2,P,15,-0.0004861296668372,-0.001596860524114,-0.0020829901909512,20000000.0,1,16,0.42
I1,I,15,,0.0025353378286494,0.0025353378286494,37490383.5779729,1,16,0.42
I2,I,15,,0.0012676689143247,0.0012676689143247,32446900.568116173,1,16,0.42
I3,I,15,,,,,0,16,0.42
P1,P,16,-0.0007693146136399,-0.0010729384040164,-0.0018422530176564,20000000.0,1,16,0.42
P2,P,16,-0.0004457695251985,-0.0016256745797792,-0.0020714441049777,20000000.0,1,16,0.42
I1,I,16,,0.0025353378286494,0.0025353378286494,37040279.3997895,1,16,0.42
I2,I,16,,0.0012676689143247,0.0012676689143247,32019206.465989683,1,16,0.42
I3,I,16,,,,,0,16,0.42
P1,P,17,-0.0008444587545529,-0.0014321781164038,-0.0022766368709568,20000000.0,1,16,0.42
P2,P,17,-0.0004810325815088,-0.0021069555019915,-0.0025879880835004,20000000.0,1,16,0.42
I1,I,17,,0.0025353378286494,0.0025353378286494,39271009.45663551,1,16,0.42
I2,I,17,,0.0012676689143247,0.0012676689143247,34100154.434437275,1,16,0.42
I3,I,17,,0.0015845861429059,0.0015845861429059,36621231.83311387,1,16,0.42
P1,P,18,-0.0008286211994447,-0.0016469005130883,-0.0024755217125331,20000000.0,1,16,0.42
P2,P,18,-0.0004704406658538,-0.002325363170284,-0.0027958038361379,20000000.0,1,16,0.42
I1,I,18,,0.0025353378286494,0.0025353378286494,39576182.762052186,1,16,0.42
I2,I,18,,0.0012676689143247,0.0012676689143247,34385220.47668672,1,16,0.42
I3,I,18,,0.0015845861429059,0.0015845861429059,36743129.89570484,1,16,0.42
P1,P,19,-0.0007771726443105,-0.0017728720425414,-0.0025500446868519,20000000.0,1,16,0.42
P2,P,19,-0.0004435742509605,-0.0024230738530545,-0.0028666481040151,20000000.0,1,16,0.42
I1,I,19,,0.0025353378286494,0.0025353378286494,39399195.36594678,1,16,0.42
I2,I,19,,0.0012676689143247,0.0012676689143247,34219555.7670015,1,16,0.42
I3,I,19,,0.0015845861429059,0.0015845861429059,36514782.39624192,1,16,0.42
P1,P,20,-0.0007191652906614,-0.001858197351338,-0.0025773626419994,20000000.0,1,16,0.42
P2,P,20,-0.0004134023669685,-0.0024696485508764,-0.0028830509178449,20000000.0,1,16,0.42
I1,I,20,,0.0025353378286494,0.0025353378286494,39071717.07604558,1,16,0.42
I2,I,20,,0.0012676689143247,0.0012676689143247,33911065.23660432,1,16,0.42
I3,I,20,,0.0015845861429059,0.0015845861429059,36168476.742261946,1,16,0.42
P1,P,21,-0.0006645445827776,-0.001923636142112,-0.0025881807248896,20000000.0,1,16,0.42
P2,P,21,-0.0003845824776264,-0.0024942524970904,-0.0028788349747169,20000000.0,1,16,0.42
I1,I,21,,0.0025353378286494,0.0025353378286494,38711096.07072186,1,16,0.42
I2,I,21,,0.0012676689143247,0.0012676689143247,33571283.96015637,1,16,0.42
I3,I,21,,0.0015845861429059,0.0015845861429059,35801694.395036966,1,16,0.42
P1,P,22,-0.0006158185319857,-0.0019782020933694,-0.0025940206253551,20000000.0,1,16,0.42
P2,P,22,-0.0003584913476035,-0.0025087207175907,-0.0028672120651943,20000000.0,1,16,0.42
I1,I,22,,0.0025353378286494,0.0025353378286494,38359533.94206392,1,16,0.42
I2,I,22,,0.0012676689143247,0.0012676689143247,33240445.543841053,1,16,0.42
I3,I,22,,0.0015845861429059,0.0015845861429059,35449780.71835437,1,16,0.42
P1,P,23,-0.0005730163166391,-0.0020257093353701,-0.0025987256520092,20000000.0,1,16,0.42
P2,P,23,-0.0003353020078883,-0.0025180768742335,-0.0028533788821219,20000000.0,1,16,0.42
I1,I,23,,0.0025353378286494,0.0025353378286494,38030758.5528816,1,16,0.42
I2,I,23,,0.0012676689143247,0.0012676689143247,32931560.800735746,1,16,0.42
I3,I,23,,0.0015845861429059,0.0015845861429059,35123581.39371737,1,16,0.42
P1,P,24,-0.0005354087664154,-0.0020678869383477,-0.0026032957047632,20000000.0,1,16,0.42
P2,P,24,-0.0003147359665778,-0.0025247722648453,-0.0028395082314232,20000000.0,1,16,0.42
I1,I,24,,0.0025353378286494,0.0025353378286494,37727818.72598956,1,16,0.42
I2,I,24,,0.0012676689143247,0.0012676689143247,32647402.50654762,1,16,0.42
I3,I,24,,0.0015845861429059,0.0015845861429059,34824756.28629488,1,16,0.42
P1,P,25,-0.0005022028926501,-0.002105862949338,-0.0026080658419882,20000000.0,1,16,0.42
P2,P,25,-0.0002964006013136,-0.0025299589946395,-0.0028263595959531,20000000.0,1,16,0.42
I1,I,25,,0.0025353378286494,0.0025353378286494,37449597.43667995,1,16,0.42
I2,I,25,,0.0012676689143247,0.0012676689143247,32386825.334092457,1,16,0.42
I3,I,25,,0.0015845861429059,0.0015845861429059,34551475.188464984,1,16,0.42
P1,P,26,-0.0004726962851047,-0.0021401835182865,-0.0026128798033913,20000000.0,1,16,0.42
P2,P,26,-0.0002799450227269,-0.0025343328827893,-0.0028142779055162,20000000.0,1,16,0.42
I1,I,26,,0.0025353378286494,0.0025353378286494,37193831.55731657,1,16,0.42
I2,I,26,,0.0012676689143247,0.0012676689143247,32147577.18290749,1,16,0.42
I3,I,26,,0.0015845861429059,0.0015845861429059,34301068.36519482,1,16,0.42
P1,P,27,-0.0004462462195334,-0.0021714497821642,-0.0026176960016977,20000000.0,1,16,0.42
P2,P,27,-0.0002650783606391,-0.0025381648964136,-0.0028032432570528,20000000.0,1,16,0.42
I1,I,27,,0.0025353378286494,0.0025353378286494,36958092.1249488,1,16,0.42
I2,I,27,,0.0012676689143247,0.0012676689143247,31927313.60041577,1,16,0.42
I3,I,27,,0.0015845861429059,0.0015845861429059,34070880.59582781,1,16,0.42
P1,P,28,-0.0004223255263935,-0.0022001998286305,-0.002622525355024,20000000.0,1,16,0.42
P2,P,28,-0.0002515740643437,-0.0025415346509109,-0.0027931087152546,20000000.0,1,16,0.42
I1,I,28,,0.0025353378286494,0.0025353378286494,36740126.84604224,1,16,0.42
I2,I,28,,0.0012676689143247,0.0012676689143247,31723885.831033982,1,16,0.42
I3,I,28,,0.0015845861429059,0.0015845861429059,33858527.130651884,1,16,0.42
P1,P,29,-0.0004005118681794,-0.0022268982374067,-0.0026274101055861,20000000.0,1,16,0.42
P2,P,29,-0.0002392525106798,-0.0025444419365915,-0.0027836944472714,20000000.0,1,16,0.42
I1,I,29,,0.0025353378286494,0.0025353378286494,36537936.73151103,1,16,0.42
I2,I,29,,0.0012676689143247,0.0012676689143247,31535402.78001688,1,16,0.42
I3,I,29,,0.0015845861429059,0.0015845861429059,33661933.75323213,1,16,0.42
P1,P,0,-0.0017769163718873,0.0,-0.0017769163718873,20000000.0,1,2,0.42
P2,P,0,-0.0017085958538969,0.0,-0.0017085958538969,20000000.0,1,2,0.42
I1,I,0,,0.0025400411830852,0.0025400411830852,42280768.507977456,1,2,0.42
I2,I,0,,0.0012700205915426,0.0012700205915426,36261601.76525778,1,2,0.42
I3,I,0,,,,,0,2,0.42
P1,P,1,-0.0016359139034327,0.0,-0.0016359139034327,20000000.0,1,2,0.42
P2,P,1,-0.0015881416555729,0.0,-0.0015881416555729,20000000.0,1,2,0.42
I1,I,1,,0.0025400411830852,0.0025400411830852,42068995.51430274,1,2,0.42
I2,I,1,,0.0012700205915426,0.0012700205915426,36374408.22246676,1,2,0.42
I3,I,1,,,,,0,2,0.42
P1,P,2,-0.0016243207934019,0.0,-0.0016243207934019,20000000.0,1,2,0.42
P2,P,2,-0.0015778198540356,0.0,-0.0015778198540356,20000000.0,1,2,0.42
I1,I,2,,0.0025400411830852,0.0025400411830852,42353694.12650735,1,2,0.42
I2,I,2,,0.0012700205915426,0.0012700205915426,36638416.70990334,1,2,0.42
I3,I,2,,,,,0,2,0.42
P1,P,3,-0.0016826144362816,0.0,-0.0016826144362816,20000000.0,1,2,0.42
P2,P,3,-0.001644400338099,0.0,-0.001644400338099,20000000.0,1,2,0.42
I1,I,3,,0.0025400411830852,0.0025400411830852,43856418.8523045,1,2,0.42
I2,I,3,,0.0012700205915426,0.0012700205915426,38118825.09572528,1,2,0.42
I3,I,3,,0.0015875257394282,0.0015875257394282,39732800.71555584,1,2,0.42
P1,P,4,-0.0017764963081283,0.0,-0.0017764963081283,20000000.0,1,2,0.42
P2,P,4,-0.0017419024397172,0.0,-0.0017419024397172,20000000.0,1,2,0.42
I1,I,4,,0.0025400411830852,0.0025400411830852,44796666.05553912,1,2,0.42
I2,I,4,,0.0012700205915426,0.0012700205915426,38975811.31126377,1,2,0.42
I3,I,4,,0.0015875257394282,0.0015875257394282,40170155.47717378,1,2,0.42
P1,P,5,-0.0021998262547652,0.0,-0.0021998262547652,20000000.0,1,2,0.42
P2,P,5,-0.0018650306812673,-0.0001586386723722,-0.0020236693536396,20000000.0,1,2,0.42
I1,I,5,,0.0025400411830852,0.0025400411830852,47253316.65506558,1,2,0.42
I2,I,5,,0.0012700205915426,0.0012700205915426,41294837.42066272,1,2,0.42
I3,I,5,,0.0015875257394282,0.0015875257394282,42335522.48068512,1,2,0.42
P1,P,6,-0.002429660278803,-2.229825146747628e-05,-0.0024519585302705,20000000.0,1,2,0.42
P2,P,6,-0.0016670950354306,-0.0007679627248653,-0.002435057760296,20000000.0,1,2,0.42
I1,I,6,,0.0025400411830852,0.0025400411830852,48259585.96247923,1,2,0.42
I2,I,6,,0.0012700205915426,0.0012700205915426,42195528.89668237,1,2,0.42
I3,I,6,,0.0015875257394282,0.0015875257394282,43250774.941871785,1,2,0.42
P1,P,7,-0.0023617544007224,-0.0002389647802667,-0.0026007191809892,20000000.0,1,2,0.42
P2,P,7,-0.0014534526717311,-0.0013473047041879,-0.0028007573759191,20000000.0,1,2,0.42
I1,I,7,,0.0025400411830852,0.0025400411830852,48243157.720766,1,2,0.42
I2,I,7,,0.0012700205915426,0.0012700205915426,42124049.472250536,1,2,0.42
I3,I,7,,0.0015875257394282,0.0015875257394282,43202388.2122545,1,2,0.42
P1,P,8,-0.002081485507491,-0.0005889842029143,-0.0026704697104053,20000000.0,1,2,0.42
P2,P,8,-0.0012603668263938,-0.0017570599400047,-0.0030174267663986,20000000.0,1,2,0.42
I1,I,8,,0.0025400411830852,0.0025400411830852,47602906.222053885,1,2,0.42
I2,I,8,,0.0012700205915426,0.0012700205915426,41475419.17127565,1,2,0.42
I3,I,8,,0.0015875257394282,0.0015875257394282,42560089.60379253,1,2,0.42
P1,P,9,-0.0017846915797416,-0.0009239290839086,-0.0027086206636502,20000000.0,1,2,0.42
P2,P,9,-0.00108758002319,-0.0020283719281298,-0.0031159519513199,20000000.0,1,2,0.42
I1,I,9,,0.0025400411830852,0.0025400411830852,46613605.95400898,1,2,0.42
I2,I,9,,0.0012700205915426,0.0012700205915426,40505691.54547208,1,2,0.42
I3,I,9,,0.0015875257394282,0.0015875257394282,41582896.425476655,1,2,0.42
P1,P,10,-0.001539374568979,-0.00116764578671,-0.0027070203556891,20000000.0,1,2,0.42
P2,P,10,-0.0009396655068772,-0.0021995567775663,-0.0031392222844435,20000000.0,1,2,0.42
I1,I,10,,0.0025400411830852,0.0025400411830852,45504796.82959181,1,2,0.42
I2,I,10,,0.0012700205915426,0.0012700205915426,39429546.82147293,1,2,0.42
I3,I,10,,0.0015875257394282,0.0015875257394282,40492268.66507653,1,2,0.42
P1,P,11,-0.0013446313127679,-0.0013348223622907,-0.0026794536750586,20000000.0,1,2,0.42
P2,P,11,-0.0008177558226488,-0.0023066120463846,-0.0031243678690335,20000000.0,1,2,0.42
I1,I,11,,0.0025400411830852,0.0025400411830852,44429825.94284233,1,2,0.42
I2,I,11,,0.0012700205915426,0.0012700205915426,38391518.75008555,1,2,0.42
I3,I,11,,0.0015875257394282,0.0015875257394282,39437404.958283305,1,2,0.42
P1,P,12,-0.0011877072653874,-0.00145818930266,-0.0026458965680474,20000000.0,1,2,0.42
P2,P,12,-0.0007187703666337,-0.0023761285289762,-0.00309489889561,20000000.0,1,2,0.42
I1,I,12,,0.0025400411830852,0.0025400411830852,43456568.93304177,1,2,0.42
I2,I,12,,0.0012700205915426,0.0012700205915426,37455602.706595145,1,2,0.42
I3,I,12,,0.0015875257394282,0.0015875257394282,38484392.89409474,1,2,0.42
P1,P,13,-0.0010587980636664,-0.001559167389184,-0.0026179654528504,20000000.0,1,2,0.42
P2,P,13,-0.0006383546386315,-0.0024235381859939,-0.0030618928246254,20000000.0,1,2,0.42
I1,I,13,,0.0025400411830852,0.0025400411830852,42598613.99344853,1,2,0.42
I2,I,13,,0.0012700205915426,0.0012700205915426,36634014.73750358,1,2,0.42
I3,I,13,,0.0015875257394282,0.0015875257394282,37646151.13120649,1,2,0.42
P1,P,14,-0.0009514761204342,-0.0016471585121184,-0.0025986346325526,20000000.0,1,2,0.42
P2,P,14,-0.0005724661341204,-0.0024568926658899,-0.0030293588000104,20000000.0,1,2,0.42
I1,I,14,,0.0025400411830852,0.0025400411830852,41847665.28560884,1,2,0.42
I2,I,14,,0.0012700205915426,0.0012700205915426,35917939.42950985,1,2,0.42
I3,I,14,,0.0015875257394282,0.0015875257394282,36914126.59982233,1,2,0.42
P1,P,15,-0.0008613878486556,-0.0017257298766937,-0.0025871177253493,20000000.0,1,2,0.42
P2,P,15,-0.0005178642309385,-0.0024809667539693,-0.0029988309849078,20000000.0,1,2,0.42
I1,I,15,,0.0025400411830852,0.0025400411830852,41189145.79486002,1,2,0.42
I2,I,15,,0.0012700205915426,0.0012700205915426,35292513.48324752,1,2,0.42
I3,I,15,,0.0015875257394282,0.0015875257394282,36273609.21305152,1,2,0.42
P1,P,16,-0.0007851829586349,-0.0017960289023678,-0.0025812118610028,20000000.0,1,2,0.42
P2,P,16,-0.0004720580265673,-0.002498899695271,-0.0029709577218384,20000000.0,1,2,0.42
I1,I,16,,0.0025400411830852,0.0025400411830852,40609085.18604497,1,2,0.42
I2,I,16,,0.0012700205915426,0.0012700205915426,34743525.76795183,1,2,0.42
I3,I,16,,0.0015875257394282,0.0015875257394282,35710537.81121967,1,2,0.42
P1,P,17,-0.0007202669203105,-0.0018590724062254,-0.002579339326536,20000000.0,1,2,0.42
P2,P,17,-0.0004331559939759,-0.0025124192215728,-0.0029455752155487,20000000.0,1,2,0.42
I1,I,17,,0.0025400411830852,0.0025400411830852,40095673.95999065,1,2,0.42
I2,I,17,,0.0012700205915426,0.0012700205915426,34259162.180542134,1,2,0.42
I3,I,17,,0.0015875257394282,0.0015875257394282,35213105.42785484,1,2,0.42
P1,P,18,-0.0006645431789533,-0.001915607928903,-0.0025801511078563,20000000.0,1,2,0.42
P2,P,18,-0.0003998142939592,-0.0025227767455244,-0.0029225910394837,20000000.0,1,2,0.42
I1,I,18,,0.0025400411830852,0.0025400411830852,39639205.908408806,1,2,0.42
I2,I,18,,0.0012700205915426,0.0012700205915426,33829769.695257954,1,2,0.42
I3,I,18,,0.0015875257394282,0.0015875257394282,34771631.56046232,1,2,0.42
P1,P,19,-0.0006163371083866,-0.001966325466241,-0.0025826625746276,20000000.0,1,2,0.42
P2,P,19,-0.0003710206947048,-0.0025307861806426,-0.0029018068753475,20000000.0,1,2,0.42
I1,I,19,,0.0025400411830852,0.0025400411830852,39231962.99744244,1,2,0.42
I2,I,19,,0.0012700205915426,0.0012700205915426,33447742.00951572,1,2,0.42
I3,I,19,,0.0015875257394282,0.0015875257394282,34378452.912754305,1,2,0.42
P1,P,20,-0.0005742654378705,-0.0020120139976757,-0.0025862794355463,20000000.0,1,2,0.42
P2,P,20,-0.0003459715304404,-0.0025371407249614,-0.0028831122554018,20000000.0,1,2,0.42
I1,I,20,,0.0025400411830852,0.0025400411830852,38867247.2615758,1,2,0.42
I2,I,20,,0.0012700205915426,0.0012700205915426,33106514.48080733,1,2,0.42
I3,I,20,,0.0015875257394282,0.0015875257394282,34026935.356505394,1,2,0.42
P1,P,21,-0.0005372082322104,-0.0020533387083793,-0.0025905469405897,20000000.0,1,2,0.42
P2,P,21,-0.0003239932193445,-0.0025424416666067,-0.0028664348859513,20000000.0,1,2,0.42
I1,I,21,,0.0025400411830852,0.0025400411830852,38539067.98304498,1,2,0.42
I2,I,21,,0.0012700205915426,0.0012700205915426,32800223.570297867,1,2,0.42
I3,I,21,,0.0015875257394282,0.0015875257394282,33711149.09728782,1,2,0.42
P1,P,22,-0.0005042806015969,-0.0020907932251892,-0.0025950738267861,20000000.0,1,2,0.42
P2,P,22,-0.0003045256172052,-0.0025471479964611,-0.0028516736136663,20000000.0,1,2,0.42
I1,I,22,,0.0025400411830852,0.0025400411830852,38242291.60057494,1,2,0.42
I2,I,22,,0.0012700205915426,0.0012700205915426,32523856.597855408,1,2,0.42
I3,I,22,,0.0015875257394282,0.0015875257394282,33426017.614539854,1,2,0.42
P1,P,23,-0.0004747980861458,-0.0021247683904646,-0.0025995664766105,20000000.0,1,2,0.42
P2,P,23,-0.0002871315131697,-0.0025515708146534,-0.0028387023278231,20000000.0,1,2,0.42
I1,I,23,,0.0025400411830852,0.0025400411830852,37972609.2937714,1,2,0.42
I2,I,23,,0.0012700205915426,0.0012700205915426,32273221.066821508,1,2,0.42
I3,I,23,,0.0015875257394282,0.0015875257394282,33167289.27381481,1,2,0.42
P1,P,24,-0.0004481943652797,-0.0021557695665997,-0.0026039639318794,20000000.0,1,2,0.42
P2,P,24,-0.0002714753588,-0.0025557941860849,-0.002827269544885,20000000.0,1,2,0.42
I1,I,24,,0.0025400411830852,0.0025400411830852,37726342.2349481,1,2,0.42
I2,I,24,,0.0012700205915426,0.0012700205915426,32044767.53728713,1,2,0.42
I3,I,24,,0.0015875257394282,0.0015875257394282,32931343.033408456,1,2,0.42
P1,P,25,-0.0004239985841322,-0.002184316589949,-0.0026083151740813,20000000.0,1,2,0.42
P2,P,25,-0.0002572983437803,-0.0025597685932791,-0.0028170669370595,20000000.0,1,2,0.42
I1,I,25,,0.0025400411830852,0.0025400411830852,37500356.99377683,1,2,0.42
I2,I,25,,0.0012700205915426,0.0012700205915426,31835499.38039587,1,2,0.42
I3,I,25,,0.0015875257394282,0.0015875257394282,32715104.18047897,1,2,0.42
P1,P,26,-0.0004018329059968,-0.002210832401618,-0.0026126653076148,20000000.0,1,2,0.42
P2,P,26,-0.0002443978293515,-0.0025634185445475,-0.002807816373899,20000000.0,1,2,0.42
I1,I,26,,0.0025400411830852,0.0025400411830852,37292064.81542911,1,2,0.42
I2,I,26,,0.0012700205915426,0.0012700205915426,31642954.37338647,1,2,0.42
I3,I,26,,0.0015875257394282,0.0015875257394282,32516039.75123343,1,2,0.42
P1,P,27,-0.0003814134988198,-0.0022356089241741,-0.002617022422994,20000000.0,1,2,0.42
P2,P,27,-0.0002326128889239,-0.0025666974197663,-0.0027993103086902,20000000.0,1,2,0.42
I1,I,27,,0.0025400411830852,0.0025400411830852,37099395.76675312,1,2,0.42
I2,I,27,,0.0012700205915426,0.0012700205915426,31465168.006690107,1,2,0.42
I3,I,27,,0.0015875257394282,0.0015875257394282,32332126.33460379,1,2,0.42
P1,P,28,-0.0003625317635398,-0.0022588356158538,-0.0026213673793936,20000000.0,1,2,0.42
P2,P,28,-0.0002218116819268,-0.002569604622191,-0.0027914163041178,20000000.0,1,2,0.42
I1,I,28,,0.0025400411830852,0.0025400411830852,36920684.269417375,1,2,0.42
I2,I,28,,0.0012700205915426,0.0012700205915426,31300559.35166626,1,2,0.42
I3,I,28,,0.0015875257394282,0.0015875257394282,32161738.41094947,1,2,0.42
P1,P,29,-0.0003450249918372,-0.002280631579067,-0.0026256565709043,20000000.0,1,2,0.42
P2,P,29,-0.000211873358033,-0.0025722147445614,-0.0027840881025944,20000000.0,1,2,0.42
I1,I,29,,0.0025400411830852,0.0025400411830852,36754479.45149413,1,2,0.42
I2,I,29,,0.0012700205915426,0.0012700205915426,31147734.47180068,1,2,0.42
I3,I,29,,0.0015875257394282,0.0015875257394282,32003454.391398303,1,2,0.42
P1,P,0,-0.0016796798146821,0.0,-0.0016796798146821,20000000.0,1,3,0.42
P2,P,0,-0.0017197613595674,0.0,-0.0017197613595674,20000000.0,1,3,0.42
I1,I,0,,0.0025368860879198,0.0025368860879198,41004607.17282942,1,3,0.42
I2,I,0,,0.0012684430439599,0.0012684430439599,36359485.18135198,1,3,0.42
I3,I,0,,,,,0,3,0.42
P1,P,1,-0.0015514986178481,0.0,-0.0015514986178481,20000000.0,1,3,0.42
P2,P,1,-0.00159213446738,0.0,-0.00159213446738,20000000.0,1,3,0.42
I1,I,1,,0.0025368860879198,0.0025368860879198,40985370.92511474,1,3,0.42
I2,I,1,,0.0012684430439599,0.0012684430439599,36490620.99474645,1,3,0.42
I3,I,1,,,,,0,3,0.42
P1,P,2,-0.0015448559361759,0.0,-0.0015448559361759,20000000.0,1,3,0.42
P2,P,2,-0.0015813342157414,0.0,-0.0015813342157414,20000000.0,1,3,0.42
I1,I,2,,0.0025368860879198,0.0025368860879198,41331985.26505139,1,3,0.42
I2,I,2,,0.0012684430439599,0.0012684430439599,36783705.13446797,1,3,0.42
I3,I,2,,,,,0,3,0.42
P1,P,3,-0.001569341574117,0.0,-0.001569341574117,20000000.0,1,3,0.42
P2,P,3,-0.0016020390906155,0.0,-0.0016020390906155,20000000.0,1,3,0.42
I1,I,3,,0.0025368860879198,0.0025368860879198,41601346.02482236,1,3,0.42
I2,I,3,,0.0012684430439599,0.0012684430439599,37007860.40644727,1,3,0.42
I3,I,3,,,,,0,3,0.42
P1,P,4,-0.0016374629712315,0.0,-0.0016374629712315,20000000.0,1,3,0.42
P2,P,4,-0.0016831050917551,0.0,-0.0016831050917551,20000000.0,1,3,0.42
I1,I,4,,0.0025368860879198,0.0025368860879198,43087025.17488977,1,3,0.42
I2,I,4,,0.0012684430439599,0.0012684430439599,38484059.0490806,1,3,0.42
I3,I,4,,0.0015855538049498,0.0015855538049498,40706803.76532629,1,3,0.42
P1,P,5,-0.002057245116221,0.0,-0.002057245116221,20000000.0,1,3,0.42
P2,P,5,-0.0018424810329895,-0.0001615010897166,-0.0020039821227061,20000000.0,1,3,0.42
I1,I,5,,0.0025368860879198,0.0025368860879198,46056514.58699507,1,3,0.42
I2,I,5,,0.0012684430439599,0.0012684430439599,41267250.1754061,1,3,0.42
I3,I,5,,0.0015855538049498,0.0015855538049498,42884599.37837183,1,3,0.42
P1,P,6,-0.0023163091666981,-7.004389463252492e-06,-0.0023233135561614,20000000.0,1,3,0.42
P2,P,6,-0.0016673273438154,-0.0007878627711769,-0.0024551901149923,20000000.0,1,3,0.42
I1,I,6,,0.0025368860879198,0.0025368860879198,47302648.37917422,1,3,0.42
I2,I,6,,0.0012684430439599,0.0012684430439599,42386272.87327259,1,3,0.42
I3,I,6,,0.0015855538049498,0.0015855538049498,43963582.08359016,1,3,0.42
P1,P,7,-0.0022655236813484,-0.0002045954814626,-0.0024701191628111,20000000.0,1,3,0.42
P2,P,7,-0.0014612060372062,-0.0014072187517483,-0.0028684247889545,20000000.0,1,3,0.42
I1,I,7,,0.0025368860879198,0.0025368860879198,47415339.79001316,1,3,0.42
I2,I,7,,0.0012684430439599,0.0012684430439599,42429353.35402298,1,3,0.42
I3,I,7,,0.0015855538049498,0.0015855538049498,44018865.38889889,1,3,0.42
P1,P,8,-0.0020354613747607,-0.0005501867949983,-0.0025856481697591,20000000.0,1,3,0.42
P2,P,8,-0.0012780070109332,-0.0018240476697343,-0.0031020546806676,20000000.0,1,3,0.42
I1,I,8,,0.0025368860879198,0.0025368860879198,46791319.38518044,1,3,0.42
I2,I,8,,0.0012684430439599,0.0012684430439599,41795572.29514152,1,3,0.42
I3,I,8,,0.0015855538049498,0.0015855538049498,43384032.30041728,1,3,0.42
P1,P,9,-0.0017596918967747,-0.0008610691521111,-0.0026207610488858,20000000.0,1,3,0.42
P2,P,9,-0.0011165853307783,-0.0020823800562795,-0.0031989653870578,20000000.0,1,3,0.42
I1,I,9,,0.0025368860879198,0.0025368860879198,45816659.33438399,1,3,0.42
I2,I,9,,0.0012684430439599,0.0012684430439599,40842040.85101543,1,3,0.42
I3,I,9,,0.0015855538049498,0.0015855538049498,42418307.34599837,1,3,0.42
P1,P,10,-0.0015287074466557,-0.0010902904075599,-0.0026189978542156,20000000.0,1,3,0.42
P2,P,10,-0.0009759207719389,-0.002241925253373,-0.003217846025312,20000000.0,1,3,0.42
I1,I,10,,0.0025368860879198,0.0025368860879198,44732047.17622448,1,3,0.42
I2,I,10,,0.0012684430439599,0.0012684430439599,39792133.48434722,1,3,0.42
I3,I,10,,0.0015855538049498,0.0015855538049498,41350604.30264358,1,3,0.42
P1,P,11,-0.0013473891205882,-0.0012484524428951,-0.0025958415634834,20000000.0,1,3,0.42
P2,P,11,-0.0008563119784671,-0.0023437117216179,-0.0032000237000851,20000000.0,1,3,0.42
I1,I,11,,0.0025368860879198,0.0025368860879198,43677837.74519366,1,3,0.42
I2,I,11,,0.0012684430439599,0.0012684430439599,38776631.472247295,1,3,0.42
I3,I,11,,0.0015855538049498,0.0015855538049498,40315879.78368569,1,3,0.42
P1,P,12,-0.0012003846742534,-0.0013654222531593,-0.0025658069274127,20000000.0,1,3,0.42
P2,P,12,-0.0007566196871825,-0.0024126866096169,-0.0031693062967994,20000000.0,1,3,0.42
I1,I,12,,0.0025368860879198,0.0025368860879198,42717869.27386394,1,3,0.42
I2,I,12,,0.0012684430439599,0.0012684430439599,37855060.867028944,1,3,0.42
I3,I,12,,0.0015855538049498,0.0015855538049498,39375668.33177157,1,3,0.42
P1,P,13,-0.0010763999386533,-0.0014630347241794,-0.0025394346628327,20000000.0,1,3,0.42
P2,P,13,-0.0006741487108048,-0.0024621674285335,-0.0031363161393383,20000000.0,1,3,0.42
I1,I,13,,0.0025368860879198,0.0025368860879198,41866190.32733262,1,3,0.42
I2,I,13,,0.0012684430439599,0.0012684430439599,37040225.673758656,1,3,0.42
I3,I,13,,0.0015855538049498,0.0015855538049498,38543267.12799022,1,3,0.42
P1,P,14,-0.0009692977507024,-0.00155141395788,-0.0025207117085824,20000000.0,1,3,0.42
P2,P,14,-0.0006056529397455,-0.0024986905658211,-0.0031043435055666,20000000.0,1,3,0.42
I1,I,14,,0.0025368860879198,0.0025368860879198,41115097.50962406,1,3,0.42
I2,I,14,,0.0012684430439599,0.0012684430439599,36324314.47803871,1,3,0.42
I3,I,14,,0.0015855538049498,0.0015855538049498,37810794.99333456,1,3,0.42
P1,P,15,-0.0008761379128701,-0.0016337289460608,-0.0025098668589309,20000000.0,1,3,0.42
P2,P,15,-0.0005482286326606,-0.0025260130463707,-0.0030742416790314,20000000.0,1,3,0.42
I1,I,15,,0.0025368860879198,0.0025368860879198,40450334.12317859,1,3,0.42
I2,I,15,,0.0012684430439599,0.0012684430439599,35693044.444429986,1,3,0.42
I3,I,15,,0.0015855538049498,0.0015855538049498,37163902.364060886,1,3,0.42
P1,P,16,-0.0007953706515204,-0.0017101754405824,-0.0025055460921028,20000000.0,1,3,0.42
P2,P,16,-0.0004995766839382,-0.0025463587842563,-0.0030459354681945,20000000.0,1,3,0.42
I1,I,16,,0.0025368860879198,0.0025368860879198,39858154.56128948,1,3,0.42
I2,I,16,,0.0012684430439599,0.0012684430439599,35132620.56326836,1,3,0.42
I3,I,16,,0.0015855538049498,0.0015855538049498,36588766.74518099,1,3,0.42
P1,P,17,-0.000725803792995,-0.0017799119046007,-0.0025057156975958,20000000.0,1,3,0.42
P2,P,17,-0.0004579807174728,-0.0025612250369381,-0.0030192057544109,20000000.0,1,3,0.42
I1,I,17,,0.0025368860879198,0.0025368860879198,39328377.35991646,1,3,0.42
I2,I,17,,0.0012684430439599,0.0012684430439599,34632797.9888342,1,3,0.42
I3,I,17,,0.0015855538049498,0.0015855538049498,36075154.43130661,1,3,0.42
P1,P,18,-0.0006661408722395,-0.0018423986084564,-0.002508539480696,20000000.0,1,3,0.42
P2,P,18,-0.0004221972390823,-0.0025720723348843,-0.0029942695739667,20000000.0,1,3,0.42
I1,I,18,,0.0025368860879198,0.0025368860879198,38853606.48084826,1,3,0.42
I2,I,18,,0.0012684430439599,0.0012684430439599,34186091.38137329,1,3,0.42
I3,I,18,,0.0015855538049498,0.0015855538049498,35615625.28967129,1,3,0.42
P1,P,19,-0.0006150123820833,-0.0018979509977439,-0.0025129633798272,20000000.0,1,3,0.42
P2,P,19,-0.0003912265846478,-0.0025800935104327,-0.0029713200950806,20000000.0,1,3,0.42
I1,I,19,,0.0025368860879198,0.0025368860879198,38427525.70769738,1,3,0.42
I2,I,19,,0.0012684430439599,0.0012684430439599,33786184.19712426,1,3,0.42
I3,I,19,,0.0015855538049498,0.0015855538049498,35203861.60536393,1,3,0.42
P1,P,20,-0.0005710264227366,-0.0019471358004792,-0.0025181622232159,20000000.0,1,3,0.42
P2,P,20,-0.0003642290679469,-0.0025863888412797,-0.0029506179092266,20000000.0,1,3,0.42
I1,I,20,,0.0025368860879198,0.0025368860879198,38044309.874842174,1,3,0.42
I2,I,20,,0.0012684430439599,0.0012684430439599,33427286.28705681,1,3,0.42
I3,I,20,,0.0015855538049498,0.0015855538049498,34834057.60888307,1,3,0.42
P1,P,21,-0.0005329110457338,-0.001990682064727,-0.0025235931104609,20000000.0,1,3,0.42
P2,P,21,-0.0003405126181738,-0.0025917265201747,-0.0029322391383486,20000000.0,1,3,0.42
I1,I,21,,0.0025368860879198,0.0025368860879198,37698597.586043805,1,3,0.42
I2,I,21,,0.0012684430439599,0.0012684430439599,33104122.031252623,1,3,0.42
I3,I,21,,0.0015855538049498,0.0015855538049498,34500891.74959826,1,3,0.42
P1,P,22,-0.0004995614939609,-0.0020293966219453,-0.0025289581159063,20000000.0,1,3,0.42
P2,P,22,-0.0003194960399883,-0.0025965551583609,-0.0029160511983493,20000000.0,1,3,0.42
I1,I,22,,0.0025368860879198,0.0025368860879198,37385633.62121074,1,3,0.42
I2,I,22,,0.0012684430439599,0.0012684430439599,32812053.100691088,1,3,0.42
I3,I,22,,0.0015855538049498,0.0015855538049498,34199662.19800825,1,3,0.42
P1,P,23,-0.0004700621232849,-0.0020641488124706,-0.0025342109357556,20000000.0,1,3,0.42
P2,P,23,-0.0003007399474212,-0.0026010106264329,-0.0029017505738541,20000000.0,1,3,0.42
I1,I,23,,0.0025368860879198,0.0025368860879198,37101191.16177233,1,3,0.42
I2,I,23,,0.0012684430439599,0.0012684430439599,32547015.50492344,1,3,0.42
I3,I,23,,0.0015855538049498,0.0015855538049498,33926214.18630358,1,3,0.42
P1,P,24,-0.0004437205965093,-0.0020956768655622,-0.0025393974620716,20000000.0,1,3,0.42
P2,P,24,-0.0002839248697863,-0.0026050226118091,-0.0028889474815955,20000000.0,1,3,0.42
I1,I,24,,0.0025368860879198,0.0025368860879198,36841729.2345841,1,3,0.42
I2,I,24,,0.0012684430439599,0.0012684430439599,32305655.597684816,1,3,0.42
I3,I,24,,0.0015855538049498,0.0015855538049498,33677086.56991954,1,3,0.42
P1,P,25,-0.0004199898312928,-0.0021245148638338,-0.0025445046951266,20000000.0,1,3,0.42
P2,P,25,-0.0002687829549175,-0.0026086324286959,-0.0028774153836135,20000000.0,1,3,0.42
I1,I,25,,0.0025368860879198,0.0025368860879198,36604178.30725607,1,3,0.42
I2,I,25,,0.0012684430439599,0.0012684430439599,32085049.573811952,1,3,0.42
I3,I,25,,0.0015855538049498,0.0015855538049498,33449274.3463008,1,3,0.42
P1,P,26,-0.0003984502027938,-0.0021510478234427,-0.0025494980262365,20000000.0,1,3,0.42
P2,P,26,-0.0002551029944234,-0.0026118522334213,-0.0028669552278447,20000000.0,1,3,0.42
I1,I,26,,0.0025368860879198,0.0025368860879198,36386029.22374184,1,3,0.42
I2,I,26,,0.0012684430439599,0.0012684430439599,31882813.28566933,1,3,0.42
I3,I,26,,0.0015855538049498,0.0015855538049498,33240324.861717973,1,3,0.42
P1,P,27,-0.000378765889808,-0.0021755249506952,-0.0025542908405033,20000000.0,1,3,0.42
P2,P,27,-0.0002427066465551,-0.0026147487814099,-0.0028574554279651,20000000.0,1,3,0.42
I1,I,27,,0.0025368860879198,0.0025368860879198,36185299.31915365,1,3,0.42
I2,I,27,,0.0012684430439599,0.0012684430439599,31697060.179205667,1,3,0.42
I3,I,27,,0.0015855538049498,0.0015855538049498,33048302.6682206,1,3,0.42
P1,P,28,-0.0003606773133044,-0.0021982978358719,-0.0025589751491764,20000000.0,1,3,0.42
P2,P,28,-0.0002314278756012,-0.0026173299688946,-0.0028487578444959,20000000.0,1,3,0.42
I1,I,28,,0.0025368860879198,0.0025368860879198,36000060.18517032,1,3,0.42
I2,I,28,,0.0012684430439599,0.0012684430439599,31525961.289917096,1,3,0.42
I3,I,28,,0.0015855538049498,0.0015855538049498,32871322.081803475,1,3,0.42
P1,P,29,-0.0003439720919093,-0.0022195605418405,-0.0025635326337498,20000000.0,1,3,0.42
P2,P,29,-0.0002211240365733,-0.0026196555425761,-0.0028407795791494,20000000.0,1,3,0.42
I1,I,29,,0.0025368860879198,0.0025368860879198,35828602.89725575,1,3,0.42
I2,I,29,,0.0012684430439599,0.0012684430439599,31367881.579729985,1,3,0.42
I3,I,29,,0.0015855538049498,0.0015855538049498,32707709.604166444,1,3,0.42
P1,P,0,-0.0018555547145273,0.0,-0.0018555547145273,20000000.0,1,4,0.42
P2,P,0,-0.0016978948667594,0.0,-0.0016978948667594,20000000.0,1,4,0.42
I1,I,0,,0.002537113274454,0.002537113274454,41676325.00804092,1,4,0.42
I2,I,0,,0.001268556637227,0.001268556637227,36144130.03416584,1,4,0.42
I3,I,0,,,,,0,4,0.42
P1,P,1,-0.0016994665978503,0.0,-0.0016994665978503,20000000.0,1,4,0.42
P2,P,1,-0.0015835027927598,0.0,-0.0015835027927598,20000000.0,1,4,0.42
I1,I,1,,0.002537113274454,0.002537113274454,41550171.07970256,1,4,0.42
I2,I,1,,0.001268556637227,0.001268556637227,36265762.35588229,1,4,0.42
I3,I,1,,,,,0,4,0.42
P1,P,2,-0.001681820109596,0.0,-0.001681820109596,20000000.0,1,4,0.42
P2,P,2,-0.0015731229317481,0.0,-0.0015731229317481,20000000.0,1,4,0.42
I1,I,2,,0.002537113274454,0.002537113274454,41839742.14626386,1,4,0.42
I2,I,2,,0.001268556637227,0.001268556637227,36517234.81780306,1,4,0.42
I3,I,2,,,,,0,4,0.42
P1,P,3,-0.0017005760607079,0.0,-0.0017005760607079,20000000.0,1,4,0.42
P2,P,3,-0.0015900287406175,0.0,-0.0015900287406175,20000000.0,1,4,0.42
I1,I,3,,0.002537113274454,0.002537113274454,42058758.43661758,1,4,0.42
I2,I,3,,0.001268556637227,0.001268556637227,36696662.9084105,1,4,0.42
I3,I,3,,,,,0,4,0.42
P1,P,4,-0.0017300957605366,0.0,-0.0017300957605366,20000000.0,1,4,0.42
P2,P,4,-0.0016161382197932,0.0,-0.0016161382197932,20000000.0,1,4,0.42
I1,I,4,,0.002537113274454,0.002537113274454,42216266.70582255,1,4,0.42
I2,I,4,,0.001268556637227,0.001268556637227,36828046.618287295,1,4,0.42
I3,I,4,,,,,0,4,0.42
P1,P,5,-0.0021365072543406,0.0,-0.0021365072543406,20000000.0,1,4,0.42
P2,P,5,-0.0017949512963989,-0.0001059066904683,-0.0019008579868672,20000000.0,1,4,0.42
I1,I,5,,0.002537113274454,0.002537113274454,45839119.994061366,1,4,0.42
I2,I,5,,0.001268556637227,0.001268556637227,40316007.91199681,1,4,0.42
I3,I,5,,0.0015856957965337,0.0015856957965337,41680090.88399762,1,4,0.42
P1,P,6,-0.0024279218793769,-6.10569813399843e-06,-0.0024340275775109,20000000.0,1,4,0.42
P2,P,6,-0.001648781735946,-0.0006384530228976,-0.0022872347588437,20000000.0,1,4,0.42
I1,I,6,,0.002537113274454,0.002537113274454,47223001.03731205,1,4,0.42
I2,I,6,,0.001268556637227,0.001268556637227,41576464.1181792,1,4,0.42
I3,I,6,,0.0015856957965337,0.0015856957965337,42770607.07060759,1,4,0.42
P1,P,7,-0.0023905078217063,-0.0002067194221435,-0.0025972272438498,20000000.0,1,4,0.42
P2,P,7,-0.0014443559932661,-0.0012315875205921,-0.0026759435138583,20000000.0,1,4,0.42
I1,I,7,,0.002537113274454,0.002537113274454,47434052.2309358,1,4,0.42
I2,I,7,,0.001268556637227,0.001268556637227,41721694.56067167,1,4,0.42
I3,I,7,,0.0015856957965337,0.0015856957965337,42905743.51065255,1,4,0.42
P1,P,8,-0.0021216543891126,-0.0005755000819759,-0.0026971544710886,20000000.0,1,4,0.42
P2,P,8,-0.0012481258333853,-0.0016811380026102,-0.0029292638359955,20000000.0,1,4,0.42
I1,I,8,,0.002537113274454,0.002537113274454,46897886.359180376,1,4,0.42
I2,I,8,,0.001268556637227,0.001268556637227,41166949.81617058,1,4,0.42
I3,I,8,,0.0015856957965337,0.0015856957965337,42350701.79261187,1,4,0.42
P1,P,9,-0.0018142988481298,-0.0009302570876659,-0.0027445559357958,20000000.0,1,4,0.42
P2,P,9,-0.0010727266631004,-0.0019794192043015,-0.0030521458674019,20000000.0,1,4,0.42
I1,I,9,,0.002537113274454,0.002537113274454,45942234.41025464,1,4,0.42
I2,I,9,,0.001268556637227,0.001268556637227,40224007.42862467,1,4,0.42
I3,I,9,,0.0015856957965337,0.0015856957965337,41399552.26323701,1,4,0.42
P1,P,10,-0.0015554672174325,-0.001192553258359,-0.0027480204757915,20000000.0,1,4,0.42
P2,P,10,-0.0009233768954686,-0.0021630713599818,-0.0030864482554504,20000000.0,1,4,0.42
I1,I,10,,0.002537113274454,0.002537113274454,44830818.72419942,1,4,0.42
I2,I,10,,0.001268556637227,0.001268556637227,39142250.47506583,1,4,0.42
I3,I,10,,0.0015856957965337,0.0015856957965337,40303063.02039659,1,4,0.42
P1,P,11,-0.0013507759994037,-0.0013740031338574,-0.0027247791332612,20000000.0,1,4,0.42
P2,P,11,-0.0008006031662677,-0.0022731923896941,-0.0030737955559619,20000000.0,1,4,0.42
I1,I,11,,0.002537113274454,0.002537113274454,43737950.45770086,1,4,0.42
I2,I,11,,0.001268556637227,0.001268556637227,38085825.04396368,1,4,0.42
I3,I,11,,0.0015856957965337,0.0015856957965337,39229218.77201675,1,4,0.42
P1,P,12,-0.0011875099855852,-0.0015065898504961,-0.0026940998360814,20000000.0,1,4,0.42
P2,P,12,-0.0007013773388599,-0.0023408488729309,-0.0030422262117908,20000000.0,1,4,0.42
I1,I,12,,0.002537113274454,0.002537113274454,42745736.96338148,1,4,0.42
I2,I,12,,0.001268556637227,0.001268556637227,37131453.13353358,1,4,0.42
I3,I,12,,0.0015856957965337,0.0015856957965337,38257156.2958547,1,4,0.42
P1,P,13,-0.0010548196388901,-0.0016127797589707,-0.0026675993978608,20000000.0,1,4,0.42
P2,P,13,-0.0006212448087165,-0.0023848788339221,-0.0030061236426387,20000000.0,1,4,0.42
I1,I,13,,0.002537113274454,0.002537113274454,41874627.25951143,1,4,0.42
I2,I,13,,0.001268556637227,0.001268556637227,36297276.95524162,1,4,0.42
I3,I,13,,0.0015856957965337,0.0015856957965337,37406038.7501702,1,4,0.42
P1,P,14,-0.0009454530276657,-0.0017035737083878,-0.0026490267360535,20000000.0,1,4,0.42
P2,P,14,-0.000555936074819,-0.002415128927176,-0.0029710650019951,20000000.0,1,4,0.42
I1,I,14,,0.002537113274454,0.002537113274454,41117170.652233705,1,4,0.42
I2,I,14,,0.001268556637227,0.001268556637227,35575050.51594165,1,4,0.42
I3,I,14,,0.0015856957965337,0.0015856957965337,36667909.80178682,1,4,0.42
P1,P,15,-0.0008543375148553,-0.0017835190554646,-0.00263785657032,20000000.0,1,4,0.42
P2,P,15,-0.0005020771911304,-0.0024367052568883,-0.0029387824480187,20000000.0,1,4,0.42
I1,I,15,,0.002537113274454,0.002537113274454,40457931.21348111,1,4,0.42
I2,I,15,,0.001268556637227,0.001268556637227,34949070.86606913,1,4,0.42
I3,I,15,,0.0015856957965337,0.0015856957965337,36027129.67551221,1,4,0.42
P1,P,16,-0.0007777142584939,-0.0018548401551973,-0.0026325544136913,20000000.0,1,4,0.42
P2,P,16,-0.0004571218467624,-0.0024524973753498,-0.0029096192221123,20000000.0,1,4,0.42
I1,I,16,,0.002537113274454,0.002537113274454,39880887.71971859,1,4,0.42
I2,I,16,,0.001268556637227,0.001268556637227,34403245.88565921,1,4,0.42
I3,I,16,,0.0015856957965337,0.0015856957965337,35467592.69413665,1,4,0.42
P1,P,17,-0.0007126930124903,-0.001918599394711,-0.0026312924072013,20000000.0,1,4,0.42
P2,P,17,-0.0004191433613963,-0.0024642996206323,-0.0028834429820287,20000000.0,1,4,0.42
I1,I,17,,0.002537113274454,0.002537113274454,39372556.49934164,1,4,0.42
I2,I,17,,0.001268556637227,0.001268556637227,33924110.14279462,1,4,0.42
I3,I,17,,0.0015856957965337,0.0015856957965337,34975794.14603501,1,4,0.42
P1,P,18,-0.0006570140346089,-0.0019756844776852,-0.0026326985122941,20000000.0,1,4,0.42
P2,P,18,-0.0003866919008549,-0.0024733401045679,-0.0028600320054229,20000000.0,1,4,0.42
I1,I,18,,0.002537113274454,0.002537113274454,38921978.16879825,1,4,0.42
I2,I,18,,0.001268556637227,0.001268556637227,33500757.40912592,1,4,0.42
I3,I,18,,0.0015856957965337,0.0015856957965337,34540781.38360375,1,4,0.42
P1,P,19,-0.0006088742644402,-0.0020269834030453,-0.0026358576674856,20000000.0,1,4,0.42
P2,P,19,-0.0003586820077701,-0.0024803983143484,-0.0028390803221186,20000000.0,1,4,0.42
I1,I,19,,0.002537113274454,0.002537113274454,38520248.43922047,1,4,0.42
I2,I,19,,0.001268556637227,0.001268556637227,33124391.205540325,1,4,0.42
I3,I,19,,0.0015856957965337,0.0015856957965337,34153687.801421374,1,4,0.42
P1,P,20,-0.000566851760149,-0.0020733045692143,-0.0026401563293633,20000000.0,1,4,0.42
P2,P,20,-0.0003343066551102,-0.0024859488267755,-0.0028202554818858,20000000.0,1,4,0.42
I1,I,20,,0.002537113274454,0.002537113274454,38160184.7846752,1,4,0.42
I2,I,20,,0.001268556637227,0.001268556637227,32787976.70576395,1,4,0.42
I3,I,20,,0.0015856957965337,0.0015856957965337,33807387.214692555,1,4,0.42
P1,P,21,-0.0005298499134683,-0.0021152930451087,-0.0026451429585771,20000000.0,1,4,0.42
P2,P,21,-0.0003129468126934,-0.002490347962382,-0.0028032947750754,20000000.0,1,4,0.42
I1,I,21,,0.002537113274454,0.002537113274454,37835969.27365322,1,4,0.42
I2,I,21,,0.001268556637227,0.001268556637227,32485844.862685524,1,4,0.42
I3,I,21,,0.0015856957965337,0.0015856957965337,33496125.83475129,1,4,0.42
P1,P,22,-0.0004970190044344,-0.0021534349837047,-0.0026504539881391,20000000.0,1,4,0.42
P2,P,22,-0.0002941061680948,-0.0024939276102123,-0.0027880337783071,20000000.0,1,4,0.42
I1,I,22,,0.002537113274454,0.002537113274454,37542834.736375324,1,4,0.42
I2,I,22,,0.001268556637227,0.001268556637227,32213357.62292083,1,4,0.42
I3,I,22,,0.0015856957965337,0.0015856957965337,33215195.414316826,1,4,0.42
P1,P,23,-0.0004676776405984,-0.0021881804530024,-0.0026558580936009,20000000.0,1,4,0.42
P2,P,23,-0.0002773683622705,-0.0024969799039072,-0.0027743482661778,20000000.0,1,4,0.42
I1,I,23,,0.002537113274454,0.002537113274454,37276689.833812,1,4,0.42
I2,I,23,,0.001268556637227,0.001268556637227,31966539.07548625,1,4,0.42
I3,I,23,,0.0015856957965337,0.0015856957965337,32960557.705751505,1,4,0.42
P1,P,24,-0.0004412684184307,-0.0022199401345674,-0.0026612085529982,20000000.0,1,4,0.42
P2,P,24,-0.0002623801141265,-0.0024997336205685,-0.002762113734695,20000000.0,1,4,0.42
I1,I,24,,0.002537113274454,0.002537113274454,37033941.00610658,1,4,0.42
I2,I,24,,0.001268556637227,0.001268556637227,31741901.512983978,1,4,0.42
I3,I,24,,0.0015856957965337,0.0015856957965337,32728669.074749224,1,4,0.42
P1,P,25,-0.0004173229051765,-0.0022491095632554,-0.002666432468432,20000000.0,1,4,0.42
P2,P,25,-0.0002488526958798,-0.0025023162556688,-0.0027511689515487,20000000.0,1,4,0.42
I1,I,25,,0.002537113274454,0.002537113274454,36811466.13923416,1,4,0.42
I2,I,25,,0.001268556637227,0.001268556637227,31536424.04645161,1,4,0.42
I3,I,25,,0.0015856957965337,0.0015856957965337,32516453.04962061,1,4,0.42
P1,P,26,-0.000395441801244,-0.0022760842071164,-0.0026715260083604,20000000.0,1,4,0.42
P2,P,26,-0.000236556476504,-0.0025047662298183,-0.0027413227063224,20000000.0,1,4,0.42
I1,I,26,,0.002537113274454,0.002537113274454,36606562.83465048,1,4,0.42
I2,I,26,,0.001268556637227,0.001268556637227,31347503.32974337,1,4,0.42
I3,I,26,,0.0015856957965337,0.0015856957965337,32321249.38299806,1,4,0.42
P1,P,27,-0.0003753237745299,-0.0023011617027297,-0.0026764854772596,20000000.0,1,4,0.42
P2,P,27,-0.0002253179851924,-0.0025070619924488,-0.0027323799776412,20000000.0,1,4,0.42
I1,I,27,,0.002537113274454,0.002537113274454,36417031.96449701,1,4,0.42
I2,I,27,,0.001268556637227,0.001268556637227,31173038.225394618,1,4,0.42
I3,I,27,,0.0015856957965337,0.0015856957965337,32140904.640636478,1,4,0.42
P1,P,28,-0.0003567349353028,-0.0023245756063847,-0.0026813105416875,20000000.0,1,4,0.42
P2,P,28,-0.000215003337602,-0.0025091771956396,-0.0027241805332416,20000000.0,1,4,0.42
I1,I,28,,0.002537113274454,0.002537113274454,36241111.91447201,1,4,0.42
I2,I,28,,0.001268556637227,0.001268556637227,31011353.14956378,1,4,0.42
I3,I,28,,0.0015856957965337,0.0015856957965337,31973698.09371042,1,4,0.42
P1,P,29,-0.0003394872981186,-0.002346544179711,-0.0026860314778296,20000000.0,1,4,0.42
P2,P,29,-0.0002055037123179,-0.0025110836506995,-0.0027165873630175,20000000.0,1,4,0.42
I1,I,29,,0.002537113274454,0.002537113274454,36077313.29830558,1,4,0.42
I2,I,29,,0.001268556637227,0.001268556637227,30861041.528635025,1,4,0.42
I3,I,29,,0.0015856957965337,0.0015856957965337,31818179.92270447,1,4,0.42
P1,P,0,-0.0015720811192072,0.0,-0.0015720811192072,20000000.0,1,22,0.42
P2,P,0,-0.0020456794391153,0.0,-0.0020456794391153,20000000.0,1,22,0.42
I1,I,0,,0.0025489634769492,0.0025489634769492,40737336.52418451,1,22,0.42
I2,I,0,,0.0012744817384746,0.0012744817384746,36907864.37489945,1,22,0.42
I3,I,0,,,,,0,22,0.42
P1,P,1,-0.00146555334581,0.0,-0.00146555334581,20000000.0,1,22,0.42
P2,P,1,-0.0018583404707165,0.0,-0.0018583404707165,20000000.0,1,22,0.42
I1,I,1,,0.0025489634769492,0.0025489634769492,40716517.12553339,1,22,0.42
I2,I,1,,0.0012744817384746,0.0012744817384746,36871514.56920603,1,22,0.42
I3,I,1,,,,,0,22,0.42
P1,P,2,-0.0014583675412984,0.0,-0.0014583675412984,20000000.0,1,22,0.42
P2,P,2,-0.0018243794368514,0.0,-0.0018243794368514,20000000.0,1,22,0.42
I1,I,2,,0.0025489634769492,0.0025489634769492,41030170.78274961,1,22,0.42
I2,I,2,,0.0012744817384746,0.0012744817384746,37076582.07435061,1,22,0.42
I3,I,2,,,,,0,22,0.42
P1,P,3,-0.001476728960565,0.0,-0.001476728960565,20000000.0,1,22,0.42
P2,P,3,-0.0018347765388313,0.0,-0.0018347765388313,20000000.0,1,22,0.42
I1,I,3,,0.0025489634769492,0.0025489634769492,41260040.48518012,1,22,0.42
I2,I,3,,0.0012744817384746,0.0012744817384746,37234205.105875626,1,22,0.42
I3,I,3,,,,,0,22,0.42
P1,P,4,-0.0015025938892568,0.0,-0.0015025938892568,20000000.0,1,22,0.42
P2,P,4,-0.001861275218708,0.0,-0.001861275218708,20000000.0,1,22,0.42
I1,I,4,,0.0025489634769492,0.0025489634769492,41421588.45163897,1,22,0.42
I2,I,4,,0.0012744817384746,0.0012744817384746,37352270.47434701,1,22,0.42
I3,I,4,,,,,0,22,0.42
P1,P,5,-0.0016079543191365,0.0,-0.0016079543191365,20000000.0,1,22,0.42
P2,P,5,-0.001851368793364,-6.10967014569028e-05,-0.0019124654948209,20000000.0,1,22,0.42
I1,I,5,,0.0025489634769492,0.0025489634769492,41932557.776783936,1,22,0.42
I2,I,5,,0.0012744817384746,0.0012744817384746,37801803.51783549,1,22,0.42
I3,I,5,,,,,0,22,0.42
P1,P,6,-0.0016739275790878,0.0,-0.0016739275790878,20000000.0,1,22,0.42
P2,P,6,-0.0016155276118252,-0.0004179284925297,-0.002033456104355,20000000.0,1,22,0.42
I1,I,6,,0.0025489634769492,0.0025489634769492,41986993.93126722,1,22,0.42
I2,I,6,,0.0012744817384746,0.0012744817384746,37804205.47587562,1,22,0.42
I3,I,6,,,,,0,22,0.42
P1,P,7,-0.0016754371567521,-1.2633958804920996e-06,-0.0016767005526326,20000000.0,1,22,0.42
P2,P,7,-0.0013782825845674,-0.0008474879620148,-0.0022257705465822,20000000.0,1,22,0.42
I1,I,7,,0.0025489634769492,0.0025489634769492,41652224.503954,1,22,0.42
I2,I,7,,0.0012744817384746,0.0012744817384746,37423714.67360024,1,22,0.42
I3,I,7,,,,,0,22,0.42
P1,P,8,-0.0015710025417724,-6.12122374749467e-05,-0.0016322147792474,20000000.0,1,22,0.42
P2,P,8,-0.0011943874106479,-0.0011710413081304,-0.0023654287187783,20000000.0,1,22,0.42
I1,I,8,,0.0025489634769492,0.0025489634769492,41100964.29063333,1,22,0.42
I2,I,8,,0.0012744817384746,0.0012744817384746,36853888.86376619,1,22,0.42
I3,I,8,,,,,0,22,0.42
P1,P,9,-0.0014275124985587,-0.0002073366902852,-0.0016348491888439,20000000.0,1,22,0.42
P2,P,9,-0.0010445603323037,-0.0013919675362978,-0.0024365278686016,20000000.0,1,22,0.42
I1,I,9,,0.0025489634769492,0.0025489634769492,40394065.92975305,1,22,0.42
I2,I,9,,0.0012744817384746,0.0012744817384746,36158396.20034282,1,22,0.42
I3,I,9,,,,,0,22,0.42
P1,P,10,-0.0012888413800653,-0.0003544005496566,-0.001643241929722,20000000.0,1,22,0.42
P2,P,10,-0.0009167025221716,-0.0015393321344968,-0.0024560346566684,20000000.0,1,22,0.42
I1,I,10,,0.0025489634769492,0.0025489634769492,39615323.193316855,1,22,0.42
I2,I,10,,0.0012744817384746,0.0012744817384746,35407850.41321927,1,22,0.42
I3,I,10,,,,,0,22,0.42
P1,P,11,-0.0011506986478082,-0.0004725246020882,-0.0016232232498965,20000000.0,1,22,0.42
P2,P,11,-0.0008092101763628,-0.0016418915773712,-0.002451101753734,20000000.0,1,22,0.42
I1,I,11,,0.0025489634769492,0.0025489634769492,38868972.47921042,1,22,0.42
I2,I,11,,0.0012744817384746,0.0012744817384746,34693446.58185405,1,22,0.42
I3,I,11,,,,,0,22,0.42
P1,P,12,-0.001024447713092,-0.0005733739451593,-0.0015978216582513,20000000.0,1,22,0.42
P2,P,12,-0.0007202975246407,-0.0017172113435118,-0.0024375088681526,20000000.0,1,22,0.42
I1,I,12,,0.0025489634769492,0.0025489634769492,38195557.66651439,1,22,0.42
I2,I,12,,0.0012744817384746,0.0012744817384746,34052001.553555995,1,22,0.42
I3,I,12,,,,,0,22,0.42
P1,P,13,-0.0009207300107354,-0.0006577658989191,-0.0015784959096545,20000000.0,1,22,0.42
P2,P,13,-0.0006467880305259,-0.0017741588382287,-0.0024209468687547,20000000.0,1,22,0.42
I1,I,13,,0.0025489634769492,0.0025489634769492,37596342.300911486,1,22,0.42
I2,I,13,,0.0012744817384746,0.0012744817384746,33484371.159519847,1,22,0.42
I3,I,13,,,,,0,22,0.42
P1,P,14,-0.0008365678546255,-0.0007265158055868,-0.0015630836602124,20000000.0,1,22,0.42
P2,P,14,-0.0005856663597888,-0.0018185500964914,-0.0024042164562803,20000000.0,1,22,0.42
I1,I,14,,0.0025489634769492,0.0025489634769492,37066885.24866162,1,22,0.42
I2,I,14,,0.0012744817384746,0.0012744817384746,32985549.30022436,1,22,0.42
I3,I,14,,,,,0,22,0.42
P1,P,15,-0.0007665000584458,-0.0007838269086375,-0.0015503269670834,20000000.0,1,22,0.42
P2,P,15,-0.0005345019099318,-0.0018546557250174,-0.0023891576349492,20000000.0,1,22,0.42
I1,I,15,,0.0025489634769492,0.0025489634769492,36600620.25215713,1,22,0.42
I2,I,15,,0.0012744817384746,0.0012744817384746,32548453.042005945,1,22,0.42
I3,I,15,,,,,0,22,0.42
P1,P,16,-0.0007068276998151,-0.0008339715610973,-0.0015407992609124,20000000.0,1,22,0.42
P2,P,16,-0.0004912841681287,-0.0018847235555258,-0.0023760077236545,20000000.0,1,22,0.42
I1,I,16,,0.0025489634769492,0.0025489634769492,36188399.459844194,1,22,0.42
I2,I,16,,0.0012744817384746,0.0012744817384746,32163889.66381462,1,22,0.42
I3,I,16,,,,,0,22,0.42
P1,P,17,-0.0006551073383183,-0.0008797952384302,-0.0015349025767486,20000000.0,1,22,0.42
P2,P,17,-0.0004543486772149,-0.001909860857701,-0.0023642095349159,20000000.0,1,22,0.42
I1,I,17,,0.0025489634769492,0.0025489634769492,35820323.57354137,1,22,0.42
I2,I,17,,0.0012744817384746,0.0012744817384746,31822137.398384158,1,22,0.42
I3,I,17,,,,,0,22,0.42
P1,P,18,-0.0006095964110021,-0.0009225107118915,-0.0015321071228936,20000000.0,1,22,0.42
P2,P,18,-0.0004224172988482,-0.001930741474674,-0.0023531587735222,20000000.0,1,22,0.42
I1,I,18,,0.0025489634769492,0.0025489634769492,35488347.07790531,1,22,0.42
I2,I,18,,0.0012744817384746,0.0012744817384746,31515288.7794228,1,22,0.42
I3,I,18,,,,,0,22,0.42
P1,P,19,-0.0005692022119588,-0.0009625264248228,-0.0015317286367816,20000000.0,1,22,0.42
P2,P,19,-0.0003945491064904,-0.0019478862738136,-0.0023424353803041,20000000.0,1,22,0.42
I1,I,19,,0.0025489634769492,0.0025489634769492,35186729.72037882,1,22,0.42
I2,I,19,,0.0012744817384746,0.0012744817384746,31237660.3234122,1,22,0.42
I3,I,19,,,,,0,22,0.42
P1,P,20,-0.0005332453227406,-0.0009999133627922,-0.0015331586855328,20000000.0,1,22,0.42
P2,P,20,-0.0003700304934096,-0.0019617857018326,-0.0023318161952422,20000000.0,1,22,0.42
I1,I,20,,0.0025489634769492,0.0025489634769492,34911512.89908688,1,22,0.42
I2,I,20,,0.0012744817384746,0.0012744817384746,30985319.989569627,1,22,0.42
I3,I,20,,,,,0,22,0.42
P1,P,21,-0.0005012695073359,-0.001034802302167,-0.0015360718095029,20000000.0,1,22,0.42
P2,P,21,-0.0003482928300314,-0.001973000285079,-0.0023212931151105,20000000.0,1,22,0.42
I1,I,21,,0.0025489634769492,0.0025489634769492,34659283.66495,1,22,0.42
I2,I,21,,0.0012744817384746,0.0012744817384746,30754876.249846943,1,22,0.42
I3,I,21,,,,,0,22,0.42
P1,P,22,-0.0004727520644193,-0.0010672355470435,-0.0015399876114628,20000000.0,1,22,0.42
P2,P,22,-0.0003288842772242,-0.0019820755220952,-0.0023109597993194,20000000.0,1,22,0.42
I1,I,22,,0.0025489634769492,0.0025489634769492,34427384.35641912,1,22,0.42
I2,I,22,,0.0012744817384746,0.0012744817384746,30543672.9097296,1,22,0.42
I3,I,22,,,,,0,22,0.42
P1,P,23,-0.0005479299257422,-0.0014190307420349,-0.0019669606677771,20000000.0,1,22,0.42
P2,P,23,-0.0003791583347891,-0.0025956303386294,-0.0029747886734186,20000000.0,1,22,0.42
I1,I,23,,0.0025489634769492,0.0025489634769492,36607629.83394669,1,22,0.42
I2,I,23,,0.0012744817384746,0.0012744817384746,32604833.602808524,1,22,0.42
I3,I,23,,0.0015931021730932,0.0015931021730932,33277205.13796173,1,22,0.42
P1,P,24,-0.0005485194561389,-0.0015768496124415,-0.0021253690685805,20000000.0,1,22,0.42
P2,P,24,-0.0003769221963406,-0.0028040147957262,-0.0031809369920669,20000000.0,1,22,0.42
I1,I,24,,0.0025489634769492,0.0025489634769492,36895243.43502935,1,22,0.42
I2,I,24,,0.0012744817384746,0.0012744817384746,32868390.21235439,1,22,0.42
I3,I,24,,0.0015931021730932,0.0015931021730932,33429729.90785314,1,22,0.42
P1,P,25,-0.0005236380695517,-0.0016517631662711,-0.0021754012358229,20000000.0,1,22,0.42
P2,P,25,-0.0003596377171341,-0.0028773998169513,-0.0032370375340854,20000000.0,1,22,0.42
I1,I,25,,0.0025489634769492,0.0025489634769492,36790655.8176762,1,22,0.42
I2,I,25,,0.0012744817384746,0.0012744817384746,32773604.92947056,1,22,0.42
I3,I,25,,0.0015931021730932,0.0015931021730932,33286521.63311889,1,22,0.42
P1,P,26,-0.0004935897897494,-0.0016987942370968,-0.0021923840268462,20000000.0,1,22,0.42
P2,P,26,-0.000339705949928,-0.0029069897934146,-0.0032466957433426,20000000.0,1,22,0.42
I1,I,26,,0.0025489634769492,0.0025489634769492,36588571.11677435,1,22,0.42
I2,I,26,,0.0012744817384746,0.0012744817384746,32588771.50018401,1,22,0.42
I3,I,26,,0.0015931021730932,0.0015931021730932,33069810.90007781,1,22,0.42
P1,P,27,-0.0004644570855587,-0.0017358852913794,-0.0022003423769382,20000000.0,1,22,0.42
P2,P,27,-0.000320649137374,-0.002921783835995,-0.0032424329733691,20000000.0,1,22,0.42
I1,I,27,,0.0025489634769492,0.0025489634769492,36371230.619247,1,22,0.42
I2,I,27,,0.0012744817384746,0.0012744817384746,32389969.67762909,1,22,0.42
I3,I,27,,0.0015931021730932,0.0015931021730932,32847528.536854565,1,22,0.42
P1,P,28,-0.0004377693123986,-0.0017683672747872,-0.0022061365871859,20000000.0,1,22,0.42
P2,P,28,-0.0003032043968353,-0.0029310706931051,-0.0032342750899404,20000000.0,1,22,0.42
I1,I,28,,0.0025489634769492,0.0025489634769492,36161344.8752292,1,22,0.42
I2,I,28,,0.0012744817384746,0.0012744817384746,32198197.161270443,1,22,0.42
I3,I,28,,0.0015931021730932,0.0015931021730932,32637259.479385927,1,22,0.42
P1,P,29,-0.0004136745043157,-0.001797919144203,-0.0022115936485188,20000000.0,1,22,0.42
P2,P,29,-0.0002873538781691,-0.0029378871479644,-0.0032252410261335,20000000.0,1,22,0.42
I1,I,29,,0.0025489634769492,0.0025489634769492,35964148.38925425,1,22,0.42
I2,I,29,,0.0012744817384746,0.0012744817384746,32018237.06034927,1,22,0.42
I3,I,29,,0.0015931021730932,0.0015931021730932,32442052.23690655,1,22,0.42
P1,P,0,-0.001502931961175,0.0,-0.001502931961175,20000000.0,1,13,0.42
P2,P,0,-0.0020023545526546,0.0,-0.0020023545526546,20000000.0,1,13,0.42
I1,I,0,,0.0025485462358361,0.0025485462358361,40240226.46979291,1,13,0.42
I2,I,0,,0.001274273117918,0.001274273117918,36032302.539238185,1,13,0.42
I3,I,0,,,,,0,13,0.42
P1,P,1,-0.0014027404331138,0.0,-0.0014027404331138,20000000.0,1,13,0.42
P2,P,1,-0.0018277202780569,0.0,-0.0018277202780569,20000000.0,1,13,0.42
I1,I,1,,0.0025485462358361,0.0025485462358361,40307697.48178841,1,13,0.42
I2,I,1,,0.001274273117918,0.001274273117918,36138522.32116129,1,13,0.42
I3,I,1,,,,,0,13,0.42
P1,P,2,-0.0013991812202747,0.0,-0.0013991812202747,20000000.0,1,13,0.42
P2,P,2,-0.0018021138295349,0.0,-0.0018021138295349,20000000.0,1,13,0.42
I1,I,2,,0.0025485462358361,0.0025485462358361,40666139.16845726,1,13,0.42
I2,I,2,,0.001274273117918,0.001274273117918,36395292.473084494,1,13,0.42
I3,I,2,,,,,0,13,0.42
P1,P,3,-0.0014199533703172,0.0,-0.0014199533703172,20000000.0,1,13,0.42
P2,P,3,-0.0018185740910757,0.0,-0.0018185740910757,20000000.0,1,13,0.42
I1,I,3,,0.0025485462358361,0.0025485462358361,40933385.04431246,1,13,0.42
I2,I,3,,0.001274273117918,0.001274273117918,36589748.2157892,1,13,0.42
I3,I,3,,,,,0,13,0.42
P1,P,4,-0.0014477118809951,0.0,-0.0014477118809951,20000000.0,1,13,0.42
P2,P,4,-0.0018499033327026,0.0,-0.0018499033327026,20000000.0,1,13,0.42
I1,I,4,,0.0025485462358361,0.0025485462358361,41127424.82099264,1,13,0.42
I2,I,4,,0.001274273117918,0.001274273117918,36738321.9039717,1,13,0.42
I3,I,4,,,,,0,13,0.42
P1,P,5,-0.0015617140578939,0.0,-0.0015617140578939,20000000.0,1,13,0.42
P2,P,5,-0.0018368896491197,-6.938002549915212e-05,-0.0019062696746189,20000000.0,1,13,0.42
I1,I,5,,0.0025485462358361,0.0025485462358361,41755943.62059996,1,13,0.42
I2,I,5,,0.001274273117918,0.001274273117918,37299602.80302484,1,13,0.42
I3,I,5,,,,,0,13,0.42
P1,P,6,-0.001633973840445,0.0,-0.001633973840445,20000000.0,1,13,0.42
P2,P,6,-0.0015944867793821,-0.0004554604247962,-0.0020499472041783,20000000.0,1,13,0.42
I1,I,6,,0.0025485462358361,0.0025485462358361,41876192.82809868,1,13,0.42
I2,I,6,,0.001274273117918,0.001274273117918,37358546.08104348,1,13,0.42
I3,I,6,,,,,0,13,0.42
P1,P,7,-0.0016447005370732,-8.87953707379854e-07,-0.0016455884907806,20000000.0,1,13,0.42
P2,P,7,-0.0013547362668291,-0.0008988297103033,-0.0022535659771324,20000000.0,1,13,0.42
I1,I,7,,0.0025485462358361,0.0025485462358361,41568363.71906318,1,13,0.42
I2,I,7,,0.001274273117918,0.001274273117918,37002080.01359473,1,13,0.42
I3,I,7,,,,,0,13,0.42
P1,P,8,-0.0015545264994916,-6.396646111670897e-05,-0.0016184929606083,20000000.0,1,13,0.42
P2,P,8,-0.0011693686331407,-0.0012273293002777,-0.0023966979334184,20000000.0,1,13,0.42
I1,I,8,,0.0025485462358361,0.0025485462358361,40999707.09206741,1,13,0.42
I2,I,8,,0.001274273117918,0.001274273117918,36418473.83887954,1,13,0.42
I3,I,8,,,,,0,13,0.42
P1,P,9,-0.0014215545698596,-0.0002028903021689,-0.0016244448720286,20000000.0,1,13,0.42
P2,P,9,-0.0010217187964843,-0.0014442592062136,-0.002465978002698,20000000.0,1,13,0.42
I1,I,9,,0.0025485462358361,0.0025485462358361,40268116.83192733,1,13,0.42
I2,I,9,,0.001274273117918,0.001274273117918,35702662.80249941,1,13,0.42
I3,I,9,,,,,0,13,0.42
P1,P,10,-0.0012811755087175,-0.0003254015506742,-0.0016065770593917,20000000.0,1,13,0.42
P2,P,10,-0.0009008505295365,-0.0015879025753459,-0.0024887531048824,20000000.0,1,13,0.42
I1,I,10,,0.0025485462358361,0.0025485462358361,39508270.19826715,1,13,0.42
I2,I,10,,0.001274273117918,0.001274273117918,34970707.14940921,1,13,0.42
I3,I,10,,,,,0,13,0.42
P1,P,11,-0.0011421524440271,-0.0004361839701018,-0.0015783364141289,20000000.0,1,13,0.42
P2,P,11,-0.0008011898878486,-0.0016877990390418,-0.0024889889268905,20000000.0,1,13,0.42
I1,I,11,,0.0025485462358361,0.0025485462358361,38792623.487144604,1,13,0.42
I2,I,11,,0.001274273117918,0.001274273117918,34286452.89775098,1,13,0.42
I3,I,11,,,,,0,13,0.42
P1,P,12,-0.0010157987980037,-0.00053792360599,-0.0015537224039938,20000000.0,1,13,0.42
P2,P,12,-0.000718647493849,-0.0017604877954442,-0.0024791352892933,20000000.0,1,13,0.42
I1,I,12,,0.0025485462358361,0.0025485462358361,38141746.59834476,1,13,0.42
I2,I,12,,0.001274273117918,0.001274273117918,33668181.51944137,1,13,0.42
I3,I,12,,,,,0,13,0.42
P1,P,13,-0.0009115960469154,-0.0006204348851353,-0.0015320309320508,20000000.0,1,13,0.42
P2,P,13,-0.00065004677677,-0.0018159035669636,-0.0024659503437337,20000000.0,1,13,0.42
I1,I,13,,0.0025485462358361,0.0025485462358361,37561546.86271836,1,13,0.42
I2,I,13,,0.001274273117918,0.001274273117918,33120168.49364581,1,13,0.42
I3,I,13,,,,,0,13,0.42
P1,P,14,-0.0009619702889141,-0.000867929679825,-0.0018298999687392,20000000.0,1,13,0.42
P2,P,14,-0.0006813966399289,-0.0023635751936195,-0.0030449718335484,20000000.0,1,13,0.42
I1,I,14,,0.0025485462358361,0.0025485462358361,39674367.89125198,1,13,0.42
I2,I,14,,0.001274273117918,0.001274273117918,35123392.476768,1,13,0.42
I3,I,14,,0.0015928413973975,0.0015928413973975,37226329.62900871,1,13,0.42
P1,P,15,-0.0009372574257089,-0.0010482969422307,-0.0019855543679397,20000000.0,1,13,0.42
P2,P,15,-0.0006621249878363,-0.0026436111799955,-0.0033057361678318,20000000.0,1,13,0.42
I1,I,15,,0.0025485462358361,0.0025485462358361,39973685.842949,1,13,0.42
I2,I,15,,0.001274273117918,0.001274273117918,35382446.22178303,1,13,0.42
I3,I,15,,0.0015928413973975,0.0015928413973975,37348077.74096624,1,13,0.42
P1,P,16,-0.0008778718959085,-0.0011660134993632,-0.0020438853952717,20000000.0,1,13,0.42
P2,P,16,-0.0006230436016312,-0.0027895704110003,-0.0034126140126315,20000000.0,1,13,0.42
I1,I,16,,0.0025485462358361,0.0025485462358361,39781074.83980578,1,13,0.42
I2,I,16,,0.001274273117918,0.001274273117918,35196484.152947746,1,13,0.42
I3,I,16,,0.0015928413973975,0.0015928413973975,37107673.373406254,1,13,0.42
P1,P,17,-0.0008101724556488,-0.0012528521079279,-0.0020630245635767,20000000.0,1,13,0.42
P2,P,17,-0.0005792737484726,-0.0028701965028557,-0.0034494702513283,20000000.0,1,13,0.42
I1,I,17,,0.0025485462358361,0.0025485462358361,39415659.19534312,1,13,0.42
I2,I,17,,0.001274273117918,0.001274273117918,34853607.17850542,1,13,0.42
I3,I,17,,0.0015928413973975,0.0015928413973975,36728733.96145203,1,13,0.42
P1,P,18,-0.0007438537638221,-0.0013270797036016,-0.0020709334674238,20000000.0,1,13,0.42
P2,P,18,-0.0005369347988379,-0.0029171921618133,-0.0034541269606513,20000000.0,1,13,0.42
I1,I,18,,0.0025485462358361,0.0025485462358361,38997805.108789645,1,13,0.42
I2,I,18,,0.001274273117918,0.001274273117918,34464710.2971556,1,13,0.42
I3,I,18,,0.0015928413973975,0.0015928413973975,36311275.87991273,1,13,0.42
P1,P,19,-0.0006825329493971,-0.0013949310154203,-0.0020774639648174,20000000.0,1,13,0.42
P2,P,19,-0.0004980353669519,-0.0029456705473443,-0.0034437059142962,20000000.0,1,13,0.42
I1,I,19,,0.0025485462358361,0.0025485462358361,38576592.37709134,1,13,0.42
I2,I,19,,0.001274273117918,0.001274273117918,34074741.73485482,1,13,0.42
I3,I,19,,0.0015928413973975,0.0015928413973975,35896891.634374864,1,13,0.42
P1,P,20,-0.0006276667947983,-0.0014577228916336,-0.002085389686432,20000000.0,1,13,0.42
P2,P,20,-0.0004630033034344,-0.002963055534438,-0.0034260588378725,20000000.0,1,13,0.42
I1,I,20,,0.0025485462358361,0.0025485462358361,38172395.61210453,1,13,0.42
I2,I,20,,0.001274273117918,0.001274273117918,33702056.34273541,1,13,0.42
I3,I,20,,0.0015928413973975,0.0015928413973975,35502624.99646957,1,13,0.42
P1,P,21,-0.0005794207759091,-0.0015153758029255,-0.0020947965788346,20000000.0,1,13,0.42
P2,P,21,-0.0004317572600804,-0.0029735130814658,-0.0034052703415463,20000000.0,1,13,0.42
I1,I,21,,0.0025485462358361,0.0025485462358361,37793484.63841565,1,13,0.42
I2,I,21,,0.001274273117918,0.001274273117918,33353838.52851882,1,13,0.42
I3,I,21,,0.0015928413973975,0.0015928413973975,35135070.90927614,1,13,0.42
P1,P,22,-0.000537293751858,-0.0015677059256602,-0.0021049996775183,20000000.0,1,13,0.42
P2,P,22,-0.0004039798739523,-0.0029797164700658,-0.0033836963440182,20000000.0,1,13,0.42
I1,I,22,,0.0025485462358361,0.0025485462358361,37442788.67221591,1,13,0.42
I2,I,22,,0.001274273117918,0.001274273117918,33032426.870838743,1,13,0.42
I3,I,22,,0.0015928413973975,0.0015928413973975,34796250.37440736,1,13,0.42
P1,P,23,-0.000500525860235,-0.0016148816404589,-0.002115407500694,20000000.0,1,13,0.42
P2,P,23,-0.0003792247607991,-0.0029835342829034,-0.0033627590437026,20000000.0,1,13,0.42
I1,I,23,,0.0025485462358361,0.0025485462358361,37120242.232626095,1,13,0.42
I2,I,23,,0.001274273117918,0.001274273117918,32737465.065251414,1,13,0.42
I3,I,23,,0.0015928413973975,0.0015928413973975,34485589.449139245,1,13,0.42
P1,P,24,-0.0004683179184765,-0.001657389298118,-0.0021257072165946,20000000.0,1,13,0.42
P2,P,24,-0.0003570430854062,-0.0029860661510229,-0.0033431092364292,20000000.0,1,13,0.42
I1,I,24,,0.0025485462358361,0.0025485462358361,36824173.93918741,1,13,0.42
I2,I,24,,0.001274273117918,0.001274273117918,32467212.029740952,1,13,0.42
I3,I,24,,0.0015928413973975,0.0015928413973975,34201147.85772867,1,13,0.42
P1,P,25,-0.0004399359359835,-0.0016958425015883,-0.0021357784375718,20000000.0,1,13,0.42
P2,P,25,-0.0003370467275765,-0.0029879062108937,-0.0033249529384702,20000000.0,1,13,0.42
I1,I,25,,0.0025485462358361,0.0025485462358361,36552107.16828666,1,13,0.42
I2,I,25,,0.001274273117918,0.001274273117918,32219256.940170374,1,13,0.42
I3,I,25,,0.0015928413973975,0.0015928413973975,33940320.767933056,1,13,0.42
P1,P,26,-0.0004147584459988,-0.0017306847410783,-0.0021454431870772,20000000.0,1,13,0.42
P2,P,26,-0.000318932046287,-0.0029893556227427,-0.0033082876690297,20000000.0,1,13,0.42
I1,I,26,,0.0025485462358361,0.0025485462358361,36301756.410973154,1,13,0.42
I2,I,26,,0.001274273117918,0.001274273117918,31991413.227767896,1,13,0.42
I3,I,26,,0.0015928413973975,0.0015928413973975,33700759.66373702,1,13,0.42
P1,P,27,-0.000392259546468,-0.0017624302085113,-0.0021546897549794,20000000.0,1,13,0.42
P2,P,27,-0.0003024616914673,-0.0029905288720058,-0.0032929905634731,20000000.0,1,13,0.42
I1,I,27,,0.0025485462358361,0.0025485462358361,36070957.13358112,1,13,0.42
I2,I,27,,0.001274273117918,0.001274273117918,31781657.6963801,1,13,0.42
I3,I,27,,0.0015928413973975,0.0015928413973975,33480288.1203443,1,13,0.42
P1,P,28,-0.0003720243308686,-0.0017914849212385,-0.0021635092521071,20000000.0,1,13,0.42
P2,P,28,-0.0002874473783074,-0.0029914695058333,-0.0032789168841407,20000000.0,1,13,0.42
I1,I,28,,0.0025485462358361,0.0025485462358361,35857835.495880075,1,13,0.42
I2,I,28,,0.001274273117918,0.001274273117918,31588250.458286025,1,13,0.42
I3,I,28,,0.0015928413973975,0.0015928413973975,33277037.56802801,1,13,0.42
P1,P,29,-0.000353717542663,-0.0018181890662841,-0.0021719066089472,20000000.0,1,13,0.42
P2,P,29,-0.0002737253225889,-0.0029922263766985,-0.0032659516992874,20000000.0,1,13,0.42
I1,I,29,,0.0025485462358361,0.0025485462358361,35660715.89473738,1,13,0.42
I2,I,29,,0.001274273117918,0.001274273117918,31409639.5484441,1,13,0.42
I3,I,29,,0.0015928413973975,0.0015928413973975,33089348.20374817,1,13,0.42
P1,P,0,-0.0016295700630996,0.0,-0.0016295700630996,20000000.0,1,15,0.42
P2,P,0,-0.0018789112006896,0.0,-0.0018789112006896,20000000.0,1,15,0.42
I1,I,0,,0.0025446512317736,0.0025446512317736,39558476.66180045,1,15,0.42
I2,I,0,,0.0012723256158868,0.0012723256158868,36187947.3853632,1,15,0.42
I3,I,0,,,,,0,15,0.42
P1,P,1,-0.0015037297212479,0.0,-0.0015037297212479,20000000.0,1,15,0.42
P2,P,1,-0.0017376498209905,0.0,-0.0017376498209905,20000000.0,1,15,0.42
I1,I,1,,0.0025446512317736,0.0025446512317736,39752079.02448722,1,15,0.42
I2,I,1,,0.0012723256158868,0.0012723256158868,36270560.113399886,1,15,0.42
I3,I,1,,,,,0,15,0.42
P1,P,2,-0.0014938553095941,0.0,-0.0014938553095941,20000000.0,1,15,0.42
P2,P,2,-0.0017219530915438,0.0,-0.0017219530915438,20000000.0,1,15,0.42
I1,I,2,,0.0025446512317736,0.0025446512317736,40139187.52933325,1,15,0.42
I2,I,2,,0.0012723256158868,0.0012723256158868,36529639.37272766,1,15,0.42
I3,I,2,,,,,0,15,0.42
P1,P,3,-0.0015137680521883,0.0,-0.0015137680521883,20000000.0,1,15,0.42
P2,P,3,-0.0017402084668315,0.0,-0.0017402084668315,20000000.0,1,15,0.42
I1,I,3,,0.0025446512317736,0.0025446512317736,40412392.48868612,1,15,0.42
I2,I,3,,0.0012723256158868,0.0012723256158868,36724475.89073299,1,15,0.42
I3,I,3,,,,,0,15,0.42
P1,P,4,-0.001542344972047,0.0,-0.001542344972047,20000000.0,1,15,0.42
P2,P,4,-0.0017702247289577,0.0,-0.0017702247289577,20000000.0,1,15,0.42
I1,I,4,,0.0025446512317736,0.0025446512317736,40605982.65977564,1,15,0.42
I2,I,4,,0.0012723256158868,0.0012723256158868,36871824.16494244,1,15,0.42
I3,I,4,,,,,0,15,0.42
P1,P,5,-0.0016596579620495,0.0,-0.0016596579620495,20000000.0,1,15,0.42
P2,P,5,-0.0017698855824358,-5.630900295006837e-05,-0.0018261945853858,20000000.0,1,15,0.42
I1,I,5,,0.0025446512317736,0.0025446512317736,41214262.0541687,1,15,0.42
I2,I,5,,0.0012723256158868,0.0012723256158868,37416355.25521222,1,15,0.42
I3,I,5,,,,,0,15,0.42
P1,P,6,-0.001737181548249,0.0,-0.001737181548249,20000000.0,1,15,0.42
P2,P,6,-0.0015361719105388,-0.0003981652431978,-0.0019343371537366,20000000.0,1,15,0.42
I1,I,6,,0.0025446512317736,0.0025446512317736,41350632.46403715,1,15,0.42
I2,I,6,,0.0012723256158868,0.0012723256158868,37501496.16057668,1,15,0.42
I3,I,6,,,,,0,15,0.42
P1,P,7,-0.001742336528992,-2.2816116799983677e-06,-0.001744618140672,20000000.0,1,15,0.42
P2,P,7,-0.0013092291734449,-0.000811945466088,-0.002121174639533,20000000.0,1,15,0.42
I1,I,7,,0.0025446512317736,0.0025446512317736,41087605.3803234,1,15,0.42
I2,I,7,,0.0012723256158868,0.0012723256158868,37195157.57248188,1,15,0.42
I3,I,7,,,,,0,15,0.42
P1,P,8,-0.0016234950952658,-8.581562347959356e-05,-0.0017093107187454,20000000.0,1,15,0.42
P2,P,8,-0.0011349303595149,-0.0011298085526952,-0.0022647389122101,20000000.0,1,15,0.42
I1,I,8,,0.0025446512317736,0.0025446512317736,40577733.29952254,1,15,0.42
I2,I,8,,0.0012723256158868,0.0012723256158868,36670371.43180932,1,15,0.42
I3,I,8,,,,,0,15,0.42
P1,P,9,-0.0014634044291892,-0.0002690951917189,-0.0017324996209081,20000000.0,1,15,0.42
P2,P,9,-0.0009901878875612,-0.0013500563472873,-0.0023402442348485,20000000.0,1,15,0.42
I1,I,9,,0.0025446512317736,0.0025446512317736,39862713.26967555,1,15,0.42
I2,I,9,,0.0012723256158868,0.0012723256158868,35971591.146797895,1,15,0.42
I3,I,9,,,,,0,15,0.42
P1,P,10,-0.0013116511766315,-0.000442872415513,-0.0017545235921446,20000000.0,1,15,0.42
P2,P,10,-0.0008657185509143,-0.0014945743302551,-0.0023602928811695,20000000.0,1,15,0.42
I1,I,10,,0.0025446512317736,0.0025446512317736,39042852.23357176,1,15,0.42
I2,I,10,,0.0012723256158868,0.0012723256158868,35185306.16742262,1,15,0.42
I3,I,10,,,,,0,15,0.42
P1,P,11,-0.0011742873492253,-0.000575179536471,-0.0017494668856964,20000000.0,1,15,0.42
P2,P,11,-0.0007611577484432,-0.0015883494877007,-0.0023495072361439,20000000.0,1,15,0.42
I1,I,11,,0.0025446512317736,0.0025446512317736,38233423.32987718,1,15,0.42
I2,I,11,,0.0012723256158868,0.0012723256158868,34414806.13042056,1,15,0.42
I3,I,11,,,,,0,15,0.42
P1,P,12,-0.0010498383377986,-0.0006706014216877,-0.0017204397594864,20000000.0,1,15,0.42
P2,P,12,-0.0006762030678053,-0.0016536873312441,-0.0023298903990494,20000000.0,1,15,0.42
I1,I,12,,0.0025446512317736,0.0025446512317736,37512114.80973449,1,15,0.42
I2,I,12,,0.0012723256158868,0.0012723256158868,33731016.37468537,1,15,0.42
I3,I,12,,,,,0,15,0.42
P1,P,13,-0.000946859518596,-0.0007454183075202,-0.0016922778261163,20000000.0,1,15,0.42
P2,P,13,-0.0006076216087106,-0.0017030033762577,-0.0023106249849683,20000000.0,1,15,0.42
I1,I,13,,0.0025446512317736,0.0025446512317736,36888839.877645575,1,15,0.42
I2,I,13,,0.0012723256158868,0.0012723256158868,33143021.72493861,1,15,0.42
I3,I,13,,,,,0,15,0.42
P1,P,14,-0.0008643597503406,-0.0008078198182007,-0.0016721795685413,20000000.0,1,15,0.42
P2,P,14,-0.000551466880284,-0.0017419065713185,-0.0022933734516025,20000000.0,1,15,0.42
I1,I,14,,0.0025446512317736,0.0025446512317736,36347662.698976144,1,15,0.42
I2,I,14,,0.0012723256158868,0.0012723256158868,32635325.17928044,1,15,0.42
I3,I,14,,,,,0,15,0.42
P1,P,15,-0.0007956267367185,-0.0008625248363545,-0.0016581515730731,20000000.0,1,15,0.42
P2,P,15,-0.0005047695068302,-0.0017732155773932,-0.0022779850842234,20000000.0,1,15,0.42
I1,I,15,,0.0025446512317736,0.0025446512317736,35873554.56871348,1,15,0.42
I2,I,15,,0.0012723256158868,0.0012723256158868,32192999.266509145,1,15,0.42
I3,I,15,,,,,0,15,0.42
P1,P,16,-0.0008706932212909,-0.0011635919601097,-0.0020342851814007,20000000.0,1,15,0.42
P2,P,16,-0.0005433769074365,-0.0022990011409182,-0.0028423780483547,20000000.0,1,15,0.42
I1,I,16,,0.0025446512317736,0.0025446512317736,38026199.28823576,1,15,0.42
I2,I,16,,0.0012723256158868,0.0012723256158868,34215026.76171599,1,15,0.42
I3,I,16,,0.0015904070198585,0.0015904070198585,35679766.84458685,1,15,0.42
P1,P,17,-0.0008546054083799,-0.0013561183938732,-0.0022107238022532,20000000.0,1,15,0.42
P2,P,17,-0.0005333849987718,-0.0025392505973037,-0.0030726355960755,20000000.0,1,15,0.42
I1,I,17,,0.0025446512317736,0.0025446512317736,38322384.03752407,1,15,0.42
I2,I,17,,0.0012723256158868,0.0012723256158868,34482584.02213454,1,15,0.42
I3,I,17,,0.0015904070198585,0.0015904070198585,35809311.51069816,1,15,0.42
P1,P,18,-0.0007995659938857,-0.0014772044674557,-0.0022767704613414,20000000.0,1,15,0.42
P2,P,18,-0.0005049879660623,-0.0026503267247414,-0.0031553146908038,20000000.0,1,15,0.42
I1,I,18,,0.0025446512317736,0.0025446512317736,38145056.852444105,1,15,0.42
I2,I,18,,0.0012723256158868,0.0012723256158868,34317965.52739458,1,15,0.42
I3,I,18,,0.0015904070198585,0.0015904070198585,35587761.66526227,1,15,0.42
P1,P,19,-0.0007363799844057,-0.001565384672259,-0.0023017646566648,20000000.0,1,15,0.42
P2,P,19,-0.0004720778964498,-0.0027050055787947,-0.0031770834752445,20000000.0,1,15,0.42
I1,I,19,,0.0025446512317736,0.0025446512317736,37816120.57946743,1,15,0.42
I2,I,19,,0.0012723256158868,0.0012723256158868,34013007.08764778,1,15,0.42
I3,I,19,,0.0015904070198585,0.0015904070198585,35245449.35715622,1,15,0.42
P1,P,20,-0.0006761684002082,-0.0016372982163258,-0.0023134666165341,20000000.0,1,15,0.42
P2,P,20,-0.0004401332378605,-0.0027338515633532,-0.0031739848012138,20000000.0,1,15,0.42
I1,I,20,,0.0025446512317736,0.0025446512317736,37450530.20529092,1,15,0.42
I2,I,20,,0.0012723256158868,0.0012723256158868,33674719.46793806,1,15,0.42
I3,I,20,,0.0015904070198585,0.0015904070198585,34878665.13685968,1,15,0.42
P1,P,21,-0.0006223350592319,-0.001699626457259,-0.0023219615164909,20000000.0,1,15,0.42
P2,P,21,-0.0004109007975254,-0.0027500144580629,-0.0031609152555883,20000000.0,1,15,0.42
I1,I,21,,0.0025446512317736,0.0025446512317736,37090681.81484442,1,15,0.42
I2,I,21,,0.0012723256158868,0.0012723256158868,33342607.567330968,1,15,0.42
I3,I,21,,0.0015904070198585,0.0015904070198585,34523174.411049575,1,15,0.42
P1,P,22,-0.0005752264009633,-0.0017550207916573,-0.0023302471926206,20000000.0,1,15,0.42
P2,P,22,-0.0003846616237625,-0.0027594804769454,-0.003144142100708,20000000.0,1,15,0.42
I1,I,22,,0.0025446512317736,0.0025446512317736,36751246.02433439,1,15,0.42
I2,I,22,,0.0012723256158868,0.0012723256158868,33030146.46700957,1,15,0.42
I3,I,22,,0.0015904070198585,0.0015904070198585,34190792.0302432,1,15,0.42
P1,P,23,-0.0005341670121719,-0.0018047217465081,-0.00233888875868,20000000.0,1,15,0.42
P2,P,23,-0.0003612276222914,-0.0027651489833728,-0.0031263766056643,20000000.0,1,15,0.42
I1,I,23,,0.0025446512317736,0.0025446512317736,36436472.50615621,1,15,0.42
I2,I,23,,0.0012723256158868,0.0012723256158868,32741087.64757484,1,15,0.42
I3,I,23,,0.0015904070198585,0.0015904070198585,33884382.19743432,1,15,0.42
P1,P,24,-0.0004982890628718,-0.0018495430145243,-0.0023478320773962,20000000.0,1,15,0.42
P2,P,24,-0.0003403191822373,-0.0027684758044354,-0.0031087949866727,20000000.0,1,15,0.42
I1,I,24,,0.0025446512317736,0.0025446512317736,36146679.93525504,1,15,0.42
I2,I,24,,0.0012723256158868,0.0012723256158868,32475576.887363862,1,15,0.42
I3,I,24,,0.0015904070198585,0.0015904070198585,33603540.29253147,1,15,0.42
P1,P,25,-0.0004667840846356,-0.0018901148075139,-0.0023568988921496,20000000.0,1,15,0.42
P2,P,25,-0.0003216493915621,-0.0027702834036199,-0.0030919327951821,20000000.0,1,15,0.42
I1,I,25,,0.0025446512317736,0.0025446512317736,35880673.85876845,1,15,0.42
I2,I,25,,0.0012723256158868,0.0012723256158868,32232401.47061934,1,15,0.42
I3,I,25,,0.0015904070198585,0.0015904070198585,33346674.919209227,1,15,0.42
P1,P,26,-0.000438938507606,-0.0019269405907831,-0.0023658790983892,20000000.0,1,15,0.42
P2,P,26,-0.000304934115272,-0.0027711234815093,-0.0030760575967813,20000000.0,1,15,0.42
I1,I,26,,0.0025446512317736,0.0025446512317736,35636749.22366399,1,15,0.42
I2,I,26,,0.0012723256158868,0.0012723256158868,32009896.75959875,1,15,0.42
I3,I,26,,0.0015904070198585,0.0015904070198585,33111853.014243934,1,15,0.42
P1,P,27,-0.0004141435070541,-0.0019604740024001,-0.0023746175094543,20000000.0,1,15,0.42
P2,P,27,-0.0002898534049732,-0.0027715462874395,-0.0030613996924128,20000000.0,1,15,0.42
I1,I,27,,0.0025446512317736,0.0025446512317736,35412645.422496945,1,15,0.42
I2,I,27,,0.0012723256158868,0.0012723256158868,31805850.899134506,1,15,0.42
I3,I,27,,0.0015904070198585,0.0015904070198585,32896673.392106272,1,15,0.42
P1,P,28,-0.0003918983624485,-0.0019911555599997,-0.0023830539224483,20000000.0,1,15,0.42
P2,P,28,-0.0002761136395997,-0.0027718819209721,-0.0030479955605719,20000000.0,1,15,0.42
I1,I,28,,0.0025446512317736,0.0025446512317736,35205861.673281625,1,15,0.42
I2,I,28,,0.0012723256158868,0.0012723256158868,31617849.610561423,1,15,0.42
I3,I,28,,0.0015904070198585,0.0015904070198585,32698558.77064445,1,15,0.42
P1,P,29,-0.0003717782623,-0.00201932453855,-0.0023911028008501,20000000.0,1,15,0.42
P2,P,29,-0.0002634842800195,-0.0027722717450343,-0.0030357560250538,20000000.0,1,15,0.42
I1,I,29,,0.0025446512317736,0.0025446512317736,35014266.14121625,1,15,0.42
I2,I,29,,0.0012723256158868,0.0012723256158868,31443857.31299773,1,15,0.42
I3,I,29,,0.0015904070198585,0.0015904070198585,32515338.942593157,1,15,0.42
P1,P,0,-0.0015411264098172,0.0,-0.0015411264098172,20000000.0,1,12,0.42
P2,P,0,-0.0019878776356912,0.0,-0.0019878776356912,20000000.0,1,12,0.42
I1,I,0,,0.0025451453599834,0.0025451453599834,39497726.35977841,1,12,0.42
I2,I,0,,0.0012725726799917,0.0012725726799917,36284453.885201216,1,12,0.42
I3,I,0,,,,,0,12,0.42
P1,P,1,-0.0014329243050227,0.0,-0.0014329243050227,20000000.0,1,12,0.42
P2,P,1,-0.0018247077121313,0.0,-0.0018247077121313,20000000.0,1,12,0.42
I1,I,1,,0.0025451453599834,0.0025451453599834,39671284.07492951,1,12,0.42
I2,I,1,,0.0012725726799917,0.0012725726799917,36313562.86133855,1,12,0.42
I3,I,1,,,,,0,12,0.42
P1,P,2,-0.0014267502607309,0.0,-0.0014267502607309,20000000.0,1,12,0.42
P2,P,2,-0.0018026837635774,0.0,-0.0018026837635774,20000000.0,1,12,0.42
I1,I,2,,0.0025451453599834,0.0025451453599834,40036288.86721857,1,12,0.42
I2,I,2,,0.0012725726799917,0.0012725726799917,36544267.6065971,1,12,0.42
I3,I,2,,,,,0,12,0.42
P1,P,3,-0.0014463302504859,0.0,-0.0014463302504859,20000000.0,1,12,0.42
P2,P,3,-0.0018192666452884,0.0,-0.0018192666452884,20000000.0,1,12,0.42
I1,I,3,,0.0025451453599834,0.0025451453599834,40294928.487193935,1,12,0.42
I2,I,3,,0.0012725726799917,0.0012725726799917,36723484.147055045,1,12,0.42
I3,I,3,,,,,0,12,0.42
P1,P,4,-0.0014732967134077,0.0,-0.0014732967134077,20000000.0,1,12,0.42
P2,P,4,-0.0018492433041064,0.0,-0.0018492433041064,20000000.0,1,12,0.42
I1,I,4,,0.0025451453599834,0.0025451453599834,40478146.98478017,1,12,0.42
I2,I,4,,0.0012725726799917,0.0012725726799917,36860622.19211835,1,12,0.42
I3,I,4,,,,,0,12,0.42
P1,P,5,-0.0015843862025976,0.0,-0.0015843862025976,20000000.0,1,12,0.42
P2,P,5,-0.0018339857496992,-6.588679074294924e-05,-0.0018998725404422,20000000.0,1,12,0.42
I1,I,5,,0.0025451453599834,0.0025451453599834,41058381.81007491,1,12,0.42
I2,I,5,,0.0012725726799917,0.0012725726799917,37382766.32131465,1,12,0.42
I3,I,5,,,,,0,12,0.42
P1,P,6,-0.0016550230899002,0.0,-0.0016550230899002,20000000.0,1,12,0.42
P2,P,6,-0.0015837219597098,-0.0004459555762066,-0.0020296775359165,20000000.0,1,12,0.42
I1,I,6,,0.0025451453599834,0.0025451453599834,41154784.7773322,1,12,0.42
I2,I,6,,0.0012725726799917,0.0012725726799917,37424612.78867137,1,12,0.42
I3,I,6,,,,,0,12,0.42
P1,P,7,-0.0016581049344172,-1.251463328220592e-06,-0.0016593563977454,20000000.0,1,12,0.42
P2,P,7,-0.0013392793173167,-0.0008944290304108,-0.0022337083477275,20000000.0,1,12,0.42
I1,I,7,,0.0025451453599834,0.0025451453599834,40835367.77636431,1,12,0.42
I2,I,7,,0.0012725726799917,0.0012725726799917,37054698.56069619,1,12,0.42
I3,I,7,,,,,0,12,0.42
P1,P,8,-0.0015453377733913,-6.925016263348688e-05,-0.0016145879360248,20000000.0,1,12,0.42
P2,P,8,-0.0011505621297562,-0.0012356016773378,-0.0023861638070941,20000000.0,1,12,0.42
I1,I,8,,0.0025451453599834,0.0025451453599834,40274710.92572133,1,12,0.42
I2,I,8,,0.0012725726799917,0.0012725726799917,36471728.03137294,1,12,0.42
I3,I,8,,,,,0,12,0.42
P1,P,9,-0.0013981734654624,-0.0002243262434787,-0.0016224997089411,20000000.0,1,12,0.42
P2,P,9,-0.0009985975811046,-0.0014654335090983,-0.002464031090203,20000000.0,1,12,0.42
I1,I,9,,0.0025451453599834,0.0025451453599834,39533958.7344468,1,12,0.42
I2,I,9,,0.0012725726799917,0.0012725726799917,35743191.38732701,1,12,0.42
I3,I,9,,,,,0,12,0.42
P1,P,10,-0.0012576847157517,-0.0003780892426761,-0.0016357739584278,20000000.0,1,12,0.42
P2,P,10,-0.0008726321673978,-0.0016092095515366,-0.0024818417189344,20000000.0,1,12,0.42
I1,I,10,,0.0025451453599834,0.0025451453599834,38710740.65774168,1,12,0.42
I2,I,10,,0.0012725726799917,0.0012725726799917,34954308.559426524,1,12,0.42
I3,I,10,,,,,0,12,0.42
P1,P,11,-0.0011276974124625,-0.0005012943812126,-0.0016289917936751,20000000.0,1,12,0.42
P2,P,11,-0.0007687682723433,-0.0016983252021634,-0.0024670934745067,20000000.0,1,12,0.42
I1,I,11,,0.0025451453599834,0.0025451453599834,37911229.3899863,1,12,0.42
I2,I,11,,0.0012725726799917,0.0012725726799917,34197046.35436535,1,12,0.42
I3,I,11,,,,,0,12,0.42
P1,P,12,-0.0010106502331777,-0.0005976466543186,-0.0016082968874964,20000000.0,1,12,0.42
P2,P,12,-0.000684467348439,-0.0017571720212961,-0.0024416393697352,20000000.0,1,12,0.42
I1,I,12,,0.0025451453599834,0.0025451453599834,37197255.16450248,1,12,0.42
I2,I,12,,0.0012725726799917,0.0012725726799917,33525117.89778921,1,12,0.42
I3,I,12,,,,,0,12,0.42
P1,P,13,-0.0010565202035232,-0.0008501215810251,-0.0019066417845483,20000000.0,1,12,0.42
P2,P,13,-0.0007052301862599,-0.002282446691407,-0.0029876768776669,20000000.0,1,12,0.42
I1,I,13,,0.0025451453599834,0.0025451453599834,39191612.31564567,1,12,0.42
I2,I,13,,0.0012725726799917,0.0012725726799917,35409650.16150943,1,12,0.42
I3,I,13,,0.0015907158499896,0.0015907158499896,36784726.39373867,1,12,0.42
P1,P,14,-0.0010252252246374,-0.0010337808125391,-0.0020590060371766,20000000.0,1,12,0.42
P2,P,14,-0.0006799579375915,-0.0025596826679384,-0.00323964060553,20000000.0,1,12,0.42
I1,I,14,,0.0025451453599834,0.0025451453599834,39429403.61192002,1,12,0.42
I2,I,14,,0.0012725726799917,0.0012725726799917,35612191.224680915,1,12,0.42
I3,I,14,,0.0015907158499896,0.0015907158499896,36845561.87829385,1,12,0.42
P1,P,15,-0.0009588133819947,-0.0011556117492393,-0.002114425131234,20000000.0,1,12,0.42
P2,P,15,-0.0006378892435884,-0.002706400395116,-0.0033442896387044,20000000.0,1,12,0.42
I1,I,15,,0.0025451453599834,0.0025451453599834,39201910.15388541,1,12,0.42
I2,I,15,,0.0012725726799917,0.0012725726799917,35394813.41579468,1,12,0.42
I3,I,15,,0.0015907158499896,0.0015907158499896,36571305.967231706,1,12,0.42
P1,P,16,-0.0008836708106407,-0.0012469848149957,-0.0021306556256364,20000000.0,1,12,0.42
P2,P,16,-0.0005927503523995,-0.0027880931782775,-0.003380843530677,20000000.0,1,12,0.42
I1,I,16,,0.0025451453599834,0.0025451453599834,38816244.0095871,1,12,0.42
I2,I,16,,0.0012725726799917,0.0012725726799917,35034086.85186516,1,12,0.42
I3,I,16,,0.0015907158499896,0.0015907158499896,36172884.41991815,1,12,0.42
P1,P,17,-0.0008095184643178,-0.0013258869030659,-0.0021354053673838,20000000.0,1,12,0.42
P2,P,17,-0.0005499111270275,-0.0028360566640942,-0.0033859677911217,20000000.0,1,12,0.42
I1,I,17,,0.0025451453599834,0.0025451453599834,38387847.73962846,1,12,0.42
I2,I,17,,0.0012725726799917,0.0012725726799917,34636303.04515643,1,12,0.42
I3,I,17,,0.0015907158499896,0.0015907158499896,35745399.50248879,1,12,0.42
P1,P,18,-0.0007407431816411,-0.001398373403534,-0.0021391165851751,20000000.0,1,12,0.42
P2,P,18,-0.0005110857866425,-0.0028651608098553,-0.0033762465964979,20000000.0,1,12,0.42
I1,I,18,,0.0025451453599834,0.0025451453599834,37962753.76544474,1,12,0.42
I2,I,18,,0.0012725726799917,0.0012725726799917,34243762.92881678,1,12,0.42
I3,I,18,,0.0015907158499896,0.0015907158499896,35327561.08976722,1,12,0.42
P1,P,19,-0.0006793822403837,-0.0014656284032615,-0.0021450106436453,20000000.0,1,12,0.42
P2,P,19,-0.0004764415709927,-0.0028828870622712,-0.003359328633264,20000000.0,1,12,0.42
I1,I,19,,0.0025451453599834,0.0025451453599834,37558443.48677413,1,12,0.42
I2,I,19,,0.0012725726799917,0.0012725726799917,33872221.137856625,1,12,0.42
I3,I,19,,0.0015907158499896,0.0015907158499896,34933643.72430358,1,12,0.42
P1,P,20,-0.0006255342399411,-0.0015272350411829,-0.0021527692811241,20000000.0,1,12,0.42
P2,P,20,-0.0004455723733751,-0.0028938940597357,-0.0033394664331108,20000000.0,1,12,0.42
I1,I,20,,0.0025451453599834,0.0025451453599834,37181236.20560572,1,12,0.42
I2,I,20,,0.0012725726799917,0.0012725726799917,33526939.446383186,1,12,0.42
I3,I,20,,0.0015907158499896,0.0015907158499896,34568301.15084869,1,12,0.42
P1,P,21,-0.0005785106835828,-0.0015834053946753,-0.0021619160782582,20000000.0,1,12,0.42
P2,P,21,-0.0004179812957536,-0.0029008249084244,-0.0033188062041781,20000000.0,1,12,0.42
I1,I,21,,0.0025451453599834,0.0025451453599834,36832237.98559525,1,12,0.42
I2,I,21,,0.0012725726799917,0.0012725726799917,33208479.93128004,1,12,0.42
I3,I,21,,0.0015907158499896,0.0015907158499896,34231733.587851964,1,12,0.42
P1,P,22,-0.0005373613258372,-0.0016345255764928,-0.00217188690233,20000000.0,1,12,0.42
P2,P,22,-0.0003932800796302,-0.0029050678028494,-0.0032983478824797,20000000.0,1,12,0.42
I1,I,22,,0.0025451453599834,0.0025451453599834,36510739.9036433,1,12,0.42
I2,I,22,,0.0012725726799917,0.0012725726799917,32915913.605188116,1,12,0.42
I3,I,22,,0.0015907158499896,0.0015907158499896,33922739.570268914,1,12,0.42
P1,P,23,-0.0005012138649842,-0.0016809193216218,-0.0021821331866061,20000000.0,1,12,0.42
P2,P,23,-0.0003711577085199,-0.0029075315694812,-0.0032786892780012,20000000.0,1,12,0.42
I1,I,23,,0.0025451453599834,0.0025451453599834,36215475.908444725,1,12,0.42
I2,I,23,,0.0012725726799917,0.0012725726799917,32647881.089305587,1,12,0.42
I3,I,23,,0.0015907158499896,0.0015907158499896,33639764.45273009,1,12,0.42
P1,P,24,-0.0004693607201683,-0.0017231709696174,-0.0021925316897858,20000000.0,1,12,0.42
P2,P,24,-0.0003512533223298,-0.0029088573254762,-0.003260110647806,20000000.0,1,12,0.42
I1,I,24,,0.0025451453599834,0.0025451453599834,35944266.31735359,1,12,0.42
I2,I,24,,0.0012725726799917,0.0012725726799917,32402220.886061493,1,12,0.42
I3,I,24,,0.0015907158499896,0.0015907158499896,33380469.006463774,1,12,0.42
P1,P,25,-0.0004411642569925,-0.0017616782582835,-0.0022028425152761,20000000.0,1,12,0.42
P2,P,25,-0.0003331762733453,-0.0029096615608681,-0.0032428378342134,20000000.0,1,12,0.42
I1,I,25,,0.0025451453599834,0.0025451453599834,35694507.69518582,1,12,0.42
I2,I,25,,0.0012725726799917,0.0012725726799917,32176354.47691449,1,12,0.42
I3,I,25,,0.0015907158499896,0.0015907158499896,33142149.63068827,1,12,0.42
P1,P,26,-0.0004160635222685,-0.0017966708754283,-0.0022127343976969,20000000.0,1,12,0.42
P2,P,26,-0.0003166004540766,-0.0029104066630333,-0.0032270071171099,20000000.0,1,12,0.42
I1,I,26,,0.0025451453599834,0.0025451453599834,35463855.18933112,1,12,0.42
I2,I,26,,0.0012725726799917,0.0012725726799917,31967982.01060052,1,12,0.42
I3,I,26,,0.0015907158499896,0.0015907158499896,32922405.816650305,1,12,0.42
P1,P,27,-0.0003935773656912,-0.001828400969185,-0.0022219783348762,20000000.0,1,12,0.42
P2,P,27,-0.0003012976295307,-0.002911349682286,-0.0032126473118167,20000000.0,1,12,0.42
I1,I,27,,0.0025451453599834,0.0025451453599834,35250373.778568104,1,12,0.42
I2,I,27,,0.0012725726799917,0.0012725726799917,31775242.74478633,1,12,0.42
I3,I,27,,0.0015907158499896,0.0015907158499896,32719278.775888983,1,12,0.42
P1,P,28,-0.000373286429892,-0.0018572657272466,-0.0022305521571387,20000000.0,1,12,0.42
P2,P,28,-0.0002871235606281,-0.0029125166325011,-0.0031996401931293,20000000.0,1,12,0.42
I1,I,28,,0.0025451453599834,0.0025451453599834,35052396.44167546,1,12,0.42
I2,I,28,,0.0012725726799917,0.0012725726799917,31596596.065935697,1,12,0.42
I3,I,28,,0.0015907158499896,0.0015907158499896,32531118.26753593,1,12,0.42
P1,P,29,-0.000354862020155,-0.0018836158255306,-0.0022384778456856,20000000.0,1,12,0.42
P2,P,29,-0.0002739829153688,-0.0029138609286031,-0.003187843843972,20000000.0,1,12,0.42
I1,I,29,,0.0025451453599834,0.0025451453599834,34868544.65539468,1,12,0.42
I2,I,29,,0.0012725726799917,0.0012725726799917,31430790.051489443,1,12,0.42
I3,I,29,,0.0015907158499896,0.0015907158499896,32356573.02989308,1,12,0.42
P1,P,0,-0.0015703287320023,0.0,-0.0015703287320023,20000000.0,1,23,0.42
P2,P,0,-0.0018403083859822,0.0,-0.0018403083859822,20000000.0,1,23,0.42
I1,I,0,,0.0025385687273972,0.0025385687273972,39875436.77473383,1,23,0.42
I2,I,0,,0.0012692843636986,0.0012692843636986,35881736.62918552,1,23,0.42
I3,I,0,,,,,0,23,0.42
P1,P,1,-0.0014572774470793,0.0,-0.0014572774470793,20000000.0,1,23,0.42
P2,P,1,-0.0016998164092232,0.0,-0.0016998164092232,20000000.0,1,23,0.42
I1,I,1,,0.0025385687273972,0.0025385687273972,40004535.26215788,1,23,0.42
I2,I,1,,0.0012692843636986,0.0012692843636986,36030280.26084308,1,23,0.42
I3,I,1,,,,,0,23,0.42
P1,P,2,-0.0014534334381044,0.0,-0.0014534334381044,20000000.0,1,23,0.42
P2,P,2,-0.0016868420121168,0.0,-0.0016868420121168,20000000.0,1,23,0.42
I1,I,2,,0.0025385687273972,0.0025385687273972,40377577.49969383,1,23,0.42
I2,I,2,,0.0012692843636986,0.0012692843636986,36314414.86766825,1,23,0.42
I3,I,2,,,,,0,23,0.42
P1,P,3,-0.0014769158071888,0.0,-0.0014769158071888,20000000.0,1,23,0.42
P2,P,3,-0.001707885937885,0.0,-0.001707885937885,20000000.0,1,23,0.42
I1,I,3,,0.0025385687273972,0.0025385687273972,40654642.68251745,1,23,0.42
I2,I,3,,0.0012692843636986,0.0012692843636986,36530258.4284026,1,23,0.42
I3,I,3,,,,,0,23,0.42
P1,P,4,-0.0015080399053207,0.0,-0.0015080399053207,20000000.0,1,23,0.42
P2,P,4,-0.0017403968765832,0.0,-0.0017403968765832,20000000.0,1,23,0.42
I1,I,4,,0.0025385687273972,0.0025385687273972,40859584.14884216,1,23,0.42
I2,I,4,,0.0012692843636986,0.0012692843636986,36697120.94365328,1,23,0.42
I3,I,4,,,,,0,23,0.42
P1,P,5,-0.001634375522659,0.0,-0.001634375522659,20000000.0,1,23,0.42
P2,P,5,-0.0017370070304964,-6.380913988788135e-05,-0.0018008161703843,20000000.0,1,23,0.42
I1,I,5,,0.0025385687273972,0.0025385687273972,41535298.85179479,1,23,0.42
I2,I,5,,0.0012692843636986,0.0012692843636986,37314108.16718997,1,23,0.42
I3,I,5,,,,,0,23,0.42
P1,P,6,-0.0017162407614339,0.0,-0.0017162407614339,20000000.0,1,23,0.42
P2,P,6,-0.0015100252803518,-0.0004246956859485,-0.0019347209663003,20000000.0,1,23,0.42
I1,I,6,,0.0025385687273972,0.0025385687273972,41702457.03936843,1,23,0.42
I2,I,6,,0.0012692843636986,0.0012692843636986,37427080.80005664,1,23,0.42
I3,I,6,,,,,0,23,0.42
P1,P,7,-0.0017289698130819,-1.104251479422944e-06,-0.0017300740645613,20000000.0,1,23,0.42
P2,P,7,-0.0012896895859342,-0.0008460717255387,-0.002135761311473,20000000.0,1,23,0.42
I1,I,7,,0.0025385687273972,0.0025385687273972,41438069.20876092,1,23,0.42
I2,I,7,,0.0012692843636986,0.0012692843636986,37116848.63146298,1,23,0.42
I3,I,7,,,,,0,23,0.42
P1,P,8,-0.0016188892877678,-7.608431182033497e-05,-0.0016949735995881,20000000.0,1,23,0.42
P2,P,8,-0.0011188341846604,-0.0011679399539296,-0.0022867741385901,20000000.0,1,23,0.42
I1,I,8,,0.0025385687273972,0.0025385687273972,40909532.6682375,1,23,0.42
I2,I,8,,0.0012692843636986,0.0012692843636986,36572272.00852682,1,23,0.42
I3,I,8,,,,,0,23,0.42
P1,P,9,-0.0014610187134163,-0.0002573052816805,-0.0017183239950969,20000000.0,1,23,0.42
P2,P,9,-0.0009762014694408,-0.0013879539312718,-0.0023641554007127,20000000.0,1,23,0.42
I1,I,9,,0.0025385687273972,0.0025385687273972,40165532.92086472,1,23,0.42
I2,I,9,,0.0012692843636986,0.0012692843636986,35845578.232927166,1,23,0.42
I3,I,9,,,,,0,23,0.42
P1,P,10,-0.0013083467763603,-0.0004266102457075,-0.0017349570220678,20000000.0,1,23,0.42
P2,P,10,-0.0008539392769571,-0.0015294082628314,-0.0023833475397885,20000000.0,1,23,0.42
I1,I,10,,0.0025385687273972,0.0025385687273972,39326368.36589792,1,23,0.42
I2,I,10,,0.0012692843636986,0.0012692843636986,35040243.818381466,1,23,0.42
I3,I,10,,,,,0,23,0.42
P1,P,11,-0.0011695364034725,-0.0005509701102533,-0.0017205065137258,20000000.0,1,23,0.42
P2,P,11,-0.0007519217611418,-0.0016209709827886,-0.0023728927439304,20000000.0,1,23,0.42
I1,I,11,,0.0025385687273972,0.0025385687273972,38517498.93710036,1,23,0.42
I2,I,11,,0.0012692843636986,0.0012692843636986,34268031.86606588,1,23,0.42
I3,I,11,,,,,0,23,0.42
P1,P,12,-0.0010437303065854,-0.0006467104786584,-0.0016904407852438,20000000.0,1,23,0.42
P2,P,12,-0.0006690273938546,-0.0016846561448692,-0.0023536835387239,20000000.0,1,23,0.42
I1,I,12,,0.0025385687273972,0.0025385687273972,37800474.166218765,1,23,0.42
I2,I,12,,0.0012692843636986,0.0012692843636986,33585696.447264984,1,23,0.42
I3,I,12,,,,,0,23,0.42
P1,P,13,-0.0009381113242885,-0.0007248801637295,-0.0016629914880181,20000000.0,1,23,0.42
P2,P,13,-0.0006019479474887,-0.0017323647069498,-0.0023343126544385,20000000.0,1,23,0.42
I1,I,13,,0.0025385687273972,0.0025385687273972,37180201.43694082,1,23,0.42
I2,I,13,,0.0012692843636986,0.0012692843636986,32997929.1999039,1,23,0.42
I3,I,13,,,,,0,23,0.42
P1,P,14,-0.0008531891924385,-0.0007905480962843,-0.0016437372887228,20000000.0,1,23,0.42
P2,P,14,-0.0005469663758111,-0.0017694017918179,-0.0023163681676291,20000000.0,1,23,0.42
I1,I,14,,0.0025385687273972,0.0025385687273972,36641145.5532693,1,23,0.42
I2,I,14,,0.0012692843636986,0.0012692843636986,32489767.74126853,1,23,0.42
I3,I,14,,,,,0,23,0.42
P1,P,15,-0.00078309739581,-0.0008471363118691,-0.0016302337076792,20000000.0,1,23,0.42
P2,P,15,-0.000501198237161,-0.0017988932088047,-0.0023000914459657,20000000.0,1,23,0.42
I1,I,15,,0.0025385687273972,0.0025385687273972,36169344.55458001,1,23,0.42
I2,I,15,,0.0012692843636986,0.0012692843636986,32047383.85610801,1,23,0.42
I3,I,15,,,,,0,23,0.42
P1,P,16,-0.0007227179005802,-0.0008986613627538,-0.0016213792633341,20000000.0,1,23,0.42
P2,P,16,-0.0004625108415318,-0.0018228911742901,-0.002285402015822,20000000.0,1,23,0.42
I1,I,16,,0.0025385687273972,0.0025385687273972,35752627.61769713,1,23,0.42
I2,I,16,,0.0012692843636986,0.0012692843636986,31658719.91116036,1,23,0.42
I3,I,16,,,,,0,23,0.42
P1,P,17,-0.0006692381951345,-0.0009476650286936,-0.0016169032238281,20000000.0,1,23,0.42
P2,P,17,-0.0004293007978589,-0.0018424342352036,-0.0022717350330625,20000000.0,1,23,0.42
I1,I,17,,0.0025385687273972,0.0025385687273972,35380048.82593531,1,23,0.42
I2,I,17,,0.0012692843636986,0.0012692843636986,31313041.32687556,1,23,0.42
I3,I,17,,,,,0,23,0.42
P1,P,18,-0.0006213379514194,-0.0009948859640693,-0.0016162239154887,20000000.0,1,23,0.42
P2,P,18,-0.0004003783341881,-0.0018581505462114,-0.0022585288803996,20000000.0,1,23,0.42
I1,I,18,,0.0025385687273972,0.0025385687273972,35042710.37300782,1,23,0.42
I2,I,18,,0.0012692843636986,0.0012692843636986,31001598.954402197,1,23,0.42
I3,I,18,,,,,0,23,0.42
P1,P,19,-0.0005784423306198,-0.0010402019593494,-0.0016186442899693,20000000.0,1,23,0.42
P2,P,19,-0.0003749137927781,-0.0018704060390749,-0.002245319831853,20000000.0,1,23,0.42
I1,I,19,,0.0025385687273972,0.0025385687273972,34734046.10798087,1,23,0.42
I2,I,19,,0.0012692843636986,0.0012692843636986,30717899.54540981,1,23,0.42
I3,I,19,,,,,0,23,0.42
P1,P,20,-0.0005402065067713,-0.0010829017990035,-0.0016231083057749,20000000.0,1,23,0.42
P2,P,20,-0.0003523422654354,-0.0018796437360343,-0.0022319860014698,20000000.0,1,23,0.42
I1,I,20,,0.0025385687273972,0.0025385687273972,34450097.3963566,1,23,0.42
I2,I,20,,0.0012692843636986,0.0012692843636986,30457937.574287545,1,23,0.42
I3,I,20,,,,,0,23,0.42
P1,P,21,-0.0005063845780088,-0.0011225421135077,-0.0016289266915166,20000000.0,1,23,0.42
P2,P,21,-0.0003322073232253,-0.0018863983926701,-0.0022186057158954,20000000.0,1,23,0.42
I1,I,21,,0.0025385687273972,0.0025385687273972,34188247.68488372,1,23,0.42
I2,I,21,,0.0012692843636986,0.0012692843636986,30219030.57751257,1,23,0.42
I3,I,21,,,,,0,23,0.42
P1,P,22,-0.0004766010377098,-0.0011588380166263,-0.0016354390543361,20000000.0,1,23,0.42
P2,P,22,-0.0003141175207407,-0.0018913276884044,-0.0022054452091452,20000000.0,1,23,0.42
I1,I,22,,0.0025385687273972,0.0025385687273972,33946703.747963175,1,23,0.42
I2,I,22,,0.0012692843636986,0.0012692843636986,29999312.059098,1,23,0.42
I3,I,22,,,,,0,23,0.42
P1,P,23,-0.0004503627898667,-0.0011916897305698,-0.0016420525204365,20000000.0,1,23,0.42
P2,P,23,-0.0002977787981183,-0.0018951049329324,-0.0021928837310508,20000000.0,1,23,0.42
I1,I,23,,0.0025385687273972,0.0025385687273972,33724101.781488776,1,23,0.42
I2,I,23,,0.0012692843636986,0.0012692843636986,29797335.117202424,1,23,0.42
I3,I,23,,,,,0,23,0.42
P1,P,24,-0.0005252845516836,-0.0015780728319805,-0.0021033573836641,20000000.0,1,23,0.42
P2,P,24,-0.0003446428145457,-0.0024762115759753,-0.0028208543905211,20000000.0,1,23,0.42
I1,I,24,,0.0025385687273972,0.0025385687273972,35921429.91905716,1,23,0.42
I2,I,24,,0.0012692843636986,0.0012692843636986,31857072.99731528,1,23,0.42
I3,I,24,,0.0015866054546232,0.0015866054546232,34020172.88646342,1,23,0.42
P1,P,25,-0.0005247687342732,-0.0017464987032364,-0.0022712674375097,20000000.0,1,23,0.42
P2,P,25,-0.000344971604883,-0.0026687697183129,-0.0030137413231959,20000000.0,1,23,0.42
I1,I,25,,0.0025385687273972,0.0025385687273972,36226012.43860046,1,23,0.42
I2,I,25,,0.0012692843636986,0.0012692843636986,32139902.319645066,1,23,0.42
I3,I,25,,0.0015866054546232,0.0015866054546232,34170402.543122984,1,23,0.42
P1,P,26,-0.0005001684681532,-0.0018239529140232,-0.0023241213821765,20000000.0,1,23,0.42
P2,P,26,-0.0003311479613801,-0.0027344156776034,-0.0030655636389836,20000000.0,1,23,0.42
I1,I,26,,0.0025385687273972,0.0025385687273972,36135998.592736825,1,23,0.42
I2,I,26,,0.0012692843636986,0.0012692843636986,32059658.742752377,1,23,0.42
I3,I,26,,0.0015866054546232,0.0015866054546232,34036160.82490505,1,23,0.42
P1,P,27,-0.0004714872746071,-0.0018701847822538,-0.002341672056861,20000000.0,1,23,0.42
P2,P,27,-0.0003144438965665,-0.0027598756279686,-0.0030743195245351,20000000.0,1,23,0.42
I1,I,27,,0.0025385687273972,0.0025385687273972,35947484.287911475,1,23,0.42
I2,I,27,,0.0012692843636986,0.0012692843636986,31887267.29079005,1,23,0.42
I3,I,27,,0.0015866054546232,0.0015866054546232,33830376.58198072,1,23,0.42
P1,P,28,-0.0004442401065518,-0.0019050324806182,-0.0023492725871701,20000000.0,1,23,0.42
P2,P,28,-0.0002981974648449,-0.0027722927742808,-0.0030704902391258,20000000.0,1,23,0.42
I1,I,28,,0.0025385687273972,0.0025385687273972,35742796.75940423,1,23,0.42
I2,I,28,,0.0012692843636986,0.0012692843636986,31699693.440378755,1,23,0.42
I3,I,28,,0.0015866054546232,0.0015866054546232,33619143.544102184,1,23,0.42
P1,P,29,-0.000419486658103,-0.0019349172537286,-0.0023544039118316,20000000.0,1,23,0.42
P2,P,29,-0.0002831825836587,-0.0027800854740507,-0.0030632680577094,20000000.0,1,23,0.42
I1,I,29,,0.0025385687273972,0.0025385687273972,35544317.003522314,1,23,0.42
I2,I,29,,0.0012692843636986,0.0012692843636986,31517908.76350669,1,23,0.42
I3,I,29,,0.0015866054546232,0.0015866054546232,33419162.300284617,1,23,0.42
P1,P,0,-0.0016903609551981,0.0,-0.0016903609551981,20000000.0,1,8,0.42
P2,P,0,-0.0018247542553976,0.0,-0.0018247542553976,20000000.0,1,8,0.42
I1,I,0,,0.0025424503448417,0.0025424503448417,40506494.82226045,1,8,0.42
I2,I,0,,0.0012712251724208,0.0012712251724208,36112436.37996888,1,8,0.42
I3,I,0,,,,,0,8,0.42
P1,P,1,-0.0015615049139015,0.0,-0.0015615049139015,20000000.0,1,8,0.42
P2,P,1,-0.0016865853724977,0.0,-0.0016865853724977,20000000.0,1,8,0.42
I1,I,1,,0.0025424503448417,0.0025424503448417,40540680.679842,1,8,0.42
I2,I,1,,0.0012712251724208,0.0012712251724208,36231047.73812672,1,8,0.42
I3,I,1,,,,,0,8,0.42
P1,P,2,-0.0015512839867171,0.0,-0.0015512839867171,20000000.0,1,8,0.42
P2,P,2,-0.0016706651218131,0.0,-0.0016706651218131,20000000.0,1,8,0.42
I1,I,2,,0.0025424503448417,0.0025424503448417,40873912.96755385,1,8,0.42
I2,I,2,,0.0012712251724208,0.0012712251724208,36487373.586529225,1,8,0.42
I3,I,2,,,,,0,8,0.42
P1,P,3,-0.0015716454954543,0.0,-0.0015716454954543,20000000.0,1,8,0.42
P2,P,3,-0.0016878357694554,0.0,-0.0016878357694554,20000000.0,1,8,0.42
I1,I,3,,0.0025424503448417,0.0025424503448417,41119071.096752375,1,8,0.42
I2,I,3,,0.0012712251724208,0.0012712251724208,36676633.695696265,1,8,0.42
I3,I,3,,,,,0,8,0.42
P1,P,4,-0.0016009388742765,0.0,-0.0016009388742765,20000000.0,1,8,0.42
P2,P,4,-0.0017164123002962,0.0,-0.0017164123002962,20000000.0,1,8,0.42
I1,I,4,,0.0025424503448417,0.0025424503448417,41295465.82023194,1,8,0.42
I2,I,4,,0.0012712251724208,0.0012712251724208,36818624.184425086,1,8,0.42
I3,I,4,,,,,0,8,0.42
P1,P,5,-0.0017207503092046,0.0,-0.0017207503092046,20000000.0,1,8,0.42
P2,P,5,-0.0017129040111383,-5.462988478945182e-05,-0.0017675338959277,20000000.0,1,8,0.42
I1,I,5,,0.0025424503448417,0.0025424503448417,41867718.92300988,1,8,0.42
I2,I,5,,0.0012712251724208,0.0012712251724208,37339750.38034907,1,8,0.42
I3,I,5,,,,,0,8,0.42
P1,P,6,-0.0017982737013711,0.0,-0.0017982737013711,20000000.0,1,8,0.42
P2,P,6,-0.0015028842245933,-0.0003787472945908,-0.0018816315191841,20000000.0,1,8,0.42
I1,I,6,,0.0025424503448417,0.0025424503448417,41966527.74519129,1,8,0.42
I2,I,6,,0.0012712251724208,0.0012712251724208,37397666.940271735,1,8,0.42
I3,I,6,,,,,0,8,0.42
P1,P,7,-0.0018038854210081,-2.8244809720822827e-06,-0.0018067099019802,20000000.0,1,8,0.42
P2,P,7,-0.0012944896744004,-0.0007661793461492,-0.0020606690205496,20000000.0,1,8,0.42
I1,I,7,,0.0025424503448417,0.0025424503448417,41683223.39819708,1,8,0.42
I2,I,7,,0.0012712251724208,0.0012712251724208,37082292.34758185,1,8,0.42
I3,I,7,,,,,0,8,0.42
P1,P,8,-0.0016842008002613,-9.998339317647736e-05,-0.0017841841934377,20000000.0,1,8,0.42
P2,P,8,-0.0011267109696618,-0.0010692588309142,-0.0021959698005761,20000000.0,1,8,0.42
I1,I,8,,0.0025424503448417,0.0025424503448417,41148975.85981763,1,8,0.42
I2,I,8,,0.0012712251724208,0.0012712251724208,36542415.71569325,1,8,0.42
I3,I,8,,,,,0,8,0.42
P1,P,9,-0.0017213238087589,-0.0003951500558853,-0.0021164738646443,20000000.0,1,8,0.42
P2,P,9,-0.001087150443396,-0.0016382890851886,-0.0027254395285846,20000000.0,1,8,0.42
I1,I,9,,0.0025424503448417,0.0025424503448417,43201087.08838936,1,8,0.42
I2,I,9,,0.0012712251724208,0.0012712251724208,38472368.20852087,1,8,0.42
I3,I,9,,0.001589031465526,0.001589031465526,40201450.475362405,1,8,0.42
P1,P,10,-0.0016147537409571,-0.0007069310978857,-0.0023216848388429,20000000.0,1,8,0.42
P2,P,10,-0.0009964347845663,-0.0020399569552325,-0.0030363917397988,20000000.0,1,8,0.42
I1,I,10,,0.0025424503448417,0.0025424503448417,43317755.25602517,1,8,0.42
I2,I,10,,0.0012712251724208,0.0012712251724208,38544100.02030123,1,8,0.42
I3,I,10,,0.001589031465526,0.001589031465526,40109583.057078905,1,8,0.42
P1,P,11,-0.0014416857191003,-0.0009608148771321,-0.0024025005962324,20000000.0,1,8,0.42
P2,P,11,-0.0008934944016335,-0.0022894525287175,-0.003182946930351,20000000.0,1,8,0.42
I1,I,11,,0.0025424503448417,0.0025424503448417,42832516.06241147,1,8,0.42
I2,I,11,,0.0012712251724208,0.0012712251724208,38063020.36150176,1,8,0.42
I3,I,11,,0.001589031465526,0.001589031465526,39571126.436014175,1,8,0.42
P1,P,12,-0.0012837674930217,-0.00114002482359,-0.0024237923166117,20000000.0,1,8,0.42
P2,P,12,-0.0007965803748302,-0.0024384196135678,-0.0032349999883981,20000000.0,1,8,0.42
I1,I,12,,0.0025424503448417,0.0025424503448417,42130495.36433826,1,8,0.42
I2,I,12,,0.0012712251724208,0.0012712251724208,37384178.86190022,1,8,0.42
I3,I,12,,0.001589031465526,0.001589031465526,38855846.527300574,1,8,0.42
P1,P,13,-0.0011502801881383,-0.0012669668447682,-0.0024172470329065,20000000.0,1,8,0.42
P2,P,13,-0.0007119593065956,-0.0025285054860048,-0.0032404647926005,20000000.0,1,8,0.42
I1,I,13,,0.0025424503448417,0.0025424503448417,41390983.06555551,1,8,0.42
I2,I,13,,0.0012712251724208,0.0012712251724208,36675459.47532968,1,8,0.42
I3,I,13,,0.001589031465526,0.001589031465526,38118426.30144932,1,8,0.42
P1,P,14,-0.0010342883259333,-0.0013687609216619,-0.0024030492475953,20000000.0,1,8,0.42
P2,P,14,-0.0006403144549585,-0.0025856266909873,-0.0032259411459459,20000000.0,1,8,0.42
I1,I,14,,0.0025424503448417,0.0025424503448417,40690424.342055045,1,8,0.42
I2,I,14,,0.0012712251724208,0.0012712251724208,36008243.4734704,1,8,0.42
I3,I,14,,0.001589031465526,0.001589031465526,37426724.92068756,1,8,0.42
P1,P,15,-0.0009323888885217,-0.0014597356087728,-0.0023921244972945,20000000.0,1,8,0.42
P2,P,15,-0.0005800241359814,-0.0026233975369075,-0.003203421672889,20000000.0,1,8,0.42
I1,I,15,,0.0025424503448417,0.0025424503448417,40051189.85603084,1,8,0.42
I2,I,15,,0.0012712251724208,0.0012712251724208,35402884.44573482,1,8,0.42
I3,I,15,,0.001589031465526,0.001589031465526,36799581.114583656,1,8,0.42
P1,P,16,-0.0008439939500323,-0.0015434812137187,-0.0023874751637511,20000000.0,1,8,0.42
P2,P,16,-0.0005290397307204,-0.002648762802833,-0.0031778025335535,20000000.0,1,8,0.42
I1,I,16,,0.0025424503448417,0.0025424503448417,39473847.00809629,1,8,0.42
I2,I,16,,0.0012712251724208,0.0012712251724208,34859016.61593629,1,8,0.42
I3,I,16,,0.001589031465526,0.001589031465526,36235877.65684211,1,8,0.42
P1,P,17,-0.000768089654932,-0.0016202410870678,-0.0023883307419999,20000000.0,1,8,0.42
P2,P,17,-0.0004855305168477,-0.0026657954503393,-0.0031513259671871,20000000.0,1,8,0.42
I1,I,17,,0.0025424503448417,0.0025424503448417,38952756.43706496,1,8,0.42
I2,I,17,,0.0012712251724208,0.0012712251724208,34370397.1236513,1,8,0.42
I3,I,17,,0.001589031465526,0.001589031465526,35729038.12610879,1,8,0.42
P1,P,18,-0.0007030551382946,-0.0016896753973353,-0.00239273053563,20000000.0,1,8,0.42
P2,P,18,-0.0004480528929182,-0.0026772353107661,-0.0031252882036844,20000000.0,1,8,0.42
I1,I,18,,0.0025424503448417,0.0025424503448417,38482234.696316406,1,8,0.42
I2,I,18,,0.0012712251724208,0.0012712251724208,33930895.56250786,1,8,0.42
I3,I,18,,0.001589031465526,0.001589031465526,35272804.62211433,1,8,0.42
P1,P,19,-0.0006473443481016,-0.0017520808955525,-0.0023994252436541,20000000.0,1,8,0.42
P2,P,19,-0.0004155097307599,-0.0026848443758857,-0.0031003541066457,20000000.0,1,8,0.42
I1,I,19,,0.0025424503448417,0.0025424503448417,38056843.73287092,1,8,0.42
I2,I,19,,0.0012712251724208,0.0012712251724208,33534850.89832098,1,8,0.42
I3,I,19,,0.001589031465526,0.001589031465526,34861407.31913533,1,8,0.42
P1,P,20,-0.0005993978572844,-0.0018079379516405,-0.002407335808925,20000000.0,1,8,0.42
P2,P,20,-0.0003870795071986,-0.0026898390908423,-0.0030769185980409,20000000.0,1,8,0.42
I1,I,20,,0.0025424503448417,0.0025424503448417,37671990.00055868,1,8,0.42
I2,I,20,,0.0012712251724208,0.0012712251724208,33177569.09269372,1,8,0.42
I3,I,20,,0.001589031465526,0.001589031465526,34490061.383016884,1,8,0.42
P1,P,21,-0.0005578366212735,-0.0018580132963264,-0.0024158499176,20000000.0,1,8,0.42
P2,P,21,-0.0003621050243311,-0.0026930921672989,-0.0030551971916301,20000000.0,1,8,0.42
I1,I,21,,0.0025424503448417,0.0025424503448417,37323426.30359627,1,8,0.42
I2,I,21,,0.0012712251724208,0.0012712251724208,32854801.00752707,1,8,0.42
I3,I,21,,0.001589031465526,0.001589031465526,34154420.47784343,1,8,0.42
P1,P,22,-0.0005215138071365,-0.0019030297272746,-0.0024245435344111,20000000.0,1,8,0.42
P2,P,22,-0.0003400237748939,-0.0026952925614473,-0.0030353163363412,20000000.0,1,8,0.42
I1,I,22,,0.0025424503448417,0.0025424503448417,37007098.0753813,1,8,0.42
I2,I,22,,0.0012712251724208,0.0012712251724208,32562547.121996112,1,8,0.42
I3,I,22,,0.001589031465526,0.001589031465526,33850385.90248861,1,8,0.42
P1,P,23,-0.0004894943510409,-0.0019436587944374,-0.0024331531454784,20000000.0,1,8,0.42
P2,P,23,-0.0003203472965967,-0.0026969469909087,-0.0030172942875055,20000000.0,1,8,0.42
I1,I,23,,0.0025424503448417,0.0025424503448417,36719121.66911448,1,8,0.42
I2,I,23,,0.0012712251724208,0.0012712251724208,32297015.76373324,1,8,0.42
I3,I,23,,0.001589031465526,0.001589031465526,33574066.19450808,1,8,0.42
P1,P,24,-0.0004610342131515,-0.0019804398019566,-0.0024414740151081,20000000.0,1,8,0.42
P2,P,24,-0.0003026695527996,-0.0026983929897639,-0.0030010625425636,20000000.0,1,8,0.42
I1,I,24,,0.0025424503448417,0.0025424503448417,36455985.52958349,1,8,0.42
I2,I,24,,0.0012712251724208,0.0012712251724208,32054803.15651057,1,8,0.42
I3,I,24,,0.001589031465526,0.001589031465526,33321963.596987315,1,8,0.42
P1,P,25,-0.0004355370496768,-0.0020137583217116,-0.0024492953713885,20000000.0,1,8,0.42
P2,P,25,-0.0002866730077323,-0.0026998680849781,-0.0029865410927104,20000000.0,1,8,0.42
I1,I,25,,0.0025424503448417,0.0025424503448417,36214755.966470845,1,8,0.42
I2,I,25,,0.0012712251724208,0.0012712251724208,31833085.019812435,1,8,0.42
I3,I,25,,0.001589031465526,0.001589031465526,33091167.502272505,1,8,0.42
P1,P,26,-0.0004125526680332,-0.0020440633528194,-0.0024566160208526,20000000.0,1,8,0.42
P2,P,26,-0.0002721196719909,-0.0027014145173461,-0.002973534189337,20000000.0,1,8,0.42
I1,I,26,,0.0025424503448417,0.0025424503448417,35992873.40021573,1,8,0.42
I2,I,26,,0.0012712251724208,0.0012712251724208,31629435.89301294,1,8,0.42
I3,I,26,,0.001589031465526,0.001589031465526,32879158.7887301,1,8,0.42
P1,P,27,-0.0003917031497042,-0.0020717717801541,-0.0024634749298584,20000000.0,1,8,0.42
P2,P,27,-0.0002588268084425,-0.0027029978791583,-0.0029618246876008,20000000.0,1,8,0.42
I1,I,27,,0.0025424503448417,0.0025424503448417,35788170.15045976,1,8,0.42
I2,I,27,,0.0012712251724208,0.0012712251724208,31441817.422827587,1,8,0.42
I3,I,27,,0.001589031465526,0.001589031465526,32683812.627310205,1,8,0.42
P1,P,28,-0.0003726650264324,-0.0020972908921501,-0.0024699559185826,20000000.0,1,8,0.42
P2,P,28,-0.0002466483327605,-0.0027045440337679,-0.0029511923665284,20000000.0,1,8,0.42
I1,I,28,,0.0025424503448417,0.0025424503448417,35598780.87189622,1,8,0.42
I2,I,28,,0.0012712251724208,0.0012712251724208,31268486.890393585,1,8,0.42
I3,I,28,,0.001589031465526,0.001589031465526,32503306.16600987,1,8,0.42
P1,P,29,-0.0003551637670087,-0.0021209366863652,-0.0024761004533739,20000000.0,1,8,0.42
P2,P,29,-0.000235456197077,-0.0027060288115542,-0.0029414850086313,20000000.0,1,8,0.42
I1,I,29,,0.0025424503448417,0.0025424503448417,35423093.80433178,1,8,0.42
I2,I,29,,0.0012712251724208,0.0012712251724208,31107931.76232691,1,8,0.42
I3,I,29,,0.001589031465526,0.001589031465526,32336063.062981486,1,8,0.42
P1,P,0,-0.0016571711498027,0.0,-0.0016571711498027,20000000.0,1,6,0.42
P2,P,0,-0.0017802598263773,0.0,-0.0017802598263773,20000000.0,1,6,0.42
I1,I,0,,0.0025436288408234,0.0025436288408234,44706267.91487637,1,6,0.42
I2,I,0,,0.0012718144204117,0.0012718144204117,35686463.97728069,1,6,0.42
I3,I,0,,,,,0,6,0.42
P1,P,1,-0.0015385168615482,0.0,-0.0015385168615482,20000000.0,1,6,0.42
P2,P,1,-0.0016478391697498,0.0,-0.0016478391697498,20000000.0,1,6,0.42
I1,I,1,,0.0025436288408234,0.0025436288408234,44169657.554030426,1,6,0.42
I2,I,1,,0.0012718144204117,0.0012718144204117,35872239.592868604,1,6,0.42
I3,I,1,,,,,0,6,0.42
P1,P,2,-0.0015346313528815,0.0,-0.0015346313528815,20000000.0,1,6,0.42
P2,P,2,-0.0016359888706559,0.0,-0.0016359888706559,20000000.0,1,6,0.42
I1,I,2,,0.0025436288408234,0.0025436288408234,44411849.80009521,1,6,0.42
I2,I,2,,0.0012718144204117,0.0012718144204117,36166364.35911851,1,6,0.42
I3,I,2,,,,,0,6,0.42
P1,P,3,-0.0015589209643461,0.0,-0.0015589209643461,20000000.0,1,6,0.42
P2,P,3,-0.0016561105988457,0.0,-0.0016561105988457,20000000.0,1,6,0.42
I1,I,3,,0.0025436288408234,0.0025436288408234,44643210.74508386,1,6,0.42
I2,I,3,,0.0012718144204117,0.0012718144204117,36385160.49059783,1,6,0.42
I3,I,3,,,,,0,6,0.42
P1,P,4,-0.0015907947067141,0.0,-0.0015907947067141,20000000.0,1,6,0.42
P2,P,4,-0.0016869386290558,0.0,-0.0016869386290558,20000000.0,1,6,0.42
I1,I,4,,0.0025436288408234,0.0025436288408234,44825679.52312405,1,6,0.42
I2,I,4,,0.0012718144204117,0.0012718144204117,36551139.85227704,1,6,0.42
I3,I,4,,,,,0,6,0.42
P1,P,5,-0.0017163180615434,0.0,-0.0017163180615434,20000000.0,1,6,0.42
P2,P,5,-0.001702206497855,-5.3850978024114326e-05,-0.0017560574758791,20000000.0,1,6,0.42
I1,I,5,,0.0025436288408234,0.0025436288408234,45442030.72430022,1,6,0.42
I2,I,5,,0.0012718144204117,0.0012718144204117,37128735.11668178,1,6,0.42
I3,I,5,,,,,0,6,0.42
P1,P,6,-0.0017995079177034,0.0,-0.0017995079177034,20000000.0,1,6,0.42
P2,P,6,-0.001498061863478,-0.0003638369951133,-0.0018618988585914,20000000.0,1,6,0.42
I1,I,6,,0.0025436288408234,0.0025436288408234,45600601.96533478,1,6,0.42
I2,I,6,,0.0012718144204117,0.0012718144204117,37251300.2622695,1,6,0.42
I3,I,6,,,,,0,6,0.42
P1,P,7,-0.0020286244199889,-3.0289332369765087e-05,-0.0020589137523587,20000000.0,1,6,0.42
P2,P,7,-0.0014072809461003,-0.0010129425564751,-0.0024202235025755,20000000.0,1,6,0.42
I1,I,7,,0.0025436288408234,0.0025436288408234,48361928.30220308,1,6,0.42
I2,I,7,,0.0012718144204117,0.0012718144204117,39841939.608030125,1,6,0.42
I3,I,7,,0.0015897680255146,0.0015897680255146,42089520.52475236,1,6,0.42
P1,P,8,-0.0020067116247367,-0.000271602213748,-0.0022783138384847,20000000.0,1,6,0.42
P2,P,8,-0.0012717727053907,-0.0015930054268076,-0.0028647781321984,20000000.0,1,6,0.42
I1,I,8,,0.0025436288408234,0.0025436288408234,48977195.753056906,1,6,0.42
I2,I,8,,0.0012718144204117,0.0012718144204117,40364561.25710666,1,6,0.42
I3,I,8,,0.0015897680255146,0.0015897680255146,42440391.764436014,1,6,0.42
P1,P,9,-0.0018015610318628,-0.0005990354233137,-0.0024005964551766,20000000.0,1,6,0.42
P2,P,9,-0.0011305944848126,-0.0019934891135012,-0.0031240835983138,20000000.0,1,6,0.42
I1,I,9,,0.0025436288408234,0.0025436288408234,48711769.9576634,1,6,0.42
I2,I,9,,0.0012718144204117,0.0012718144204117,40078645.05545182,1,6,0.42
I3,I,9,,0.0015897680255146,0.0015897680255146,42107010.7815325,1,6,0.42
P1,P,10,-0.0015688098137537,-0.0008916927940025,-0.0024605026077563,20000000.0,1,6,0.42
P2,P,10,-0.0009962997782993,-0.0022497218803087,-0.003246021658608,20000000.0,1,6,0.42
I1,I,10,,0.0025436288408234,0.0025436288408234,47999733.81836068,1,6,0.42
I2,I,10,,0.0012718144204117,0.0012718144204117,39381153.05994701,1,6,0.42
I3,I,10,,0.0015897680255146,0.0015897680255146,41378597.73353885,1,6,0.42
P1,P,11,-0.0013702169168056,-0.0011073781374078,-0.0024775950542134,20000000.0,1,6,0.42
P2,P,11,-0.0008763743687965,-0.0024072855031903,-0.0032836598719868,20000000.0,1,6,0.42
I1,I,11,,0.0025436288408234,0.0025436288408234,47107332.54692295,1,6,0.42
I2,I,11,,0.0012718144204117,0.0012718144204117,38519827.97637727,1,6,0.42
I3,I,11,,0.0015897680255146,0.0015897680255146,40489530.67706907,1,6,0.42
P1,P,12,-0.0012078488536436,-0.0012631694286346,-0.0024710182822783,20000000.0,1,6,0.42
P2,P,12,-0.0007737454241609,-0.0025034210054136,-0.0032771664295746,20000000.0,1,6,0.42
I1,I,12,,0.0025436288408234,0.0025436288408234,46192722.29950442,1,6,0.42
I2,I,12,,0.0012718144204117,0.0012718144204117,37643089.66401719,1,6,0.42
I3,I,12,,0.0015897680255146,0.0015897680255146,39586647.120423615,1,6,0.42
P1,P,13,-0.0010748298582904,-0.0013822278524215,-0.002457057710712,20000000.0,1,6,0.42
P2,P,13,-0.0006876781012524,-0.0025636044296177,-0.0032512825308701,20000000.0,1,6,0.42
I1,I,13,,0.0025436288408234,0.0025436288408234,45331653.199162446,1,6,0.42
I2,I,13,,0.0012718144204117,0.0012718144204117,36821792.04624445,1,6,0.42
I3,I,13,,0.0015897680255146,0.0015897680255146,38740874.23504201,1,6,0.42
P1,P,14,-0.0009646336903641,-0.001479001719854,-0.0024436354102181,20000000.0,1,6,0.42
P2,P,14,-0.0006159062579986,-0.0026031015225817,-0.0032190077805804,20000000.0,1,6,0.42
I1,I,14,,0.0025436288408234,0.0025436288408234,44551996.19928692,1,6,0.42
I2,I,14,,0.0012718144204117,0.0012718144204117,36081281.61772957,1,6,0.42
I3,I,14,,0.0015897680255146,0.0015897680255146,37977778.69957293,1,6,0.42
P1,P,15,-0.0008723372696955,-0.0015611660591451,-0.0024335033288407,20000000.0,1,6,0.42
P2,P,15,-0.000555942045564,-0.0026305408381652,-0.0031864828837293,20000000.0,1,6,0.42
I1,I,15,,0.0025436288408234,0.0025436288408234,43857924.036827214,1,6,0.42
I2,I,15,,0.0012718144204117,0.0012718144204117,35424494.78250719,1,6,0.42
I3,I,15,,0.0015897680255146,0.0015897680255146,37300384.50018764,1,6,0.42
P1,P,16,-0.0007944810008204,-0.0016328397289675,-0.0024273207297879,20000000.0,1,6,0.42
P2,P,16,-0.0005055004247106,-0.0026506250792869,-0.0031561255039975,20000000.0,1,6,0.42
I1,I,16,,0.0025436288408234,0.0025436288408234,43242938.10145432,1,6,0.42
I2,I,16,,0.0012718144204117,0.0012718144204117,34844473.85255706,1,6,0.42
I3,I,16,,0.0015897680255146,0.0015897680255146,36701647.87489984,1,6,0.42
P1,P,17,-0.0007282774806313,-0.0016959868322784,-0.0024242643129097,20000000.0,1,6,0.42
P2,P,17,-0.0004627399349598,-0.002665991097128,-0.0031287310320879,20000000.0,1,6,0.42
I1,I,17,,0.0025436288408234,0.0025436288408234,42697962.85213015,1,6,0.42
I2,I,17,,0.0012718144204117,0.0012718144204117,34331996.274484865,1,6,0.42
I3,I,17,,0.0015897680255146,0.0015897680255146,36172225.27989889,1,6,0.42
P1,P,18,-0.0006715238028789,-0.0017519813311391,-0.002423505134018,20000000.0,1,6,0.42
P2,P,18,-0.0004261913562689,-0.002678195931868,-0.003104387288137,20000000.0,1,6,0.42
I1,I,18,,0.0025436288408234,0.0025436288408234,42213835.48840187,1,6,0.42
I2,I,18,,0.0012718144204117,0.0012718144204117,33877965.51378904,1,6,0.42
I3,I,18,,0.0015897680255146,0.0015897680255146,35702853.56835074,1,6,0.42
P1,P,19,-0.0006224921981176,-0.0018018954418233,-0.0024243876399409,20000000.0,1,6,0.42
P2,P,19,-0.0003946588827041,-0.0026883443163014,-0.0030830031990055,20000000.0,1,6,0.42
I1,I,19,,0.0025436288408234,0.0025436288408234,41781772.91782732,1,6,0.42
I2,I,19,,0.0012718144204117,0.0012718144204117,33473747.222018626,1,6,0.42
I3,I,19,,0.0015897680255146,0.0015897680255146,35284727.946381144,1,6,0.42
P1,P,20,-0.0005797915086129,-0.0018464685843595,-0.0024262600929725,20000000.0,1,6,0.42
P2,P,20,-0.0003672193862777,-0.0026970508054868,-0.0030642701917646,20000000.0,1,6,0.42
I1,I,20,,0.0025436288408234,0.0025436288408234,41394431.93384209,1,6,0.42
I2,I,20,,0.0012718144204117,0.0012718144204117,33112174.37531354,1,6,0.42
I3,I,20,,0.0015897680255146,0.0015897680255146,34910521.32019179,1,6,0.42
P1,P,21,-0.0005423266341838,-0.0018865336520328,-0.0024288602862167,20000000.0,1,6,0.42
P2,P,21,-0.0003431958942491,-0.002704521367285,-0.0030477172615342,20000000.0,1,6,0.42
I1,I,21,,0.0025436288408234,0.0025436288408234,41045625.005173184,1,6,0.42
I2,I,21,,0.0012718144204117,0.0012718144204117,32787289.426065877,1,6,0.42
I3,I,21,,0.0015897680255146,0.0015897680255146,34574096.50329628,1,6,0.42
P1,P,22,-0.0005092281591771,-0.0019228101211567,-0.0024320382803338,20000000.0,1,6,0.42
P2,P,22,-0.0003220862962693,-0.0027107830474099,-0.0030328693436792,20000000.0,1,6,0.42
I1,I,22,,0.0025436288408234,0.0025436288408234,40730328.64164002,1,6,0.42
I2,I,22,,0.0012718144204117,0.0012718144204117,32494303.149934378,1,6,0.42
I3,I,22,,0.0015897680255146,0.0015897680255146,34270500.12834943,1,6,0.42
P1,P,23,-0.0004797946968294,-0.0019558622595067,-0.0024356569563362,20000000.0,1,6,0.42
P2,P,23,-0.0003034791077209,-0.0027159221903544,-0.0030194012980753,20000000.0,1,6,0.42
I1,I,23,,0.0025436288408234,0.0025436288408234,40444441.24910598,1,6,0.42
I2,I,23,,0.0012718144204117,0.0012718144204117,32229308.243745003,1,6,0.42
I3,I,23,,0.0015897680255146,0.0015897680255146,33995692.13165459,1,6,0.42
P1,P,24,-0.0004534223331418,-0.0019860895461,-0.0024395118792418,20000000.0,1,6,0.42
P2,P,24,-0.0002869985990839,-0.0027201998097773,-0.0030071984088613,20000000.0,1,6,0.42
I1,I,24,,0.0025436288408234,0.0025436288408234,40184503.022949584,1,6,0.42
I2,I,24,,0.0012718144204117,0.0012718144204117,31988958.63432557,1,6,0.42
I3,I,24,,0.0015897680255146,0.0015897680255146,33746246.918709874,1,6,0.42
P1,P,25,-0.0004296147784617,-0.0020139703168324,-0.0024435850952942,20000000.0,1,6,0.42
P2,P,25,-0.0002722817496309,-0.0027238733833251,-0.0029961551329561,20000000.0,1,6,0.42
I1,I,25,,0.0025436288408234,0.0025436288408234,39947049.41848893,1,6,0.42
I2,I,25,,0.0012718144204117,0.0012718144204117,31769902.724223845,1,6,0.42
I3,I,25,,0.0015897680255146,0.0015897680255146,33518736.595541075,1,6,0.42
P1,P,26,-0.0004079539762239,-0.0020398685585883,-0.0024478225348123,20000000.0,1,6,0.42
P2,P,26,-0.0002590000329094,-0.002727127522643,-0.0029861275555525,20000000.0,1,6,0.42
I1,I,26,,0.0025436288408234,0.0025436288408234,39728937.08920118,1,6,0.42
I2,I,26,,0.0012718144204117,0.0012718144204117,31569098.859898627,1,6,0.42
I3,I,26,,0.0015897680255146,0.0015897680255146,33310053.064460076,1,6,0.42
P1,P,27,-0.0003881004464594,-0.0020640591044665,-0.002452159550926,20000000.0,1,6,0.42
P2,P,27,-0.0002469152953153,-0.0027300467332046,-0.00297696202852,20000000.0,1,6,0.42
I1,I,27,,0.0025436288408234,0.0025436288408234,39527529.78945244,1,6,0.42
I2,I,27,,0.0012718144204117,0.0012718144204117,31384005.67468966,1,6,0.42
I3,I,27,,0.0015897680255146,0.0015897680255146,33117594.994162124,1,6,0.42
P1,P,28,-0.0003697833891884,-0.002086766234334,-0.0024565496235224,20000000.0,1,6,0.42
P2,P,28,-0.0002358512258217,-0.0027326578773542,-0.0029685091031759,20000000.0,1,6,0.42
I1,I,28,,0.0025436288408234,0.0025436288408234,39340698.71668534,1,6,0.42
I2,I,28,,0.0012718144204117,0.0012718144204117,31212586.91239101,1,6,0.42
I3,I,28,,0.0015897680255146,0.0015897680255146,32939268.996217627,1,6,0.42
P1,P,29,-0.0003527934521621,-0.0021081814762429,-0.002460974928405,20000000.0,1,6,0.42
P2,P,29,-0.0002256804179519,-0.0027349468177137,-0.0029606272356657,20000000.0,1,6,0.42
I1,I,29,,0.0025436288408234,0.0025436288408234,39166749.27685764,1,6,0.42
I2,I,29,,0.0012718144204117,0.0012718144204117,31053233.569836278,1,6,0.42
I3,I,29,,0.0015897680255146,0.0015897680255146,32773414.142454337,1,6,0.42
P1,P,0,-0.0017176804036577,0.0,-0.0017176804036577,20000000.0,1,7,0.42
P2,P,0,-0.0017222876450741,0.0,-0.0017222876450741,20000000.0,1,7,0.42
I1,I,0,,0.0025378891729841,0.0025378891729841,40803444.92057358,1,7,0.42
I2,I,0,,0.001268944586492,0.001268944586492,36093286.34554631,1,7,0.42
I3,I,0,,,,,0,7,0.42
P1,P,1,-0.0015822503324143,0.0,-0.0015822503324143,20000000.0,1,7,0.42
P2,P,1,-0.0016015354763256,0.0,-0.0016015354763256,20000000.0,1,7,0.42
I1,I,1,,0.0025378891729841,0.0025378891729841,40799400.2064171,1,7,0.42
I2,I,1,,0.001268944586492,0.001268944586492,36237747.88754232,1,7,0.42
I3,I,1,,,,,0,7,0.42
P1,P,2,-0.0015727781314903,0.0,-0.0015727781314903,20000000.0,1,7,0.42
P2,P,2,-0.0015926486062582,0.0,-0.0015926486062582,20000000.0,1,7,0.42
I1,I,2,,0.0025378891729841,0.0025378891729841,41142495.40597399,1,7,0.42
I2,I,2,,0.001268944586492,0.001268944586492,36526473.84899228,1,7,0.42
I3,I,2,,,,,0,7,0.42
P1,P,3,-0.001595556151867,0.0,-0.001595556151867,20000000.0,1,7,0.42
P2,P,3,-0.001613122394848,0.0,-0.001613122394848,20000000.0,1,7,0.42
I1,I,3,,0.0025378891729841,0.0025378891729841,41405248.96197227,1,7,0.42
I2,I,3,,0.001268944586492,0.001268944586492,36744304.911299855,1,7,0.42
I3,I,3,,,,,0,7,0.42
P1,P,4,-0.0016276057951606,0.0,-0.0016276057951606,20000000.0,1,7,0.42
P2,P,4,-0.0016433336749365,0.0,-0.0016433336749365,20000000.0,1,7,0.42
I1,I,4,,0.0025378891729841,0.0025378891729841,41600344.7013978,1,7,0.42
I2,I,4,,0.001268944586492,0.001268944586492,36910675.74823448,1,7,0.42
I3,I,4,,,,,0,7,0.42
P1,P,5,-0.0017560241267224,0.0,-0.0017560241267224,20000000.0,1,7,0.42
P2,P,5,-0.0016583368255454,-5.179476998486477e-05,-0.0017101315955303,20000000.0,1,7,0.42
I1,I,5,,0.0025378891729841,0.0025378891729841,42233771.87113863,1,7,0.42
I2,I,5,,0.001268944586492,0.001268944586492,37494448.334325366,1,7,0.42
I3,I,5,,,,,0,7,0.42
P1,P,6,-0.0018404187867343,0.0,-0.0018404187867343,20000000.0,1,7,0.42
P2,P,6,-0.001461903315275,-0.00035746387561,-0.0018193671908851,20000000.0,1,7,0.42
I1,I,6,,0.0025378891729841,0.0025378891729841,42381634.95020017,1,7,0.42
I2,I,6,,0.001268944586492,0.001268944586492,37603575.24275144,1,7,0.42
I3,I,6,,,,,0,7,0.42
P1,P,7,-0.0018403507690551,-8.270229060723414e-06,-0.0018486209981158,20000000.0,1,7,0.42
P2,P,7,-0.0012619539555416,-0.0007348533104822,-0.0019968072660238,20000000.0,1,7,0.42
I1,I,7,,0.0025378891729841,0.0025378891729841,42142552.264209874,1,7,0.42
I2,I,7,,0.001268944586492,0.001268944586492,37332498.86640333,1,7,0.42
I3,I,7,,,,,0,7,0.42
P1,P,8,-0.0019447066023387,-0.0002061015889608,-0.0021508081912995,20000000.0,1,7,0.42
P2,P,8,-0.0012143253281615,-0.0013159446906232,-0.0025302700187848,20000000.0,1,7,0.42
I1,I,8,,0.0025378891729841,0.0025378891729841,44515185.34729141,1,7,0.42
I2,I,8,,0.001268944586492,0.001268944586492,39556311.15465768,1,7,0.42
I3,I,8,,0.0015861807331151,0.0015861807331151,41442955.87517703,1,7,0.42
P1,P,9,-0.0018500884281353,-0.0005473699234791,-0.0023974583516144,20000000.0,1,7,0.42
P2,P,9,-0.001117072909491,-0.001760062423224,-0.002877135332715,20000000.0,1,7,0.42
I1,I,9,,0.0025378891729841,0.0025378891729841,44821415.19583323,1,7,0.42
I2,I,9,,0.001268944586492,0.001268944586492,39810292.98068876,1,7,0.42
I3,I,9,,0.0015861807331151,0.0015861807331151,41520766.292285256,1,7,0.42
P1,P,10,-0.0016431091133676,-0.0008690118330167,-0.0025121209463843,20000000.0,1,7,0.42
P2,P,10,-0.0010017586015578,-0.0020531164541708,-0.0030548750557287,20000000.0,1,7,0.42
I1,I,10,,0.0025378891729841,0.0025378891729841,44397782.25344147,1,7,0.42
I2,I,10,,0.001268944586492,0.001268944586492,39388301.70018092,1,7,0.42
I3,I,10,,0.0015861807331151,0.0015861807331151,41041037.17691353,1,7,0.42
P1,P,11,-0.0014480499211794,-0.0011030350312362,-0.0025510849524157,20000000.0,1,7,0.42
P2,P,11,-0.0008899412858867,-0.0022375259834153,-0.003127467269302,20000000.0,1,7,0.42
I1,I,11,,0.0025378891729841,0.0025378891729841,43671428.68167754,1,7,0.42
I2,I,11,,0.001268944586492,0.001268944586492,38683432.33767118,1,7,0.42
I3,I,11,,0.0015861807331151,0.0015861807331151,40301210.79646164,1,7,0.42
P1,P,12,-0.0012885237116856,-0.0012604615682868,-0.0025489852799724,20000000.0,1,7,0.42
P2,P,12,-0.0007907966838596,-0.0023534765695132,-0.0031442732533728,20000000.0,1,7,0.42
I1,I,12,,0.0025378891729841,0.0025378891729841,42861766.2068918,1,7,0.42
I2,I,12,,0.001268944586492,0.001268944586492,37903283.57395535,1,7,0.42
I3,I,12,,0.0015861807331151,0.0015861807331151,39493934.814199775,1,7,0.42
P1,P,13,-0.0011549447903261,-0.0013770012372444,-0.0025319460275705,20000000.0,1,7,0.42
P2,P,13,-0.0007062474908787,-0.0024291398609929,-0.0031353873518716,20000000.0,1,7,0.42
I1,I,13,,0.0025378891729841,0.0025378891729841,42072645.95861764,1,7,0.42
I2,I,13,,0.001268944586492,0.001268944586492,37146648.6967693,1,7,0.42
I3,I,13,,0.0015861807331151,0.0015861807331151,38714076.86458957,1,7,0.42
P1,P,14,-0.0010388442828055,-0.0014763355738464,-0.002515179856652,20000000.0,1,7,0.42
P2,P,14,-0.0006349643456245,-0.0024806747405504,-0.003115639086175,20000000.0,1,7,0.42
I1,I,14,,0.0025378891729841,0.0025378891729841,41341123.26013129,1,7,0.42
I2,I,14,,0.001268944586492,0.001268944586492,36448503.81153287,1,7,0.42
I3,I,14,,0.0015861807331151,0.0015861807331151,37995065.69332626,1,7,0.42
P1,P,15,-0.0009368001807826,-0.0015682773148761,-0.0025050774956588,20000000.0,1,7,0.42
P2,P,15,-0.0005746549412592,-0.0025163572295969,-0.0030910121708562,20000000.0,1,7,0.42
I1,I,15,,0.0025378891729841,0.0025378891729841,40673069.16877556,1,7,0.42
I2,I,15,,0.001268944586492,0.001268944586492,35813854.34642859,1,7,0.42
I3,I,15,,0.0015861807331151,0.0015861807331151,37341096.60653212,1,7,0.42
P1,P,16,-0.0008477658148519,-0.0016540649161332,-0.0025018307309851,20000000.0,1,7,0.42
P2,P,16,-0.0005232256678437,-0.0025409984732472,-0.0030642241410909,20000000.0,1,7,0.42
I1,I,16,,0.0025378891729841,0.0025378891729841,40064836.46050289,1,7,0.42
I2,I,16,,0.001268944586492,0.001268944586492,35238414.49372524,1,7,0.42
I3,I,16,,0.0015861807331151,0.0015861807331151,36747583.85575622,1,7,0.42
P1,P,17,-0.0007709493505713,-0.0017323103488278,-0.0025032596993992,20000000.0,1,7,0.42
P2,P,17,-0.0004789930943587,-0.002558011902527,-0.0030370049968858,20000000.0,1,7,0.42
I1,I,17,,0.0025378891729841,0.0025378891729841,39511966.99647886,1,7,0.42
I2,I,17,,0.001268944586492,0.001268944586492,34717113.04018758,1,7,0.42
I3,I,17,,0.0015861807331151,0.0015861807331151,36209458.26011292,1,7,0.42
P1,P,18,-0.0007050836539222,-0.0018022304906674,-0.0025073141445896,20000000.0,1,7,0.42
P2,P,18,-0.0004407178301016,-0.0025698355021763,-0.003010553332278,20000000.0,1,7,0.42
I1,I,18,,0.0025378891729841,0.0025378891729841,39010782.393329605,1,7,0.42
I2,I,18,,0.001268944586492,0.001268944586492,34245813.107594006,1,7,0.42
I3,I,18,,0.0015861807331151,0.0015861807331151,35722652.23109684,1,7,0.42
P1,P,19,-0.0006486199630078,-0.0018642344328961,-0.002512854395904,20000000.0,1,7,0.42
P2,P,19,-0.0004075081316918,-0.0025780575270634,-0.0029855656587552,20000000.0,1,7,0.42
I1,I,19,,0.0025378891729841,0.0025378891729841,38557557.79808116,1,7,0.42
I2,I,19,,0.001268944586492,0.001268944586492,33820619.733574085,1,7,0.42
I3,I,19,,0.0015861807331151,0.0015861807331151,35283241.72358677,1,7,0.42
P1,P,20,-0.0006000447934495,-0.0019189959414345,-0.0025190407348841,20000000.0,1,7,0.42
P2,P,20,-0.0003786170348782,-0.002583856622011,-0.0029624736568893,20000000.0,1,7,0.42
I1,I,20,,0.0025378891729841,0.0025378891729841,38148633.801472194,1,7,0.42
I2,I,20,,0.001268944586492,0.001268944586492,33437838.827126622,1,7,0.42
I3,I,20,,0.0015861807331151,0.0015861807331151,34887471.11720875,1,7,0.42
P1,P,21,-0.0005580309192962,-0.0019673711266583,-0.0025254020459545,20000000.0,1,7,0.42
P2,P,21,-0.0003533646455671,-0.0025882528843757,-0.0029416175299428,20000000.0,1,7,0.42
I1,I,21,,0.0025378891729841,0.0025378891729841,37779811.55644745,1,7,0.42
I2,I,21,,0.001268944586492,0.001268944586492,33093306.58172707,1,7,0.42
I3,I,21,,0.0015861807331151,0.0015861807331151,34531102.25048444,1,7,0.42
P1,P,22,-0.0005214279994116,-0.0020102926623467,-0.0025317206617584,20000000.0,1,7,0.42
P2,P,22,-0.0003310948449136,-0.0025919675750704,-0.0029230624199841,20000000.0,1,7,0.42
I1,I,22,,0.0025378891729841,0.0025378891729841,37446487.83777693,1,7,0.42
I2,I,22,,0.001268944586492,0.001268944586492,32782521.174030256,1,7,0.42
I3,I,22,,0.0015861807331151,0.0015861807331151,34209537.33485371,1,7,0.42
P1,P,23,-0.0004892315034762,-0.0020486424921981,-0.0025378739956744,20000000.0,1,7,0.42
P2,P,23,-0.0003112854890354,-0.002595376798015,-0.0029066622870504,20000000.0,1,7,0.42
I1,I,23,,0.0025378891729841,0.0025378891729841,37144194.00522352,1,7,0.42
I2,I,23,,0.001268944586492,0.001268944586492,32501153.27039226,1,7,0.42
I3,I,23,,0.0015861807331151,0.0015861807331151,33918338.16580363,1,7,0.42
P1,P,24,-0.0004606123400689,-0.0020832099076083,-0.0025438222476773,20000000.0,1,7,0.42
P2,P,24,-0.000293550488434,-0.0025985915986736,-0.0028921420871076,20000000.0,1,7,0.42
I1,I,24,,0.0025378891729841,0.0025378891729841,36868927.45173443,1,7,0.42
I2,I,24,,0.001268944586492,0.001268944586492,32245363.181655813,1,7,0.42
I3,I,24,,0.0015861807331151,0.0015861807331151,33653547.71802567,1,7,0.42
P1,P,25,-0.0004349253912498,-0.0021146758583258,-0.0025496012495756,20000000.0,1,7,0.42
P2,P,25,-0.0002775989929894,-0.0026015422739654,-0.0028791412669549,20000000.0,1,7,0.42
I1,I,25,,0.0025378891729841,0.0025378891729841,36617344.38801949,1,7,0.42
I2,I,25,,0.001268944586492,0.001268944586492,32011981.594478965,1,7,0.42
I3,I,25,,0.0015861807331151,0.0015861807331151,33411878.11491434,1,7,0.42
P1,P,26,-0.0004116759648304,-0.0021435203977989,-0.0025551963626294,20000000.0,1,7,0.42
P2,P,26,-0.0002631936708807,-0.0026042285529314,-0.0028674222238122,20000000.0,1,7,0.42
I1,I,26,,0.0025378891729841,0.0025378891729841,36386665.13114219,1,7,0.42
I2,I,26,,0.001268944586492,0.001268944586492,31798364.528200477,1,7,0.42
I3,I,26,,0.0015861807331151,0.0015861807331151,33190594.63101822,1,7,0.42
P1,P,27,-0.0003904844018913,-0.0021701678628026,-0.0025606522646939,20000000.0,1,7,0.42
P2,P,27,-0.000250135301584,-0.0026066163558168,-0.0028567516574008,20000000.0,1,7,0.42
I1,I,27,,0.0025378891729841,0.0025378891729841,36174528.28615381,1,7,0.42
I2,I,27,,0.001268944586492,0.001268944586492,31602280.87177352,1,7,0.42
I3,I,27,,0.0015861807331151,0.0015861807331151,32987380.14869039,1,7,0.42
P1,P,28,-0.0003710548156097,-0.0021948922198764,-0.0025659470354862,20000000.0,1,7,0.42
P2,P,28,-0.0002382559293756,-0.0026087584753889,-0.0028470144047645,20000000.0,1,7,0.42
I1,I,28,,0.0025378891729841,0.0025378891729841,35978858.35371304,1,7,0.42
I2,I,28,,0.001268944586492,0.001268944586492,31421746.212479837,1,7,0.42
I3,I,28,,0.0015861807331151,0.0015861807331151,32800191.841557324,1,7,0.42
P1,P,29,-0.0003531494845988,-0.0022179672233399,-0.0025711167079387,20000000.0,1,7,0.42
P2,P,29,-0.0002274023953893,-0.0026106769364619,-0.0028380793318513,20000000.0,1,7,0.42
I1,I,29,,0.0025378891729841,0.0025378891729841,35797741.59741396,1,7,0.42
I2,I,29,,0.001268944586492,0.001268944586492,31254934.995037157,1,7,0.42
I3,I,29,,0.0015861807331151,0.0015861807331151,32627148.81183254,1,7,0.42
P1,P,0,-0.0016510655393595,0.0,-0.0016510655393595,20000000.0,1,0,0.42
P2,P,0,-0.0019501613884082,0.0,-0.0019501613884082,20000000.0,1,0,0.42
I1,I,0,,0.0025405410038538,0.0025405410038538,41434115.37849218,1,0,0.42
I2,I,0,,0.0012702705019269,0.0012702705019269,37951193.43269683,1,0,0.42
I3,I,0,,0.0015878381274086,0.0015878381274086,38380881.91435165,1,0,0.42
P1,P,1,-0.0015846215169586,0.0,-0.0015846215169586,20000000.0,1,0,0.42
P2,P,1,-0.0018648304817133,0.0,-0.0018648304817133,20000000.0,1,0,0.42
I1,I,1,,0.0025405410038538,0.0025405410038538,42273631.984640464,1,0,0.42
I2,I,1,,0.0012702705019269,0.0012702705019269,38682305.17814212,1,0,0.42
I3,I,1,,0.0015878381274086,0.0015878381274086,39267534.207664095,1,0,0.42
P1,P,2,-0.0016397734793241,0.0,-0.0016397734793241,20000000.0,1,0,0.42
P2,P,2,-0.001920579566496,0.0,-0.001920579566496,20000000.0,1,0,0.42
I1,I,2,,0.0025405410038538,0.0025405410038538,43193194.471949294,1,0,0.42
I2,I,2,,0.0012702705019269,0.0012702705019269,39452030.578188606,1,0,0.42
I3,I,2,,0.0015878381274086,0.0015878381274086,40131105.0491852,1,0,0.42
P1,P,3,-0.0017255830864272,0.0,-0.0017255830864272,20000000.0,1,0,0.42
P2,P,3,-0.0020133058725527,0.0,-0.0020133058725527,20000000.0,1,0,0.42
I1,I,3,,0.0025405410038538,0.0025405410038538,43924246.09437519,1,0,0.42
I2,I,3,,0.0012702705019269,0.0012702705019269,40086883.38360475,1,0,0.42
I3,I,3,,0.0015878381274086,0.0015878381274086,40823732.10123238,1,0,0.42
P1,P,4,-0.0018173781030888,0.0,-0.0018173781030888,20000000.0,1,0,0.42
P2,P,4,-0.0021164433932197,0.0,-0.0021164433932197,20000000.0,1,0,0.42
I1,I,4,,0.0025405410038538,0.0025405410038538,44523793.49428164,1,0,0.42
I2,I,4,,0.0012702705019269,0.0012702705019269,40619514.84031965,1,0,0.42
I3,I,4,,0.0015878381274086,0.0015878381274086,41398421.98698392,1,0,0.42
P1,P,5,-0.0021558729400039,0.0,-0.0021558729400039,20000000.0,1,0,0.42
P2,P,5,-0.0020880638649976,-0.0002659892902178,-0.0023540531552155,20000000.0,1,0,0.42
I1,I,5,,0.0025405410038538,0.0025405410038538,46314049.00223085,1,0,0.42
I2,I,5,,0.0012702705019269,0.0012702705019269,42293306.70156815,1,0,0.42
I3,I,5,,0.0015878381274086,0.0015878381274086,43137164.290537216,1,0,0.42
P1,P,6,-0.0022991727297585,-1.731757492539574e-05,-0.0023164903046839,20000000.0,1,0,0.42
P2,P,6,-0.0017929331895942,-0.0010023786051275,-0.0027953117947217,20000000.0,1,0,0.42
I1,I,6,,0.0025405410038538,0.0025405410038538,46886874.54623837,1,0,0.42
I2,I,6,,0.0012702705019269,0.0012702705019269,42747053.11890223,1,0,0.42
I3,I,6,,0.0015878381274086,0.0015878381274086,43663633.0048123,1,0,0.42
P1,P,7,-0.0021844155350373,-0.0002094643353892,-0.0023938798704265,20000000.0,1,0,0.42
P2,P,7,-0.001528246266833,-0.0016319309309781,-0.0031601771978112,20000000.0,1,0,0.42
I1,I,7,,0.0025405410038538,0.0025405410038538,46558084.126020096,1,0,0.42
I2,I,7,,0.0012702705019269,0.0012702705019269,42349511.210171945,1,0,0.42
I3,I,7,,0.0015878381274086,0.0015878381274086,43314020.84151177,1,0,0.42
P1,P,8,-0.0019280285555662,-0.0005118501675107,-0.0024398787230769,20000000.0,1,0,0.42
P2,P,8,-0.0013122402395021,-0.0020409044121328,-0.003353144651635,20000000.0,1,0,0.42
I1,I,8,,0.0025405410038538,0.0025405410038538,45686353.4778926,1,0,0.42
I2,I,8,,0.0012702705019269,0.0012702705019269,41467440.172516026,1,0,0.42
I3,I,8,,0.0015878381274086,0.0015878381274086,42446909.37385623,1,0,0.42
P1,P,9,-0.0016654734613881,-0.0007747283885679,-0.0024402018499561,20000000.0,1,0,0.42
P2,P,9,-0.0011338431942925,-0.0022894353138616,-0.0034232785081541,20000000.0,1,0,0.42
I1,I,9,,0.0025405410038538,0.0025405410038538,44592202.07847368,1,0,0.42
I2,I,9,,0.0012702705019269,0.0012702705019269,40396010.522049606,1,0,0.42
I3,I,9,,0.0015878381274086,0.0015878381274086,41370821.83705695,1,0,0.42
P1,P,10,-0.001448018906563,-0.0009638031115976,-0.0024118220181607,20000000.0,1,0,0.42
P2,P,10,-0.0009871343688012,-0.002440901141352,-0.0034280355101532,20000000.0,1,0,0.42
I1,I,10,,0.0025405410038538,0.0025405410038538,43482215.109274045,1,0,0.42
I2,I,10,,0.0012702705019269,0.0012702705019269,39322897.43578896,1,0,0.42
I3,I,10,,0.0015878381274086,0.0015878381274086,40284181.095909335,1,0,0.42
P1,P,11,-0.0012722716673771,-0.0011019099824114,-0.0023741816497885,20000000.0,1,0,0.42
P2,P,11,-0.0008673583790361,-0.0025376722396104,-0.0034050306186465,20000000.0,1,0,0.42
I1,I,11,,0.0025405410038538,0.0025405410038538,42456564.97229087,1,0,0.42
I2,I,11,,0.0012702705019269,0.0012702705019269,38338651.38618915,1,0,0.42
I3,I,11,,0.0015878381274086,0.0015878381274086,39283221.61487345,1,0,0.42
P1,P,12,-0.0011262633411331,-0.0012141332003428,-0.002340396541476,20000000.0,1,0,0.42
P2,P,12,-0.0007694174481542,-0.0026038754741461,-0.0033732929223003,20000000.0,1,0,0.42
I1,I,12,,0.0025405410038538,0.0025405410038538,41545265.59237313,1,0,0.42
I2,I,12,,0.0012702705019269,0.0012702705019269,37469267.01141603,1,0,0.42
I3,I,12,,0.0015878381274086,0.0015878381274086,38396381.63508728,1,0,0.42
P1,P,13,-0.0010024141163967,-0.0013140301751898,-0.0023164442915865,20000000.0,1,0,0.42
P2,P,13,-0.0006884716219949,-0.0026516045284346,-0.0033400761504296,20000000.0,1,0,0.42
I1,I,13,,0.0025405410038538,0.0025405410038538,40743967.99052071,1,0,0.42
I2,I,13,,0.0012702705019269,0.0012702705019269,36709007.44697676,1,0,0.42
I3,I,13,,0.0015878381274086,0.0015878381274086,37618784.7980898,1,0,0.42
P1,P,14,-0.0008969727207554,-0.0014057969632432,-0.0023027696839986,20000000.0,1,0,0.42
P2,P,14,-0.0006208610252559,-0.0026867475371163,-0.0033076085623722,20000000.0,1,0,0.42
I1,I,14,,0.0025405410038538,0.0025405410038538,40037505.78313338,1,0,0.42
I2,I,14,,0.0012702705019269,0.0012702705019269,36042134.43185808,1,0,0.42
I3,I,14,,0.0015878381274086,0.0015878381274086,36935038.4058507,1,0,0.42
P1,P,15,-0.000807679776643,-0.0014895141657823,-0.0022971939424253,20000000.0,1,0,0.42
P2,P,15,-0.0005638203994336,-0.0027124978412697,-0.0032763182407033,20000000.0,1,0,0.42
I1,I,15,,0.0025405410038538,0.0025405410038538,39411370.04249619,1,0,0.42
I2,I,15,,0.0012702705019269,0.0012702705019269,35453794.507421255,1,0,0.42
I3,I,15,,0.0015878381274086,0.0015878381274086,36330495.81666587,1,0,0.42
P1,P,16,-0.000732367005276,-0.0015647200699698,-0.0022970870752458,20000000.0,1,0,0.42
P2,P,16,-0.0005151851852676,-0.002731430219573,-0.0032466154048407,20000000.0,1,0,0.42
I1,I,16,,0.0025405410038538,0.0025405410038538,38854026.366435766,1,0,0.42
I2,I,16,,0.0012702705019269,0.0012702705019269,34932191.72653787,1,0,0.42
I3,I,16,,0.0015878381274086,0.0015878381274086,35793526.149564706,1,0,0.42
P1,P,17,-0.000668798192511,-0.0016315320455925,-0.0023003302381036,20000000.0,1,0,0.42
P2,P,17,-0.0004733627622895,-0.002745620153482,-0.0032189829157715,20000000.0,1,0,0.42
I1,I,17,,0.0025405410038538,0.0025405410038538,38356196.28494427,1,0,0.42
I2,I,17,,0.0012702705019269,0.0012702705019269,34467861.86279406,1,0,0.42
I3,I,17,,0.0015878381274086,0.0015878381274086,35314800.56380065,1,0,0.42
P1,P,18,-0.0006149258417138,-0.00169065529755,-0.0023055811392638,20000000.0,1,0,0.42
P2,P,18,-0.0004371873933115,-0.0027563349941575,-0.0031935223874691,20000000.0,1,0,0.42
I1,I,18,,0.0025405410038538,0.0025405410038538,37910411.81843937,1,0,0.42
I2,I,18,,0.0012702705019269,0.0012702705019269,34053325.21943573,1,0,0.42
I3,I,18,,0.0015878381274086,0.0015878381274086,34886873.441282466,1,0,0.42
P1,P,19,-0.0005689752159082,-0.0017429592037865,-0.0023119344196948,20000000.0,1,0,0.42
P2,P,19,-0.0004057126413278,-0.0027646052616635,-0.0031703179029914,20000000.0,1,0,0.42
I1,I,19,,0.0025405410038538,0.0025405410038538,37510326.20322534,1,0,0.42
I2,I,19,,0.0012702705019269,0.0012702705019269,33682300.785394244,1,0,0.42
I3,I,19,,0.0015878381274086,0.0015878381274086,34503454.25605871,1,0,0.42
P1,P,20,-0.0005294495332186,-0.0017893199622006,-0.0023187694954192,20000000.0,1,0,0.42
P2,P,20,-0.0003781010193154,-0.0027713635793125,-0.003149464598628,20000000.0,1,0,0.42
I1,I,20,,0.0025405410038538,0.0025405410038538,37150138.37602698,1,0,0.42
I2,I,20,,0.0012702705019269,0.0012702705019269,33349069.863720074,1,0,0.42
I3,I,20,,0.0015878381274086,0.0015878381274086,34158800.98446765,1,0,0.42
P1,P,21,-0.0004951331945352,-0.001830723895153,-0.0023258570896882,20000000.0,1,0,0.42
P2,P,21,-0.0003536734597208,-0.0027771244897593,-0.0031307979494801,20000000.0,1,0,0.42
I1,I,21,,0.0025405410038538,0.0025405410038538,36824365.37300293,1,0,0.42
I2,I,21,,0.0012702705019269,0.0012702705019269,33048316.9629258,1,0,0.42
I3,I,21,,0.0015878381274086,0.0015878381274086,33847520.79789259,1,0,0.42
P1,P,22,-0.0004650534047622,-0.0018678426252934,-0.0023328960300557,20000000.0,1,0,0.42
P2,P,22,-0.0003318834028557,-0.0027822192645618,-0.0031141026674175,20000000.0,1,0,0.42
I1,I,22,,0.0025405410038538,0.0025405410038538,36528485.18348082,1,0,0.42
I2,I,22,,0.0012702705019269,0.0012702705019269,32775685.471685413,1,0,0.42
I3,I,22,,0.0015878381274086,0.0015878381274086,33565181.87713048,1,0,0.42
P1,P,23,-0.0004384689742408,-0.0019012295433257,-0.0023396985175665,20000000.0,1,0,0.42
P2,P,23,-0.0003123351367522,-0.0027868194933236,-0.0030991546300759,20000000.0,1,0,0.42
I1,I,23,,0.0025405410038538,0.0025405410038538,36258869.40445669,1,0,0.42
I2,I,23,,0.0012702705019269,0.0012702705019269,32527710.39840106,1,0,0.42
I3,I,23,,0.0015878381274086,0.0015878381274086,33308241.237746328,1,0,0.42
P1,P,24,-0.0004147898949578,-0.0019314021789537,-0.0023461920739116,20000000.0,1,0,0.42
P2,P,24,-0.0002947335444814,-0.0027909998789441,-0.0030857334234256,20000000.0,1,0,0.42
I1,I,24,,0.0025405410038538,0.0025405410038538,36012530.57947879,1,0,0.42
I2,I,24,,0.0012702705019269,0.0012702705019269,32301562.130200345,1,0,0.42
I3,I,24,,0.0015878381274086,0.0015878381274086,33073791.788756102,1,0,0.42
P1,P,25,-0.0003935268082802,-0.0019588727594301,-0.0023523995677104,20000000.0,1,0,0.42
P2,P,25,-0.0002788454818959,-0.0027947798607274,-0.0030736253426233,20000000.0,1,0,0.42
I1,I,25,,0.0025405410038538,0.0025405410038538,35786858.44182764,1,0,0.42
I2,I,25,,0.0012702705019269,0.0012702705019269,32094774.697370134,1,0,0.42
I3,I,25,,0.0015878381274086,0.0015878381274086,32859296.56486643,1,0,0.42
P1,P,26,-0.000374283179051,-0.001984080083462,-0.0023583632625131,20000000.0,1,0,0.42
P2,P,26,-0.000264465169351,-0.0027981758108313,-0.0030626409801823,20000000.0,1,0,0.42
I1,I,26,,0.0025405410038538,0.0025405410038538,35579518.42032668,1,0,0.42
I2,I,26,,0.0012702705019269,0.0012702705019269,31905145.37569161,1,0,0.42
I3,I,26,,0.0015878381274086,0.0015878381274086,32662486.82589397,1,0,0.42
P1,P,27,-0.0003567294627138,-0.0020074124880528,-0.0023641419507666,20000000.0,1,0,0.42
P2,P,27,-0.0002514022220352,-0.0028012065673568,-0.003052608789392,20000000.0,1,0,0.42
I1,I,27,,0.0025405410038538,0.0025405410038538,35388368.22674165,1,0,0.42
I2,I,27,,0.0012702705019269,0.0012702705019269,31730651.783792462,1,0,0.42
I3,I,27,,0.0015878381274086,0.0015878381274086,32481278.96266976,1,0,0.42
P1,P,28,-0.0003405969607737,-0.0020291644310559,-0.0023697613918296,20000000.0,1,0,0.42
P2,P,28,-0.0002394801432685,-0.0028039000566876,-0.0030433801999561,20000000.0,1,0,0.42
I1,I,28,,0.0025405410038538,0.0025405410038538,35211540.217443645,1,0,0.42
I2,I,28,,0.0012702705019269,0.0012702705019269,31569527.62781633,1,0,0.42
I3,I,28,,0.0015878381274086,0.0015878381274086,32313855.834831905,1,0,0.42
P1,P,29,-0.0003256630707139,-0.00204959964794,-0.002375262718654,20000000.0,1,0,0.42
P2,P,29,-0.000228561237879,-0.0028062584237584,-0.0030348196616374,20000000.0,1,0,0.42
I1,I,29,,0.0025405410038538,0.0025405410038538,35047381.511501834,1,0,0.42
I2,I,29,,0.0012702705019269,0.0012702705019269,31420212.368545696,1,0,0.42
I3,I,29,,0.0015878381274086,0.0015878381274086,32158610.49068532,1,0,0.42
P1,P,0,-0.0015509044244545,0.0,-0.0015509044244545,20000000.0,1,9,0.42
P2,P,0,-0.0018605475296671,0.0,-0.0018605475296671,20000000.0,1,9,0.42
I1,I,0,,0.0025417829031318,0.0025417829031318,39871084.995335706,1,9,0.42
I2,I,0,,0.0012708914515659,0.0012708914515659,36028776.4706984,1,9,0.42
I3,I,0,,,,,0,9,0.42
P1,P,1,-0.0014424121448451,0.0,-0.0014424121448451,20000000.0,1,9,0.42
P2,P,1,-0.001712366939023,0.0,-0.001712366939023,20000000.0,1,9,0.42
I1,I,1,,0.0025417829031318,0.0025417829031318,40007661.816766135,1,9,0.42
I2,I,1,,0.0012708914515659,0.0012708914515659,36180460.80157251,1,9,0.42
I3,I,1,,,,,0,9,0.42
P1,P,2,-0.001439917071271,0.0,-0.001439917071271,20000000.0,1,9,0.42
P2,P,2,-0.0016967487359174,0.0,-0.0016967487359174,20000000.0,1,9,0.42
I1,I,2,,0.0025417829031318,0.0025417829031318,40381739.02079408,1,9,0.42
I2,I,2,,0.0012708914515659,0.0012708914515659,36467186.28896342,1,9,0.42
I3,I,2,,,,,0,9,0.42
P1,P,3,-0.0014638438730807,0.0,-0.0014638438730807,20000000.0,1,9,0.42
P2,P,3,-0.0017171489978361,0.0,-0.0017171489978361,20000000.0,1,9,0.42
I1,I,3,,0.0025417829031318,0.0025417829031318,40659545.21725059,1,9,0.42
I2,I,3,,0.0012708914515659,0.0012708914515659,36686239.232649386,1,9,0.42
I3,I,3,,,,,0,9,0.42
P1,P,4,-0.0014951295222334,0.0,-0.0014951295222334,20000000.0,1,9,0.42
P2,P,4,-0.001749816279734,0.0,-0.001749816279734,20000000.0,1,9,0.42
I1,I,4,,0.0025417829031318,0.0025417829031318,40864668.1358828,1,9,0.42
I2,I,4,,0.0012708914515659,0.0012708914515659,36855937.62603408,1,9,0.42
I3,I,4,,,,,0,9,0.42
P1,P,5,-0.0016209570356793,0.0,-0.0016209570356793,20000000.0,1,9,0.42
P2,P,5,-0.0017522602216143,-6.62432754008554e-05,-0.0018185034970151,20000000.0,1,9,0.42
I1,I,5,,0.0025417829031318,0.0025417829031318,41527233.85672788,1,9,0.42
I2,I,5,,0.0012708914515659,0.0012708914515659,37465949.55413054,1,9,0.42
I3,I,5,,,,,0,9,0.42
P1,P,6,-0.0017016074721556,0.0,-0.0017016074721556,20000000.0,1,9,0.42
P2,P,6,-0.0015348359306615,-0.0004221810422912,-0.0019570169729528,20000000.0,1,9,0.42
I1,I,6,,0.0025417829031318,0.0025417829031318,41684653.95951361,1,9,0.42
I2,I,6,,0.0012708914515659,0.0012708914515659,37572888.84716841,1,9,0.42
I3,I,6,,,,,0,9,0.42
P1,P,7,-0.0017092187241869,-3.129346117938865e-06,-0.0017123480703048,20000000.0,1,9,0.42
P2,P,7,-0.0013205070740525,-0.0008347347514308,-0.0021552418254834,20000000.0,1,9,0.42
I1,I,7,,0.0025417829031318,0.0025417829031318,41424392.91817348,1,9,0.42
I2,I,7,,0.0012708914515659,0.0012708914515659,37271596.25844992,1,9,0.42
I3,I,7,,,,,0,9,0.42
P1,P,8,-0.0016033193704449,-9.278547015827052e-05,-0.0016961048406032,20000000.0,1,9,0.42
P2,P,8,-0.0011497887853642,-0.0011486849382978,-0.0022984737236621,20000000.0,1,9,0.42
I1,I,8,,0.0025417829031318,0.0025417829031318,40885005.74441397,1,9,0.42
I2,I,8,,0.0012708914515659,0.0012708914515659,36721392.842956,1,9,0.42
I3,I,8,,,,,0,9,0.42
P1,P,9,-0.0014599300809815,-0.0002669105473789,-0.0017268406283604,20000000.0,1,9,0.42
P2,P,9,-0.0010041702057791,-0.0013638294338327,-0.0023679996396118,20000000.0,1,9,0.42
I1,I,9,,0.0025417829031318,0.0025417829031318,40131299.288030736,1,9,0.42
I2,I,9,,0.0012708914515659,0.0012708914515659,35987109.88347865,1,9,0.42
I3,I,9,,,,,0,9,0.42
P1,P,10,-0.0014985173980518,-0.0005244451773619,-0.0020229625754138,20000000.0,1,9,0.42
P2,P,10,-0.0009798683025661,-0.0019019150033556,-0.0028817833059217,20000000.0,1,9,0.42
I1,I,10,,0.0025417829031318,0.0025417829031318,42082502.33003338,1,9,0.42
I2,I,10,,0.0012708914515659,0.0012708914515659,37830976.63483233,1,9,0.42
I3,I,10,,0.0015886143144574,0.0015886143144574,40116232.888106175,1,9,0.42
P1,P,11,-0.001411608676323,-0.0007729738022908,-0.0021845824786139,20000000.0,1,9,0.42
P2,P,11,-0.0009118316271452,-0.002252149436312,-0.0031639810634572,20000000.0,1,9,0.42
I1,I,11,,0.0025417829031318,0.0025417829031318,42218567.08679602,1,9,0.42
I2,I,11,,0.0012708914515659,0.0012708914515659,37926474.81967424,1,9,0.42
I3,I,11,,0.0015886143144574,0.0015886143144574,40039254.89276304,1,9,0.42
P1,P,12,-0.0012776341776497,-0.0009748148709031,-0.0022524490485528,20000000.0,1,9,0.42
P2,P,12,-0.0008308462513609,-0.0024621883927595,-0.0032930346441204,20000000.0,1,9,0.42
I1,I,12,,0.0025417829031318,0.0025417829031318,41815601.30045731,1,9,0.42
I2,I,12,,0.0012708914515659,0.0012708914515659,37530903.73570643,1,9,0.42
I3,I,12,,0.0015886143144574,0.0015886143144574,39581798.61970172,1,9,0.42
P1,P,13,-0.0011528297536389,-0.001118177941256,-0.002271007694895,20000000.0,1,9,0.42
P2,P,13,-0.0007523028139502,-0.0025870123740628,-0.003339315188013,20000000.0,1,9,0.42
I1,I,13,,0.0025417829031318,0.0025417829031318,41218580.24839242,1,9,0.42
I2,I,13,,0.0012708914515659,0.0012708914515659,36958646.720716245,1,9,0.42
I3,I,13,,0.0015886143144574,0.0015886143144574,38970869.86925917,1,9,0.42
P1,P,14,-0.0010444050820271,-0.0012226544118174,-0.0022670594938446,20000000.0,1,9,0.42
P2,P,14,-0.0006819000775227,-0.0026639111609147,-0.0033458112384375,20000000.0,1,9,0.42
I1,I,14,,0.0025417829031318,0.0025417829031318,40581925.13458607,1,9,0.42
I2,I,14,,0.0012708914515659,0.0012708914515659,36353197.17968276,1,9,0.42
I3,I,14,,0.0015886143144574,0.0015886143144574,38335723.22234314,1,9,0.42
P1,P,15,-0.0009483949975933,-0.0013091612749299,-0.0022575562725233,20000000.0,1,9,0.42
P2,P,15,-0.0006207625840592,-0.0027141242321248,-0.0033348868161841,20000000.0,1,9,0.42
I1,I,15,,0.0025417829031318,0.0025417829031318,39969900.59385491,1,9,0.42
I2,I,15,,0.0012708914515659,0.0012708914515659,35774366.26284116,1,9,0.42
I3,I,15,,0.0015886143144574,0.0015886143144574,37731967.25563632,1,9,0.42
P1,P,16,-0.000861948813111,-0.0013887059106475,-0.0022506547237586,20000000.0,1,9,0.42
P2,P,16,-0.0005680634817274,-0.0027485520599939,-0.0033166155417214,20000000.0,1,9,0.42
I1,I,16,,0.0025417829031318,0.0025417829031318,39402451.755322926,1,9,0.42
I2,I,16,,0.0012708914515659,0.0012708914515659,35240262.51091077,1,9,0.42
I3,I,16,,0.0015886143144574,0.0015886143144574,37175964.81674719,1,9,0.42
P1,P,17,-0.0007845910149431,-0.0014648849732785,-0.0022494759882216,20000000.0,1,9,0.42
P2,P,17,-0.000522413208711,-0.0027724690338344,-0.0032948822425454,20000000.0,1,9,0.42
I1,I,17,,0.0025417829031318,0.0025417829031318,38880362.02530578,1,9,0.42
I2,I,17,,0.0012708914515659,0.0012708914515659,34750961.462639175,1,9,0.42
I3,I,17,,0.0015886143144574,0.0015886143144574,36666843.44848432,1,9,0.42
P1,P,18,-0.0007164838488638,-0.0015368458002744,-0.0022533296491382,20000000.0,1,9,0.42
P2,P,18,-0.0004825783434068,-0.0027887764234853,-0.0032713547668921,20000000.0,1,9,0.42
I1,I,18,,0.0025417829031318,0.0025417829031318,38400092.11749332,1,9,0.42
I2,I,18,,0.0012708914515659,0.0012708914515659,34302498.61637734,1,9,0.42
I3,I,18,,0.0015886143144574,0.0015886143144574,36200172.95924573,1,9,0.42
P1,P,19,-0.0006573585774439,-0.0016033025710951,-0.002260661148539,20000000.0,1,9,0.42
P2,P,19,-0.0004476165980034,-0.0027993399443588,-0.0032469565423623,20000000.0,1,9,0.42
I1,I,19,,0.0025417829031318,0.0025417829031318,37958564.17086303,1,9,0.42
I2,I,19,,0.0012708914515659,0.0012708914515659,33891485.19297076,1,9,0.42
I3,I,19,,0.0015886143144574,0.0015886143144574,35772347.37639293,1,9,0.42
P1,P,20,-0.0006063776345041,-0.0016634788690625,-0.0022698565035666,20000000.0,1,9,0.42
P2,P,20,-0.0004168253408927,-0.0028057068975093,-0.003222532238402,20000000.0,1,9,0.42
I1,I,20,,0.0025417829031318,0.0025417829031318,37554069.08146971,1,9,0.42
I2,I,20,,0.0012708914515659,0.0012708914515659,33515959.563839592,1,9,0.42
I3,I,20,,0.0015886143144574,0.0015886143144574,35381317.235624544,1,9,0.42
P1,P,21,-0.0005624424285715,-0.0017174040357487,-0.0022798464643202,20000000.0,1,9,0.42
P2,P,21,-0.0003896168802775,-0.0028094146748635,-0.003199031555141,20000000.0,1,9,0.42
I1,I,21,,0.0025417829031318,0.0025417829031318,37184619.0493386,1,9,0.42
I2,I,21,,0.0012708914515659,0.0012708914515659,33173741.00239298,1,9,0.42
I3,I,21,,0.0015886143144574,0.0015886143144574,35024866.40703051,1,9,0.42
P1,P,22,-0.0005244016812368,-0.0017655924898551,-0.002289994171092,20000000.0,1,9,0.42
P2,P,22,-0.0003654354284226,-0.0028116315970189,-0.0031770670254416,20000000.0,1,9,0.42
I1,I,22,,0.0025417829031318,0.0025417829031318,36847601.54668125,1,9,0.42
I2,I,22,,0.0012708914515659,0.0012708914515659,32862151.900055982,1,9,0.42
I3,I,22,,0.0015886143144574,0.0015886143144574,34700259.46307668,1,9,0.42
P1,P,23,-0.0004911903679629,-0.0018086677717655,-0.0022998581397284,20000000.0,1,9,0.42
P2,P,23,-0.0003437766756736,-0.002813259042162,-0.0031570357178356,20000000.0,1,9,0.42
I1,I,23,,0.0025417829031318,0.0025417829031318,36539850.32040787,1,9,0.42
I2,I,23,,0.0012708914515659,0.0012708914515659,32578019.81399424,1,9,0.42
I3,I,23,,0.0015886143144574,0.0015886143144574,34404267.357588924,1,9,0.42
P1,P,24,-0.0004619602694413,-0.0018472228038495,-0.0023091830732909,20000000.0,1,9,0.42
P2,P,24,-0.0003242436164977,-0.0028147377591479,-0.0031389813756457,20000000.0,1,9,0.42
I1,I,24,,0.0025417829031318,0.0025417829031318,36258334.915598415,1,9,0.42
I2,I,24,,0.0012708914515659,0.0012708914515659,32318407.9940384,1,9,0.42
I3,I,24,,0.0015886143144574,0.0015886143144574,34133858.14010932,1,9,0.42
P1,P,25,-0.0004360327358128,-0.0018817624796841,-0.0023177952154969,20000000.0,1,9,0.42
P2,P,25,-0.0003065613957114,-0.0028162538719647,-0.0031228152676762,20000000.0,1,9,0.42
I1,I,25,,0.0025417829031318,0.0025417829031318,36000502.20029849,1,9,0.42
I2,I,25,,0.0012708914515659,0.0012708914515659,32080900.29980641,1,9,0.42
I3,I,25,,0.0015886143144574,0.0015886143144574,33886504.68485516,1,9,0.42
P1,P,26,-0.0004128551200396,-0.0019127953793047,-0.0023256504993444,20000000.0,1,9,0.42
P2,P,26,-0.0002905271073498,-0.002817867123244,-0.0031083942305939,20000000.0,1,9,0.42
I1,I,26,,0.0025417829031318,0.0025417829031318,35764147.88423459,1,9,0.42
I2,I,26,,0.0012708914515659,0.0012708914515659,31863438.090049364,1,9,0.42
I3,I,26,,0.0015886143144574,0.0015886143144574,33660041.36457358,1,9,0.42
P1,P,27,-0.0003919985176031,-0.0019409572612447,-0.0023329557788478,20000000.0,1,9,0.42
P2,P,27,-0.0002759591019143,-0.0028195022441153,-0.0030954613460297,20000000.0,1,9,0.42
I1,I,27,,0.0025417829031318,0.0025417829031318,35546965.60400713,1,9,0.42
I2,I,27,,0.0012708914515659,0.0012708914515659,31663883.1576959,1,9,0.42
I3,I,27,,0.0015886143144574,0.0015886143144574,33452213.884462837,1,9,0.42
P1,P,28,-0.0003730887595521,-0.0019667693711459,-0.002339858130698,20000000.0,1,9,0.42
P2,P,28,-0.0002626869142764,-0.0028210732475802,-0.0030837601618566,20000000.0,1,9,0.42
I1,I,28,,0.0025417829031318,0.0025417829031318,35346785.18099615,1,9,0.42
I2,I,28,,0.0012708914515659,0.0012708914515659,31480214.585479222,1,9,0.42
I3,I,28,,0.0015886143144574,0.0015886143144574,33260901.280878983,1,9,0.42
P1,P,29,-0.0003558081036872,-0.001990640374389,-0.0023464484780762,20000000.0,1,9,0.42
P2,P,29,-0.0002505531213863,-0.0028225303491135,-0.0030730834704998,20000000.0,1,9,0.42
I1,I,29,,0.0025417829031318,0.0025417829031318,35161653.66053731,1,9,0.42
I2,I,29,,0.0012708914515659,0.0012708914515659,31310604.050592262,1,9,0.42
I3,I,29,,0.0015886143144574,0.0015886143144574,33084193.18725164,1,9,0.42
P1,P,0,-0.0014856979169538,0.0,-0.0014856979169538,20000000.0,1,19,0.17
P2,P,0,-0.001940506370705,0.0,-0.001940506370705,20000000.0,1,19,0.17
I1,I,0,,0.0025496798690879,0.0025496798690879,40311418.27567181,1,19,0.17
I2,I,0,,0.0012748399345439,0.0012748399345439,35688705.11391598,1,19,0.17
I3,I,0,,,,,0,19,0.17
P1,P,1,-0.0013899342514029,0.0,-0.0013899342514029,20000000.0,1,19,0.17
P2,P,1,-0.0017760337125453,0.0,-0.0017760337125453,20000000.0,1,19,0.17
I1,I,1,,0.0025496798690879,0.0025496798690879,40377625.30677384,1,19,0.17
I2,I,1,,0.0012748399345439,0.0012748399345439,35875061.38773207,1,19,0.17
I3,I,1,,,,,0,19,0.17
P1,P,2,-0.0013901956710166,0.0,-0.0013901956710166,20000000.0,1,19,0.17
P2,P,2,-0.0017554430062426,0.0,-0.0017554430062426,20000000.0,1,19,0.17
I1,I,2,,0.0025496798690879,0.0025496798690879,40742984.83086448,1,19,0.17
I2,I,2,,0.0012748399345439,0.0012748399345439,36160826.26414018,1,19,0.17
I3,I,2,,,,,0,19,0.17
P1,P,3,-0.0014140565785828,0.0,-0.0014140565785828,20000000.0,1,19,0.17
P2,P,3,-0.0017747369060091,0.0,-0.0017747369060091,20000000.0,1,19,0.17
I1,I,3,,0.0025496798690879,0.0025496798690879,41021217.47062038,1,19,0.17
I2,I,3,,0.0012748399345439,0.0012748399345439,36376577.534816094,1,19,0.17
I3,I,3,,,,,0,19,0.17
P1,P,4,-0.0014444081573295,0.0,-0.0014444081573295,20000000.0,1,19,0.17
P2,P,4,-0.0018077976582207,0.0,-0.0018077976582207,20000000.0,1,19,0.17
I1,I,4,,0.0025496798690879,0.0025496798690879,41229188.1324096,1,19,0.17
I2,I,4,,0.0012748399345439,0.0012748399345439,36544112.780741714,1,19,0.17
I3,I,4,,,,,0,19,0.17
P1,P,5,-0.0015677127616646,0.0,-0.0015677127616646,20000000.0,1,19,0.17
P2,P,5,-0.0018037683190943,-6.329660851875573e-05,-0.0018670649276131,20000000.0,1,19,0.17
I1,I,5,,0.0025496798690879,0.0025496798690879,41927019.50754557,1,19,0.17
I2,I,5,,0.0012748399345439,0.0012748399345439,37176979.86556131,1,19,0.17
I3,I,5,,,,,0,19,0.17
P1,P,6,-0.0016471698431495,0.0,-0.0016471698431495,20000000.0,1,19,0.17
P2,P,6,-0.0015740430750271,-0.0004412971746094,-0.0020153402496366,20000000.0,1,19,0.17
I1,I,6,,0.0025496798690879,0.0025496798690879,42106226.57135533,1,19,0.17
I2,I,6,,0.0012748399345439,0.0012748399345439,37294260.40611128,1,19,0.17
I3,I,6,,,,,0,19,0.17
P1,P,7,-0.0016601944617882,-1.3277818302581862e-06,-0.0016615222436185,20000000.0,1,19,0.17
P2,P,7,-0.0013469420280773,-0.0008812259777726,-0.0022281680058499,20000000.0,1,19,0.17
I1,I,7,,0.0025496798690879,0.0025496798690879,41839257.59766191,1,19,0.17
I2,I,7,,0.0012748399345439,0.0012748399345439,36975852.90644127,1,19,0.17
I3,I,7,,,,,0,19,0.17
P1,P,8,-0.0015659576527999,-6.119653820228053e-05,-0.0016271541910022,20000000.0,1,19,0.17
P2,P,8,-0.0011707595987354,-0.0012098489232632,-0.0023806085219987,20000000.0,1,19,0.17
I1,I,8,,0.0025496798690879,0.0025496798690879,41304904.68865117,1,19,0.17
I2,I,8,,0.0012748399345439,0.0012748399345439,36424382.4147376,1,19,0.17
I3,I,8,,,,,0,19,0.17
P1,P,9,-0.0014174756939235,-0.0001982547169096,-0.0016157304108331,20000000.0,1,19,0.17
P2,P,9,-0.0010265734176698,-0.0014357325188744,-0.0024623059365443,20000000.0,1,19,0.17
I1,I,9,,0.0025496798690879,0.0025496798690879,40611454.038821466,1,19,0.17
I2,I,9,,0.0012748399345439,0.0012748399345439,35742873.206673265,1,19,0.17
I3,I,9,,,,,0,19,0.17
P1,P,10,-0.0012641472971871,-0.0003431428281925,-0.0016072901253796,20000000.0,1,19,0.17
P2,P,10,-0.0009039688130847,-0.0015889318556251,-0.0024929006687099,20000000.0,1,19,0.17
I1,I,10,,0.0025496798690879,0.0025496798690879,39855841.20247091,1,19,0.17
I2,I,10,,0.0012748399345439,0.0012748399345439,35014000.348528296,1,19,0.17
I3,I,10,,,,,0,19,0.17
P1,P,11,-0.001125721944655,-0.0004725223070831,-0.0015982442517381,20000000.0,1,19,0.17
P2,P,11,-0.0007999887007258,-0.0016921939155754,-0.0024921826163012,20000000.0,1,19,0.17
I1,I,11,,0.0025496798690879,0.0025496798690879,39104207.407115504,1,19,0.17
I2,I,11,,0.0012748399345439,0.0012748399345439,34296065.55283985,1,19,0.17
I3,I,11,,,,,0,19,0.17
P1,P,12,-0.0010063481885601,-0.0005770632548079,-0.0015834114433681,20000000.0,1,19,0.17
P2,P,12,-0.0007132645840104,-0.0017634599791118,-0.0024767245631222,20000000.0,1,19,0.17
I1,I,12,,0.0025496798690879,0.0025496798690879,38403745.39447342,1,19,0.17
I2,I,12,,0.0012748399345439,0.0012748399345439,33630677.511920765,1,19,0.17
I3,I,12,,,,,0,19,0.17
P1,P,13,-0.0009053487265496,-0.0006572821086124,-0.0015626308351621,20000000.0,1,19,0.17
P2,P,13,-0.0006418579036531,-0.0018158373875724,-0.0024576952912255,20000000.0,1,19,0.17
I1,I,13,,0.0025496798690879,0.0025496798690879,37781313.92780887,1,19,0.17
I2,I,13,,0.0012748399345439,0.0012748399345439,33041620.58499376,1,19,0.17
I3,I,13,,,,,0,19,0.17
P1,P,14,-0.0008231161692592,-0.000721996647677,-0.0015451128169362,20000000.0,1,19,0.17
P2,P,14,-0.0005829357384697,-0.0018564817330311,-0.0024394174715008,20000000.0,1,19,0.17
I1,I,14,,0.0025496798690879,0.0025496798690879,37234765.503837965,1,19,0.17
I2,I,14,,0.0012748399345439,0.0012748399345439,32526518.13250062,1,19,0.17
I3,I,14,,,,,0,19,0.17
P1,P,15,-0.0007559564391618,-0.0007770087850285,-0.0015329652241904,20000000.0,1,19,0.17
P2,P,15,-0.0005336993641758,-0.0018888419166473,-0.0024225412808232,20000000.0,1,19,0.17
I1,I,15,,0.0025496798690879,0.0025496798690879,36752428.30181611,1,19,0.17
I2,I,15,,0.0012748399345439,0.0012748399345439,32074125.153126925,1,19,0.17
I3,I,15,,,,,0,19,0.17
P1,P,16,-0.0006991808255966,-0.0008261034899302,-0.0015252843155268,20000000.0,1,19,0.17
P2,P,16,-0.0004919398653992,-0.0019150477799908,-0.0024069876453901,20000000.0,1,19,0.17
I1,I,16,,0.0025496798690879,0.0025496798690879,36323106.63616056,1,19,0.17
I2,I,16,,0.0012748399345439,0.0012748399345439,31673470.822592106,1,19,0.17
I3,I,16,,,,,0,19,0.17
P1,P,17,-0.0006493854503854,-0.0008721625914105,-0.0015215480417959,20000000.0,1,19,0.17
P2,P,17,-0.0004559970255791,-0.0019363714087217,-0.0023923684343009,20000000.0,1,19,0.17
I1,I,17,,0.0025496798690879,0.0025496798690879,35937053.032740854,1,19,0.17
I2,I,17,,0.0012748399345439,0.0012748399345439,31314982.983334094,1,19,0.17
I3,I,17,,,,,0,19,0.17
P1,P,18,-0.0006047645246414,-0.0009163855133633,-0.0015211500380047,20000000.0,1,19,0.17
P2,P,18,-0.0004246763024429,-0.0019535770904454,-0.0023782533928883,20000000.0,1,19,0.17
I1,I,18,,0.0025496798690879,0.0025496798690879,35586443.46087743,1,19,0.17
I2,I,18,,0.0012748399345439,0.0012748399345439,30990946.960049,1,19,0.17
I3,I,18,,,,,0,19,0.17
P1,P,19,-0.0005645352137544,-0.0009590503081352,-0.0015235855218897,20000000.0,1,19,0.17
P2,P,19,-0.0003970868842123,-0.001967141663134,-0.0023642285473464,20000000.0,1,19,0.17
I1,I,19,,0.0025496798690879,0.0025496798690879,35265304.08096625,1,19,0.17
I2,I,19,,0.0012748399345439,0.0012748399345439,30695447.187413637,1,19,0.17
I3,I,19,,,,,0,19,0.17
P1,P,20,-0.000571717241383,-0.0011106639738874,-0.0016823812152704,20000000.0,1,19,0.17
P2,P,20,-0.0004015757466408,-0.0022041062184641,-0.002605681965105,20000000.0,1,19,0.17
I1,I,20,,0.0025496798690879,0.0025496798690879,35969665.94360444,1,19,0.17
I2,I,20,,0.0012748399345439,0.0012748399345439,31365579.336149927,1,19,0.17
I3,I,20,,0.0006374199672719,0.0006374199672719,31771779.60145732,1,19,0.17
P1,P,21,-0.0005516809912314,-0.0012019958817006,-0.0017536768729321,20000000.0,1,19,0.17
P2,P,21,-0.0003876600621735,-0.0022968624096297,-0.0026845224718032,20000000.0,1,19,0.17
I1,I,21,,0.0025496798690879,0.0025496798690879,35935331.68832436,1,19,0.17
I2,I,21,,0.0012748399345439,0.0012748399345439,31334244.384128265,1,19,0.17
I3,I,21,,0.0006374199672719,0.0006374199672719,31652440.890014127,1,19,0.17
P1,P,22,-0.0005223294819171,-0.0012606022207648,-0.0017829317026819,20000000.0,1,19,0.17
P2,P,22,-0.0003680528282947,-0.0023352939673999,-0.0027033467956947,20000000.0,1,19,0.17
I1,I,22,,0.0025496798690879,0.0025496798690879,35736551.84964138,1,19,0.17
I2,I,22,,0.0012748399345439,0.0012748399345439,31153088.22363513,1,19,0.17
I3,I,22,,0.0006374199672719,0.0006374199672719,31434157.49684039,1,19,0.17
P1,P,23,-0.000492343764072,-0.0013043958564322,-0.0017967396205043,20000000.0,1,19,0.17
P2,P,23,-0.0003479470185107,-0.0023530729993421,-0.0027010200178528,20000000.0,1,19,0.17
I1,I,23,,0.0025496798690879,0.0025496798690879,35497923.92045841,1,19,0.17
I2,I,23,,0.0012748399345439,0.0012748399345439,30935192.20816188,1,19,0.17
I3,I,23,,0.0006374199672719,0.0006374199672719,31191487.85483744,1,19,0.17
P1,P,24,-0.000464482962817,-0.0013409198123171,-0.0018054027751342,20000000.0,1,19,0.17
P2,P,24,-0.0003290677696196,-0.0023626164620357,-0.0026916842316553,20000000.0,1,19,0.17
I1,I,24,,0.0025496798690879,0.0025496798690879,35259219.65416589,1,19,0.17
I2,I,24,,0.0012748399345439,0.0012748399345439,30717397.7451407,1,19,0.17
I3,I,24,,0.0006374199672719,0.0006374199672719,30955151.53561922,1,19,0.17
P1,P,25,-0.0004393367459232,-0.0013730677960832,-0.0018124045420064,20000000.0,1,19,0.17
P2,P,25,-0.0003118302013526,-0.0023686016164037,-0.0026804318177563,20000000.0,1,19,0.17
I1,I,25,,0.0025496798690879,0.0025496798690879,35032959.755013525,1,19,0.17
I2,I,25,,0.0012748399345439,0.0012748399345439,30511308.542745,1,19,0.17
I3,I,25,,0.0006374199672719,0.0006374199672719,30734231.345888145,1,19,0.17
P1,P,26,-0.000416783664573,-0.0014019990413496,-0.0018187827059227,20000000.0,1,19,0.17
P2,P,26,-0.0002961976130349,-0.002372912755226,-0.002669110368261,20000000.0,1,19,0.17
I1,I,26,,0.0025496798690879,0.0025496798690879,34822309.52294469,1,19,0.17
I2,I,26,,0.0012748399345439,0.0012748399345439,30319797.751894902,1,19,0.17
I3,I,26,,0.0006374199672719,0.0006374199672719,30530349.950025488,1,19,0.17
P1,P,27,-0.0003964877152594,-0.0014282516351369,-0.0018247393503964,20000000.0,1,19,0.17
P2,P,27,-0.00028198932655,-0.0023764588463887,-0.0026584481729388,20000000.0,1,19,0.17
I1,I,27,,0.0025496798690879,0.0025496798690879,34627233.47038744,1,19,0.17
I2,I,27,,0.0012748399345439,0.0012748399345439,30142749.901142634,1,19,0.17
I3,I,27,,0.0006374199672719,0.0006374199672719,30342700.23904744,1,19,0.17
P1,P,28,-0.0003781290961159,-0.0014522622789706,-0.0018303913750865,20000000.0,1,19,0.17
P2,P,28,-0.0002690123845818,-0.0023796224022371,-0.002648634786819,20000000.0,1,19,0.17
I1,I,28,,0.0025496798690879,0.0025496798690879,34446508.21995689,1,19,0.17
I2,I,28,,0.0012748399345439,0.0012748399345439,29978982.00250584,1,19,0.17
I3,I,28,,0.0006374199672719,0.0006374199672719,30169659.09509404,1,19,0.17
P1,P,29,-0.0003614143478558,-0.0014742912859903,-0.0018357056338461,20000000.0,1,19,0.17
P2,P,29,-0.0002571072745079,-0.0023825760666529,-0.0026396833411608,20000000.0,1,19,0.17
I1,I,29,,0.0025496798690879,0.0025496798690879,34278819.42150696,1,19,0.17
I2,I,29,,0.0012748399345439,0.0012748399345439,29827245.73352476,1,19,0.17
I3,I,29,,0.0006374199672719,0.0006374199672719,30009690.21991976,1,19,0.17
P1,P,0,-0.0014885041787049,0.0,-0.0014885041787049,20000000.0,1,21,0.17
P2,P,0,-0.0017953296292802,0.0,-0.0017953296292802,20000000.0,1,21,0.17
I1,I,0,,0.0025429300513688,0.0025429300513688,40758806.88339727,1,21,0.17
I2,I,0,,0.0012714650256844,0.0012714650256844,35706947.011172906,1,21,0.17
I3,I,0,,,,,0,21,0.17
P1,P,1,-0.0013886849444261,0.0,-0.0013886849444261,20000000.0,1,21,0.17
P2,P,1,-0.0016528980106834,0.0,-0.0016528980106834,20000000.0,1,21,0.17
I1,I,1,,0.0025429300513688,0.0025429300513688,40771047.99264259,1,21,0.17
I2,I,1,,0.0012714650256844,0.0012714650256844,35958375.2629804,1,21,0.17
I3,I,1,,,,,0,21,0.17
P1,P,2,-0.0013918462327121,0.0,-0.0013918462327121,20000000.0,1,21,0.17
P2,P,2,-0.0016416889926465,0.0,-0.0016416889926465,20000000.0,1,21,0.17
I1,I,2,,0.0025429300513688,0.0025429300513688,41159060.2987323,1,21,0.17
I2,I,2,,0.0012714650256844,0.0012714650256844,36302333.6978806,1,21,0.17
I3,I,2,,,,,0,21,0.17
P1,P,3,-0.0014200285965116,0.0,-0.0014200285965116,20000000.0,1,21,0.17
P2,P,3,-0.0016661438008601,0.0,-0.0016661438008601,20000000.0,1,21,0.17
I1,I,3,,0.0025429300513688,0.0025429300513688,41469606.09065312,1,21,0.17
I2,I,3,,0.0012714650256844,0.0012714650256844,36564634.31967242,1,21,0.17
I3,I,3,,,,,0,21,0.17
P1,P,4,-0.0014548595716009,0.0,-0.0014548595716009,20000000.0,1,21,0.17
P2,P,4,-0.0017026640937143,0.0,-0.0017026640937143,20000000.0,1,21,0.17
I1,I,4,,0.0025429300513688,0.0025429300513688,41711322.57838668,1,21,0.17
I2,I,4,,0.0012714650256844,0.0012714650256844,36773021.30421992,1,21,0.17
I3,I,4,,,,,0,21,0.17
P1,P,5,-0.0015932642331551,0.0,-0.0015932642331551,20000000.0,1,21,0.17
P2,P,5,-0.0017154049819856,-7.329376621804071e-05,-0.0017886987482036,20000000.0,1,21,0.17
I1,I,5,,0.0025429300513688,0.0025429300513688,42514771.88840556,1,21,0.17
I2,I,5,,0.0012714650256844,0.0012714650256844,37514196.86634416,1,21,0.17
I3,I,5,,,,,0,21,0.17
P1,P,6,-0.0016832664464315,0.0,-0.0016832664464315,20000000.0,1,21,0.17
P2,P,6,-0.001512105353971,-0.0004349823362335,-0.0019470876902046,20000000.0,1,21,0.17
I1,I,6,,0.0025429300513688,0.0025429300513688,42762413.54773635,1,21,0.17
I2,I,6,,0.0012714650256844,0.0012714650256844,37701815.303058766,1,21,0.17
I3,I,6,,,,,0,21,0.17
P1,P,7,-0.0016901756786492,-6.396028744427506e-06,-0.0016965717073936,20000000.0,1,21,0.17
P2,P,7,-0.0013139390152414,-0.0008396017056161,-0.0021535407208576,20000000.0,1,21,0.17
I1,I,7,,0.0025429300513688,0.0025429300513688,42568355.20264207,1,21,0.17
I2,I,7,,0.0012714650256844,0.0012714650256844,37460672.56343359,1,21,0.17
I3,I,7,,,,,0,21,0.17
P1,P,8,-0.0015861817744193,-0.000108255866701,-0.0016944376411204,20000000.0,1,21,0.17
P2,P,8,-0.0011618694702549,-0.0011307186007304,-0.0022925880709853,20000000.0,1,21,0.17
I1,I,8,,0.0025429300513688,0.0025429300513688,42077779.84581678,1,21,0.17
I2,I,8,,0.0012714650256844,0.0012714650256844,36958176.17218963,1,21,0.17
I3,I,8,,,,,0,21,0.17
P1,P,9,-0.0014499000228416,-0.0002817286212018,-0.0017316286440434,20000000.0,1,21,0.17
P2,P,9,-0.0010308233653357,-0.001323587496636,-0.0023544108619717,20000000.0,1,21,0.17
I1,I,9,,0.0025429300513688,0.0025429300513688,41373099.37829752,1,21,0.17
I2,I,9,,0.0012714650256844,0.0012714650256844,36271381.14550641,1,21,0.17
I3,I,9,,,,,0,21,0.17
P1,P,10,-0.0013083399801043,-0.000436745418895,-0.0017450853989994,20000000.0,1,21,0.17
P2,P,10,-0.0009121945625614,-0.0014575983947514,-0.0023697929573129,20000000.0,1,21,0.17
I1,I,10,,0.0025429300513688,0.0025429300513688,40582025.89155949,1,21,0.17
I2,I,10,,0.0012714650256844,0.0012714650256844,35508825.199533045,1,21,0.17
I3,I,10,,,,,0,21,0.17
P1,P,11,-0.0011703902285998,-0.0005644340423102,-0.0017348242709101,20000000.0,1,21,0.17
P2,P,11,-0.0008078409407753,-0.0015552803286881,-0.0023631212694634,20000000.0,1,21,0.17
I1,I,11,,0.0025429300513688,0.0025429300513688,39801060.04417299,1,21,0.17
I2,I,11,,0.0012714650256844,0.0012714650256844,34757956.83359431,1,21,0.17
I3,I,11,,,,,0,21,0.17
P1,P,12,-0.0010449170510138,-0.0006654425109615,-0.0017103595619753,20000000.0,1,21,0.17
P2,P,12,-0.0007194577892315,-0.0016295290243633,-0.0023489868135948,20000000.0,1,21,0.17
I1,I,12,,0.0025429300513688,0.0025429300513688,39084972.31388244,1,21,0.17
I2,I,12,,0.0012714650256844,0.0012714650256844,34070413.163063176,1,21,0.17
I3,I,12,,,,,0,21,0.17
P1,P,13,-0.0009414390369978,-0.0007443953180979,-0.0016858343550957,20000000.0,1,21,0.17
P2,P,13,-0.0006458166560759,-0.0016876549523224,-0.0023334716083984,20000000.0,1,21,0.17
I1,I,13,,0.0025429300513688,0.0025429300513688,38446061.98823944,1,21,0.17
I2,I,13,,0.0012714650256844,0.0012714650256844,33458653.090314023,1,21,0.17
I3,I,13,,,,,0,21,0.17
P1,P,14,-0.0008574785376931,-0.000806993516568,-0.0016644720542612,20000000.0,1,21,0.17
P2,P,14,-0.0005845626827053,-0.0017341971318512,-0.0023187598145565,20000000.0,1,21,0.17
I1,I,14,,0.0025429300513688,0.0025429300513688,37881388.29249676,1,21,0.17
I2,I,14,,0.0012714650256844,0.0012714650256844,32919914.474538915,1,21,0.17
I3,I,14,,,,,0,21,0.17
P1,P,15,-0.0007877595406028,-0.0008592237095879,-0.0016469832501907,20000000.0,1,21,0.17
P2,P,15,-0.0005332809749747,-0.0017722138130714,-0.0023054947880461,20000000.0,1,21,0.17
I1,I,15,,0.0025429300513688,0.0025429300513688,37383053.017263584,1,21,0.17
I2,I,15,,0.0012714650256844,0.0012714650256844,32446364.848590832,1,21,0.17
I3,I,15,,,,,0,21,0.17
P1,P,16,-0.0007280095218389,-0.0009057675779003,-0.0016337770997392,20000000.0,1,21,0.17
P2,P,16,-0.0004898255373886,-0.0018037912464506,-0.0022936167838392,20000000.0,1,21,0.17
I1,I,16,,0.0025429300513688,0.0025429300513688,36941018.30146202,1,21,0.17
I2,I,16,,0.0012714650256844,0.0012714650256844,32028111.59394717,1,21,0.17
I3,I,16,,,,,0,21,0.17
P1,P,17,-0.0006755166814711,-0.0009492709320512,-0.0016247876135224,20000000.0,1,21,0.17
P2,P,17,-0.0004525343449828,-0.0018302743951007,-0.0022828087400836,20000000.0,1,21,0.17
I1,I,17,,0.0025429300513688,0.0025429300513688,36545114.38218672,1,21,0.17
I2,I,17,,0.0012714650256844,0.0012714650256844,31655113.84818549,1,21,0.17
I3,I,17,,,,,0,21,0.17
P1,P,18,-0.0006288279973131,-0.0009905503167596,-0.0016193783140727,20000000.0,1,21,0.17
P2,P,18,-0.0004202437545786,-0.001852278344478,-0.0022725220990567,20000000.0,1,21,0.17
I1,I,18,,0.0025429300513688,0.0025429300513688,36187161.97204472,1,21,0.17
I2,I,18,,0.0012714650256844,0.0012714650256844,31319288.261014964,1,21,0.17
I3,I,18,,,,,0,21,0.17
P1,P,19,-0.0005869661062923,-0.0010296074397708,-0.0016165735460631,20000000.0,1,21,0.17
P2,P,19,-0.0003920640347207,-0.0018704092929568,-0.0022624733276775,20000000.0,1,21,0.17
I1,I,19,,0.0025429300513688,0.0025429300513688,35861623.518069714,1,21,0.17
I2,I,19,,0.0012714650256844,0.0012714650256844,31015060.34784589,1,21,0.17
I3,I,19,,,,,0,21,0.17
P1,P,20,-0.0005493566456553,-0.0010663957736502,-0.0016157524193055,20000000.0,1,21,0.17
P2,P,20,-0.0003672745630304,-0.0018853736242214,-0.0022526481872518,20000000.0,1,21,0.17
I1,I,20,,0.0025429300513688,0.0025429300513688,35564268.03267973,1,21,0.17
I2,I,20,,0.0012714650256844,0.0012714650256844,30738126.451599486,1,21,0.17
I3,I,20,,,,,0,21,0.17
P1,P,21,-0.0005156860726728,-0.0011013000558543,-0.0016169861285271,20000000.0,1,21,0.17
P2,P,21,-0.0003452627686391,-0.0018975255232155,-0.0022427882918547,20000000.0,1,21,0.17
I1,I,21,,0.0025429300513688,0.0025429300513688,35290974.67060953,1,21,0.17
I2,I,21,,0.0012714650256844,0.0012714650256844,30484402.906158675,1,21,0.17
I3,I,21,,,,,0,21,0.17
P1,P,22,-0.000528006546973,-0.0012627987569526,-0.0017908053039256,20000000.0,1,21,0.17
P2,P,22,-0.0003523019768808,-0.0021290773744038,-0.0024813793512846,20000000.0,1,21,0.17
I1,I,22,,0.0025429300513688,0.0025429300513688,36052639.62300371,1,21,0.17
I2,I,22,,0.0012714650256844,0.0012714650256844,31200187.32861325,1,21,0.17
I3,I,22,,0.0006357325128422,0.0006357325128422,31687664.42719271,1,21,0.17
P1,P,23,-0.0005122144591855,-0.0013491550385024,-0.001861369497688,20000000.0,1,21,0.17
P2,P,23,-0.0003414070654413,-0.0022168917352329,-0.0025582988006742,20000000.0,1,21,0.17
I1,I,23,,0.0025429300513688,0.0025429300513688,36050793.73931724,1,21,0.17
I2,I,23,,0.0012714650256844,0.0012714650256844,31199089.84920017,1,21,0.17
I3,I,23,,0.0006357325128422,0.0006357325128422,31594763.714913405,1,21,0.17
P1,P,24,-0.0004871054808202,-0.0014002462740285,-0.0018873517548488,20000000.0,1,21,0.17
P2,P,24,-0.0003251497345364,-0.0022523746207896,-0.0025775243553261,20000000.0,1,21,0.17
I1,I,24,,0.0025429300513688,0.0025429300513688,35883623.73968756,1,21,0.17
I2,I,24,,0.0012714650256844,0.0012714650256844,31045477.64567664,1,21,0.17
I3,I,24,,0.0006357325128422,0.0006357325128422,31404059.779530466,1,21,0.17
P1,P,25,-0.0004609770932488,-0.0014371735715823,-0.0018981506648312,20000000.0,1,21,0.17
P2,P,25,-0.0003084279347252,-0.0022689093483914,-0.0025773372831167,20000000.0,1,21,0.17
I1,I,25,,0.0025429300513688,0.0025429300513688,35677153.638602704,1,21,0.17
I2,I,25,,0.0012714650256844,0.0012714650256844,30855130.85167381,1,21,0.17
I3,I,25,,0.0006357325128422,0.0006357325128422,31190014.022686712,1,21,0.17
P1,P,26,-0.0004364259799649,-0.001467854928088,-0.001904280908053,20000000.0,1,21,0.17
P2,P,26,-0.0002927563691176,-0.0022782382036605,-0.0025709945727781,20000000.0,1,21,0.17
I1,I,26,,0.0025429300513688,0.0025429300513688,35469626.869242616,1,21,0.17
I2,I,26,,0.0012714650256844,0.0012714650256844,30663890.126222424,1,21,0.17
I3,I,26,,0.0006357325128422,0.0006357325128422,30981617.283082664,1,21,0.17
P1,P,27,-0.0004139920814909,-0.0014949636865319,-0.0019089557680229,20000000.0,1,21,0.17
P2,P,27,-0.0002784276513796,-0.0022846608100934,-0.0025630884614731,20000000.0,1,21,0.17
I1,I,27,,0.0025429300513688,0.0025429300513688,35272424.77291496,1,21,0.17
I2,I,27,,0.0012714650256844,0.0012714650256844,30482406.11721982,1,21,0.17
I3,I,27,,0.0006357325128422,0.0006357325128422,30786754.40073189,1,21,0.17
P1,P,28,-0.0003936102862018,-0.0015194687181273,-0.0019130790043291,20000000.0,1,21,0.17
P2,P,28,-0.0002653683487522,-0.0022898258292421,-0.0025551941779943,20000000.0,1,21,0.17
I1,I,28,,0.0025429300513688,0.0025429300513688,35088185.98562352,1,21,0.17
I2,I,28,,0.0012714650256844,0.0012714650256844,30313097.712631084,1,21,0.17
I3,I,28,,0.0006357325128422,0.0006357325128422,30606497.36330693,1,21,0.17
P1,P,29,-0.0003750300985167,-0.0015418326749394,-0.0019168627734561,20000000.0,1,21,0.17
P2,P,29,-0.0002534255941266,-0.00229440961892,-0.0025478352130466,20000000.0,1,21,0.17
I1,I,29,,0.0025429300513688,0.0025429300513688,34916792.80555206,1,21,0.17
I2,I,29,,0.0012714650256844,0.0012714650256844,30155810.97129217,1,21,0.17
I3,I,29,,0.0006357325128422,0.0006357325128422,30439950.201773155,1,21,0.17
P1,P,0,-0.0016263201703604,0.0,-0.0016263201703604,20000000.0,1,17,0.17
P2,P,0,-0.0017856153731246,0.0,-0.0017856153731246,20000000.0,1,17,0.17
I1,I,0,,0.0025433168705508,0.0025433168705508,40290311.259613134,1,17,0.17
I2,I,0,,0.0012716584352754,0.0012716584352754,36084037.3183359,1,17,0.17
I3,I,0,,,,,0,17,0.17
P1,P,1,-0.0015063768733846,0.0,-0.0015063768733846,20000000.0,1,17,0.17
P2,P,1,-0.001646951528464,0.0,-0.001646951528464,20000000.0,1,17,0.17
I1,I,1,,0.0025433168705508,0.0025433168705508,40379259.46968578,1,17,0.17
I2,I,1,,0.0012716584352754,0.0012716584352754,36265447.97118009,1,17,0.17
I3,I,1,,,,,0,17,0.17
P1,P,2,-0.0015012010708362,0.0,-0.0015012010708362,20000000.0,1,17,0.17
P2,P,2,-0.0016325649171234,0.0,-0.0016325649171234,20000000.0,1,17,0.17
I1,I,2,,0.0025433168705508,0.0025433168705508,40751653.98274751,1,17,0.17
I2,I,2,,0.0012716584352754,0.0012716584352754,36565478.8719343,1,17,0.17
I3,I,2,,,,,0,17,0.17
P1,P,3,-0.0015253115659862,0.0,-0.0015253115659862,20000000.0,1,17,0.17
P2,P,3,-0.0016523649707127,0.0,-0.0016523649707127,20000000.0,1,17,0.17
I1,I,3,,0.0025433168705508,0.0025433168705508,41031506.228802025,1,17,0.17
I2,I,3,,0.0012716584352754,0.0012716584352754,36790640.234119445,1,17,0.17
I3,I,3,,,,,0,17,0.17
P1,P,4,-0.0015578160507018,0.0,-0.0015578160507018,20000000.0,1,17,0.17
P2,P,4,-0.0016839879660677,0.0,-0.0016839879660677,20000000.0,1,17,0.17
I1,I,4,,0.0025433168705508,0.0025433168705508,41239946.88944623,1,17,0.17
I2,I,4,,0.0012716584352754,0.0012716584352754,36964508.20437835,1,17,0.17
I3,I,4,,,,,0,17,0.17
P1,P,5,-0.0016890292563425,0.0,-0.0016890292563425,20000000.0,1,17,0.17
P2,P,5,-0.0016899399445621,-6.349081052079007e-05,-0.0017534307550829,20000000.0,1,17,0.17
I1,I,5,,0.0025433168705508,0.0025433168705508,41913409.0599128,1,17,0.17
I2,I,5,,0.0012716584352754,0.0012716584352754,37578193.6809109,1,17,0.17
I3,I,5,,,,,0,17,0.17
P1,P,6,-0.0017737022756649,0.0,-0.0017737022756649,20000000.0,1,17,0.17
P2,P,6,-0.0014990865958662,-0.0003886470273111,-0.0018877336231774,20000000.0,1,17,0.17
I1,I,6,,0.0025433168705508,0.0025433168705508,42075623.85026483,1,17,0.17
I2,I,6,,0.0012716584352754,0.0012716584352754,37691143.09664036,1,17,0.17
I3,I,6,,,,,0,17,0.17
P1,P,7,-0.0017866542596713,-1.8160262649053025e-06,-0.0017884702859362,20000000.0,1,17,0.17
P2,P,7,-0.0013091768351467,-0.0007612215377898,-0.0020703983729366,20000000.0,1,17,0.17
I1,I,7,,0.0025433168705508,0.0025433168705508,41840836.31891277,1,17,0.17
I2,I,7,,0.0012716584352754,0.0012716584352754,37420644.19725833,1,17,0.17
I3,I,7,,,,,0,17,0.17
P1,P,8,-0.0016672610729933,-9.780870279123574e-05,-0.0017650697757846,20000000.0,1,17,0.17
P2,P,8,-0.0011542147123765,-0.0010516380640274,-0.002205852776404,20000000.0,1,17,0.17
I1,I,8,,0.0025433168705508,0.0025433168705508,41350442.62105258,1,17,0.17
I2,I,8,,0.0012716584352754,0.0012716584352754,36923269.02856106,1,17,0.17
I3,I,8,,,,,0,17,0.17
P1,P,9,-0.0015040611582004,-0.0003032157322934,-0.0018072768904939,20000000.0,1,17,0.17
P2,P,9,-0.0010151990857212,-0.0012593655192818,-0.0022745646050031,20000000.0,1,17,0.17
I1,I,9,,0.0025433168705508,0.0025433168705508,40626920.99461407,1,17,0.17
I2,I,9,,0.0012716584352754,0.0012716584352754,36221808.17255968,1,17,0.17
I3,I,9,,,,,0,17,0.17
P1,P,10,-0.001346767771907,-0.0004866493610796,-0.0018334171329866,20000000.0,1,17,0.17
P2,P,10,-0.0008896801505681,-0.0014013864260304,-0.0022910665765986,20000000.0,1,17,0.17
I1,I,10,,0.0025433168705508,0.0025433168705508,39790900.989634,1,17,0.17
I2,I,10,,0.0012716584352754,0.0012716584352754,35419881.16816694,1,17,0.17
I3,I,10,,,,,0,17,0.17
P1,P,11,-0.0012044736428122,-0.0006274757146051,-0.0018319493574174,20000000.0,1,17,0.17
P2,P,11,-0.0007812668633046,-0.0014972139079977,-0.0022784807713023,20000000.0,1,17,0.17
I1,I,11,,0.0025433168705508,0.0025433168705508,38958356.419346325,1,17,0.17
I2,I,11,,0.0012716584352754,0.0012716584352754,34623670.67482111,1,17,0.17
I3,I,11,,,,,0,17,0.17
P1,P,12,-0.0010779234883904,-0.0007311824987064,-0.0018091059870969,20000000.0,1,17,0.17
P2,P,12,-0.0006914348984961,-0.0015649969287234,-0.0022564318272195,20000000.0,1,17,0.17
I1,I,12,,0.0025433168705508,0.0025433168705508,38204097.3227291,1,17,0.17
I2,I,12,,0.0012716584352754,0.0012716584352754,33903213.48451801,1,17,0.17
I3,I,12,,,,,0,17,0.17
P1,P,13,-0.0009704085407907,-0.000808993750029,-0.0017794022908198,20000000.0,1,17,0.17
P2,P,13,-0.000618567420469,-0.0016168203105007,-0.0022353877309697,20000000.0,1,17,0.17
I1,I,13,,0.0025433168705508,0.0025433168705508,37552748.1868624,1,17,0.17
I2,I,13,,0.0012716584352754,0.0012716584352754,33282075.021375798,1,17,0.17
I3,I,13,,,,,0,17,0.17
P1,P,14,-0.0008845380937284,-0.0008717187264332,-0.0017562568201616,20000000.0,1,17,0.17
P2,P,14,-0.0005591566890177,-0.0016581417243303,-0.0022172984133481,20000000.0,1,17,0.17
I1,I,14,,0.0025433168705508,0.0025433168705508,36991466.35112506,1,17,0.17
I2,I,14,,0.0012716584352754,0.0012716584352754,32748567.150054622,1,17,0.17
I3,I,14,,,,,0,17,0.17
P1,P,15,-0.0008149404931048,-0.0009245319028254,-0.0017394723959302,20000000.0,1,17,0.17
P2,P,15,-0.0005099505506589,-0.0016919723222947,-0.0022019228729536,20000000.0,1,17,0.17
I1,I,15,,0.0025433168705508,0.0025433168705508,36503247.17081546,1,17,0.17
I2,I,15,,0.0012716584352754,0.0012716584352754,32286304.212221663,1,17,0.17
I3,I,15,,,,,0,17,0.17
P1,P,16,-0.0007557209553186,-0.0009709452800525,-0.0017266662353711,20000000.0,1,17,0.17
P2,P,16,-0.0004686357061588,-0.0017204192813867,-0.0021890549875456,20000000.0,1,17,0.17
I1,I,16,,0.0025433168705508,0.0025433168705508,36075360.738323726,1,17,0.17
I2,I,16,,0.0012716584352754,0.0012716584352754,31882740.38079864,1,17,0.17
I3,I,16,,,,,0,17,0.17
P1,P,17,-0.0007035915800348,-0.0010140131682422,-0.0017176047482771,20000000.0,1,17,0.17
P2,P,17,-0.0004334786632877,-0.0017445618318276,-0.0021780404951153,20000000.0,1,17,0.17
I1,I,17,,0.0025433168705508,0.0025433168705508,35696550.44605449,1,17,0.17
I2,I,17,,0.0012716584352754,0.0012716584352754,31526908.107218955,1,17,0.17
I3,I,17,,,,,0,17,0.17
P1,P,18,-0.0007094263497591,-0.0011714401493136,-0.0018808664990727,20000000.0,1,17,0.17
P2,P,18,-0.0004334784284723,-0.0019628593567594,-0.0023963377852317,20000000.0,1,17,0.17
I1,I,18,,0.0025433168705508,0.0025433168705508,36388085.22643956,1,17,0.17
I2,I,18,,0.0012716584352754,0.0012716584352754,32179352.56872125,1,17,0.17
I3,I,18,,0.0006358292176377,0.0006358292176377,32044318.462471675,1,17,0.17
P1,P,19,-0.0006829592437223,-0.0012700548610192,-0.0019530141047416,20000000.0,1,17,0.17
P2,P,19,-0.0004157003163934,-0.0020605703967727,-0.0024762707131661,20000000.0,1,17,0.17
I1,I,19,,0.0025433168705508,0.0025433168705508,36336646.771308325,1,17,0.17
I2,I,19,,0.0012716584352754,0.0012716584352754,32130546.959104523,1,17,0.17
I3,I,19,,0.0006358292176377,0.0006358292176377,31917751.67614445,1,17,0.17
P1,P,20,-0.0006443482320188,-0.0013352658325953,-0.0019796140646141,20000000.0,1,17,0.17
P2,P,20,-0.0003924459450976,-0.0021071515917369,-0.0024995975368346,20000000.0,1,17,0.17
I1,I,20,,0.0025433168705508,0.0025433168705508,36115883.7154287,1,17,0.17
I2,I,20,,0.0012716584352754,0.0012716584352754,31925473.736344647,1,17,0.17
I3,I,20,,0.0006358292176377,0.0006358292176377,31680057.556583423,1,17,0.17
P1,P,21,-0.000604143823118,-0.0013859185064609,-0.001990062329579,20000000.0,1,17,0.17
P2,P,21,-0.0003690418118496,-0.0021323492661634,-0.0025013910780131,20000000.0,1,17,0.17
I1,I,21,,0.0025433168705508,0.0025433168705508,35852232.58182366,1,17,0.17
I2,I,21,,0.0012716584352754,0.0012716584352754,31680451.350466777,1,17,0.17
I3,I,21,,0.0006358292176377,0.0006358292176377,31413029.95033016,1,17,0.17
P1,P,22,-0.0005661504446438,-0.0014295989427258,-0.0019957493873696,20000000.0,1,17,0.17
P2,P,22,-0.0003472073026307,-0.0021479450042099,-0.0024951523068406,20000000.0,1,17,0.17
I1,I,22,,0.0025433168705508,0.0025433168705508,35587186.43623934,1,17,0.17
I2,I,22,,0.0012716584352754,0.0012716584352754,31434455.9870057,1,17,0.17
I3,I,22,,0.0006358292176377,0.0006358292176377,31150410.58494688,1,17,0.17
P1,P,23,-0.0005314864338417,-0.0014690401077588,-0.0020005265416006,20000000.0,1,17,0.17
P2,P,23,-0.0003273444105548,-0.0021585852320464,-0.0024859296426013,20000000.0,1,17,0.17
I1,I,23,,0.0025433168705508,0.0025433168705508,35334406.643953085,1,17,0.17
I2,I,23,,0.0012716584352754,0.0012716584352754,31200313.24295765,1,17,0.17
I3,I,23,,0.0006358292176377,0.0006358292176377,30902828.68515935,1,17,0.17
P1,P,24,-0.0005002895587364,-0.0015050817700225,-0.0020053713287589,20000000.0,1,17,0.17
P2,P,24,-0.0003094218197197,-0.0021663045382395,-0.0024757263579592,20000000.0,1,17,0.17
I1,I,24,,0.0025433168705508,0.0025433168705508,35097990.52014585,1,17,0.17
I2,I,24,,0.0012716584352754,0.0012716584352754,30981797.57190882,1,17,0.17
I3,I,24,,0.0006358292176377,0.0006358292176377,30672984.21678673,1,17,0.17
P1,P,25,-0.0004722788374267,-0.0015378936856229,-0.0020101725230496,20000000.0,1,17,0.17
P2,P,25,-0.000293268124858,-0.0021723027324683,-0.0024655708573264,20000000.0,1,17,0.17
I1,I,25,,0.0025433168705508,0.0025433168705508,34878916.33324573,1,17,0.17
I2,I,25,,0.0012716584352754,0.0012716584352754,30779718.05664174,1,17,0.17
I3,I,25,,0.0006358292176377,0.0006358292176377,30461123.73950564,1,17,0.17
P1,P,26,-0.000447102482585,-0.0015679661821463,-0.0020150686647314,20000000.0,1,17,0.17
P2,P,26,-0.0002786450790405,-0.0021772330676573,-0.0024558781466978,20000000.0,1,17,0.17
I1,I,26,,0.0025433168705508,0.0025433168705508,34676170.87460048,1,17,0.17
I2,I,26,,0.0012716584352754,0.0012716584352754,30593046.150777984,1,17,0.17
I3,I,26,,0.0006358292176377,0.0006358292176377,30265848.913576026,1,17,0.17
P1,P,27,-0.0004244010631676,-0.0015955144830099,-0.0020199155461775,20000000.0,1,17,0.17
P2,P,27,-0.0002653261024547,-0.0021815151862964,-0.0024468412887512,20000000.0,1,17,0.17
I1,I,27,,0.0025433168705508,0.0025433168705508,34488330.704214096,1,17,0.17
I2,I,27,,0.0012716584352754,0.0012716584352754,30420380.3103887,1,17,0.17
I3,I,27,,0.0006358292176377,0.0006358292176377,30085517.41444061,1,17,0.17
P1,P,28,-0.0004038052073505,-0.0016207787610266,-0.0020245839683771,20000000.0,1,17,0.17
P2,P,28,-0.0002531184425049,-0.0021854308308169,-0.0024385492733219,20000000.0,1,17,0.17
I1,I,28,,0.0025433168705508,0.0025433168705508,34313950.52226879,1,17,0.17
I2,I,28,,0.0012716584352754,0.0012716584352754,30260310.52079484,1,17,0.17
I3,I,28,,0.0006358292176377,0.0006358292176377,29918554.58521615,1,17,0.17
P1,P,29,-0.0003849998052467,-0.0016439356961391,-0.0020289355013858,20000000.0,1,17,0.17
P2,P,29,-0.0002418769326065,-0.0021891474294983,-0.0024310243621048,20000000.0,1,17,0.17
I1,I,29,,0.0025433168705508,0.0025433168705508,34151877.150456734,1,17,0.17
I2,I,29,,0.0012716584352754,0.0012716584352754,30111724.19855202,1,17,0.17
I3,I,29,,0.0006358292176377,0.0006358292176377,29763730.186716367,1,17,0.17
P1,P,0,-0.0016999457603185,0.0,-0.0016999457603185,20000000.0,1,16,0.17
P2,P,0,-0.0016102866520327,0.0,-0.0016102866520327,20000000.0,1,16,0.17
I1,I,0,,0.0025353378286494,0.0025353378286494,41139748.67021596,1,16,0.17
I2,I,0,,0.0012676689143247,0.0012676689143247,35821052.17495329,1,16,0.17
I3,I,0,,,,,0,16,0.17
P1,P,1,-0.0015683893291876,0.0,-0.0015683893291876,20000000.0,1,16,0.17
P2,P,1,-0.0015018491663431,0.0,-0.0015018491663431,20000000.0,1,16,0.17
I1,I,1,,0.0025353378286494,0.0025353378286494,41106949.67200049,1,16,0.17
I2,I,1,,0.0012676689143247,0.0012676689143247,36061594.32824477,1,16,0.17
I3,I,1,,,,,0,16,0.17
P1,P,2,-0.0015643929330506,0.0,-0.0015643929330506,20000000.0,1,16,0.17
P2,P,2,-0.0014986968820478,0.0,-0.0014986968820478,20000000.0,1,16,0.17
I1,I,2,,0.0025353378286494,0.0025353378286494,41463042.461611226,1,16,0.17
I2,I,2,,0.0012676689143247,0.0012676689143247,36394142.99194646,1,16,0.17
I3,I,2,,,,,0,16,0.17
P1,P,3,-0.0015924052623065,0.0,-0.0015924052623065,20000000.0,1,16,0.17
P2,P,3,-0.0015227392167811,0.0,-0.0015227392167811,20000000.0,1,16,0.17
I1,I,3,,0.0025353378286494,0.0025353378286494,41747579.82197888,1,16,0.17
I2,I,3,,0.0012676689143247,0.0012676689143247,36646418.25711372,1,16,0.17
I3,I,3,,,,,0,16,0.17
P1,P,4,-0.0016292406185013,0.0,-0.0016292406185013,20000000.0,1,16,0.17
P2,P,4,-0.001555560124794,0.0,-0.001555560124794,20000000.0,1,16,0.17
I1,I,4,,0.0025353378286494,0.0025353378286494,41968044.60727544,1,16,0.17
I2,I,4,,0.0012676689143247,0.0012676689143247,36845149.18818147,1,16,0.17
I3,I,4,,,,,0,16,0.17
P1,P,5,-0.0017746549006113,0.0,-0.0017746549006113,20000000.0,1,16,0.17
P2,P,5,-0.0015811712314695,-5.400528699444097e-05,-0.001635176518464,20000000.0,1,16,0.17
I1,I,5,,0.0025353378286494,0.0025353378286494,42700291.62680087,1,16,0.17
I2,I,5,,0.0012676689143247,0.0012676689143247,37535442.49651052,1,16,0.17
I3,I,5,,,,,0,16,0.17
P1,P,6,-0.0018709330931205,0.0,-0.0018709330931205,20000000.0,1,16,0.17
P2,P,6,-0.0014118919757818,-0.0003467777397788,-0.0017586697155606,20000000.0,1,16,0.17
I1,I,6,,0.0025353378286494,0.0025353378286494,42916865.54869589,1,16,0.17
I2,I,6,,0.0012676689143247,0.0012676689143247,37716464.57866536,1,16,0.17
I3,I,6,,,,,0,16,0.17
P1,P,7,-0.0018659966330932,-2.137543644694579e-05,-0.0018873720695401,20000000.0,1,16,0.17
P2,P,7,-0.0012384043563528,-0.0006945780955114,-0.0019329824518643,20000000.0,1,16,0.17
I1,I,7,,0.0025353378286494,0.0025353378286494,42738314.58638587,1,16,0.17
I2,I,7,,0.0012676689143247,0.0012676689143247,37511184.074060224,1,16,0.17
I3,I,7,,,,,0,16,0.17
P1,P,8,-0.0017445509983984,-0.0001824124977684,-0.0019269634961669,20000000.0,1,16,0.17
P2,P,8,-0.001094488844443,-0.0009581561887746,-0.0020526450332176,20000000.0,1,16,0.17
I1,I,8,,0.0025353378286494,0.0025353378286494,42230264.87997054,1,16,0.17
I2,I,8,,0.0012676689143247,0.0012676689143247,37007003.44439677,1,16,0.17
I3,I,8,,,,,0,16,0.17
P1,P,9,-0.0015888671314231,-0.0003839813463589,-0.001972848477782,20000000.0,1,16,0.17
P2,P,9,-0.0009641243596053,-0.0011441234694916,-0.0021082478290969,20000000.0,1,16,0.17
I1,I,9,,0.0025353378286494,0.0025353378286494,41497978.14199787,1,16,0.17
I2,I,9,,0.0012676689143247,0.0012676689143247,36299251.36320956,1,16,0.17
I3,I,9,,,,,0,16,0.17
P1,P,10,-0.0014172148786012,-0.0005536350767207,-0.001970849955322,20000000.0,1,16,0.17
P2,P,10,-0.0008462737255594,-0.0012800696187829,-0.0021263433443423,20000000.0,1,16,0.17
I1,I,10,,0.0025353378286494,0.0025353378286494,40698464.945581146,1,16,0.17
I2,I,10,,0.0012676689143247,0.0012676689143247,35528456.23715368,1,16,0.17
I3,I,10,,,,,0,16,0.17
P1,P,11,-0.0012527382960787,-0.0006999240656929,-0.0019526623617717,20000000.0,1,16,0.17
P2,P,11,-0.0007447330311239,-0.0013808919634053,-0.0021256249945292,20000000.0,1,16,0.17
I1,I,11,,0.0025353378286494,0.0025353378286494,39914672.3744367,1,16,0.17
I2,I,11,,0.0012676689143247,0.0012676689143247,34773216.37266067,1,16,0.17
I3,I,11,,,,,0,16,0.17
P1,P,12,-0.0011110498579044,-0.0008104307696385,-0.001921480627543,20000000.0,1,16,0.17
P2,P,12,-0.0006604901114801,-0.0014570593544408,-0.002117549465921,20000000.0,1,16,0.17
I1,I,12,,0.0025353378286494,0.0025353378286494,39199699.66700952,1,16,0.17
I2,I,12,,0.0012676689143247,0.0012676689143247,34084402.26952628,1,16,0.17
I3,I,12,,,,,0,16,0.17
P1,P,13,-0.0009992399961947,-0.0008944827924258,-0.0018937227886205,20000000.0,1,16,0.17
P2,P,13,-0.0005911999570204,-0.0015154958705309,-0.0021066958275513,20000000.0,1,16,0.17
I1,I,13,,0.0025353378286494,0.0025353378286494,38561230.71646506,1,16,0.17
I2,I,13,,0.0012676689143247,0.0012676689143247,33470703.827567022,1,16,0.17
I3,I,13,,,,,0,16,0.17
P1,P,14,-0.000909539114183,-0.0009618224049136,-0.0018713615190967,20000000.0,1,16,0.17
P2,P,14,-0.0005339237549161,-0.0015609483073645,-0.0020948720622806,20000000.0,1,16,0.17
I1,I,14,,0.0025353378286494,0.0025353378286494,37994217.32190431,1,16,0.17
I2,I,14,,0.0012676689143247,0.0012676689143247,32927588.626340084,1,16,0.17
I3,I,14,,,,,0,16,0.17
P1,P,15,-0.0008344537965679,-0.0010198494647376,-0.0018543032613055,20000000.0,1,16,0.17
P2,P,15,-0.0004861296668372,-0.001596860524114,-0.0020829901909512,20000000.0,1,16,0.17
I1,I,15,,0.0025353378286494,0.0025353378286494,37490383.5779729,1,16,0.17
I2,I,15,,0.0012676689143247,0.0012676689143247,32446900.568116173,1,16,0.17
I3,I,15,,,,,0,16,0.17
P1,P,16,-0.0007693146136399,-0.0010729384040164,-0.0018422530176564,20000000.0,1,16,0.17
P2,P,16,-0.0004457695251985,-0.0016256745797792,-0.0020714441049777,20000000.0,1,16,0.17
I1,I,16,,0.0025353378286494,0.0025353378286494,37040279.3997895,1,16,0.17
I2,I,16,,0.0012676689143247,0.0012676689143247,32019206.465989683,1,16,0.17
I3,I,16,,,,,0,16,0.17
P1,P,17,-0.0007658869886155,-0.0012450910861284,-0.002010978074744,20000000.0,1,16,0.17
P2,P,17,-0.0004398377977727,-0.0018295256336397,-0.0022693634314124,20000000.0,1,16,0.17
I1,I,17,,0.0025353378286494,0.0025353378286494,37693125.14016548,1,16,0.17
I2,I,17,,0.0012676689143247,0.0012676689143247,32625751.91658629,1,16,0.17
I3,I,17,,0.0006338344571623,0.0006338344571623,32809707.093332417,1,16,0.17
P1,P,18,-0.0007310275985291,-0.001357781929732,-0.0020888095282612,20000000.0,1,16,0.17
P2,P,18,-0.0004184064184511,-0.0019256640726323,-0.0023440704910834,20000000.0,1,16,0.17
I1,I,18,,0.0025353378286494,0.0025353378286494,37598529.2035666,1,16,0.17
I2,I,18,,0.0012676689143247,0.0012676689143247,32535905.30808359,1,16,0.17
I3,I,18,,0.0006338344571623,0.0006338344571623,32628395.581366643,1,16,0.17
P1,P,19,-0.0006850871091593,-0.0014342025165624,-0.0021192896257218,20000000.0,1,16,0.17
P2,P,19,-0.0003924156149988,-0.0019725175317569,-0.0023649331467557,20000000.0,1,16,0.17
I1,I,19,,0.0025353378286494,0.0025353378286494,37330165.18214911,1,16,0.17
I2,I,19,,0.0012676689143247,0.0012676689143247,32284263.39461245,1,16,0.17
I3,I,19,,0.0006338344571623,0.0006338344571623,32339330.63076949,1,16,0.17
P1,P,20,-0.0006389747079762,-0.001492687305269,-0.0021316620132452,20000000.0,1,16,0.17
P2,P,20,-0.0003667888859982,-0.0019976434467142,-0.0023644323327124,20000000.0,1,16,0.17
I1,I,20,,0.0025353378286494,0.0025353378286494,37018356.66205763,1,16,0.17
I2,I,20,,0.0012676689143247,0.0012676689143247,31991629.772846658,1,16,0.17
I3,I,20,,0.0006338344571623,0.0006338344571623,32022453.8954195,1,16,0.17
P1,P,21,-0.0005964187429885,-0.0015414882924868,-0.0021379070354753,20000000.0,1,16,0.17
P2,P,21,-0.0003431496104141,-0.0020128742612265,-0.0023560238716406,20000000.0,1,16,0.17
I1,I,21,,0.0025353378286494,0.0025353378286494,36708073.75285952,1,16,0.17
I2,I,21,,0.0012676689143247,0.0012676689143247,31700650.971537568,1,16,0.17
I3,I,21,,0.0006338344571623,0.0006338344571623,31713607.689932358,1,16,0.17
P1,P,22,-0.0005583268355099,-0.0015839396065215,-0.0021422664420314,20000000.0,1,16,0.17
P2,P,22,-0.0003218400785162,-0.0020232366595844,-0.0023450767381007,20000000.0,1,16,0.17
I1,I,22,,0.0025353378286494,0.0025353378286494,36414882.38493616,1,16,0.17
I2,I,22,,0.0012676689143247,0.0012676689143247,31426089.63523288,1,16,0.17
I3,I,22,,0.0006338344571623,0.0006338344571623,31424883.362081654,1,16,0.17
P1,P,23,-0.0005245322069983,-0.0016215938229963,-0.0021461260299946,20000000.0,1,16,0.17
P2,P,23,-0.0003027926089434,-0.0020308971090989,-0.0023336897180423,20000000.0,1,16,0.17
I1,I,23,,0.0025353378286494,0.0025353378286494,36143364.50646572,1,16,0.17
I2,I,23,,0.0012676689143247,0.0012676689143247,31172253.877829045,1,16,0.17
I3,I,23,,0.0006338344571623,0.0006338344571623,31159309.4894519,1,16,0.17
P1,P,24,-0.000494514879097,-0.0016554237795097,-0.0021499386586067,20000000.0,1,16,0.17
P2,P,24,-0.0002857988120703,-0.0020368722034898,-0.0023226710155601,20000000.0,1,16,0.17
I1,I,24,,0.0025353378286494,0.0025353378286494,35893852.73403237,1,16,0.17
I2,I,24,,0.0012676689143247,0.0012676689143247,30939420.962633062,1,16,0.17
I3,I,24,,0.0006338344571623,0.0006338344571623,30916451.9685826,1,16,0.17
P1,P,25,-0.0004676613676448,-0.0016860167845023,-0.0021536781521472,20000000.0,1,16,0.17
P2,P,25,-0.0002706125632142,-0.0020417964722902,-0.0023124090355044,20000000.0,1,16,0.17
I1,I,25,,0.0025353378286494,0.0025353378286494,35665244.9202382,1,16,0.17
I2,I,25,,0.0012676689143247,0.0012676689143247,30726491.47270089,1,16,0.17
I3,I,25,,0.0006338344571623,0.0006338344571623,30694793.65741568,1,16,0.17
P1,P,26,-0.0004434870683302,-0.0017140223274495,-0.0021575093957797,20000000.0,1,16,0.17
P2,P,26,-0.0002569667774897,-0.0020460164421262,-0.002302983219616,20000000.0,1,16,0.17
I1,I,26,,0.0025353378286494,0.0025353378286494,35455360.37916219,1,16,0.17
I2,I,26,,0.0012676689143247,0.0012676689143247,30531366.50911415,1,16,0.17
I3,I,26,,0.0006338344571623,0.0006338344571623,30491935.403145373,1,16,0.17
P1,P,27,-0.000421567363309,-0.0017397149753648,-0.0021612823386738,20000000.0,1,16,0.17
P2,P,27,-0.0002446145207845,-0.0020498270991422,-0.0022944416199268,20000000.0,1,16,0.17
I1,I,27,,0.0025353378286494,0.0025353378286494,35262115.12943833,1,16,0.17
I2,I,27,,0.0012676689143247,0.0012676689143247,30352015.17772334,1,16,0.17
I3,I,27,,0.0006338344571623,0.0006338344571623,30305658.223539684,1,16,0.17
P1,P,28,-0.0004015764232729,-0.0017633202958965,-0.0021648967191694,20000000.0,1,16,0.17
P2,P,28,-0.000233343822649,-0.002053435959969,-0.0022867797826181,20000000.0,1,16,0.17
I1,I,28,,0.0025353378286494,0.0025353378286494,35083600.344235495,1,16,0.17
I2,I,28,,0.0012676689143247,0.0012676689143247,30186579.63812356,1,16,0.17
I3,I,28,,0.0006338344571623,0.0006338344571623,30133972.364602283,1,16,0.17
P1,P,29,-0.0003832440103902,-0.001784989247105,-0.0021682332574952,20000000.0,1,16,0.17
P2,P,29,-0.0002229974086839,-0.0020569401314523,-0.0022799375401363,20000000.0,1,16,0.17
I1,I,29,,0.0025353378286494,0.0025353378286494,34918405.86942798,1,16,0.17
I2,I,29,,0.0012676689143247,0.0012676689143247,30033703.076994445,1,16,0.17
I3,I,29,,0.0006338344571623,0.0006338344571623,29975420.50161621,1,16,0.17
P1,P,0,-0.0017769163718873,0.0,-0.0017769163718873,20000000.0,1,2,0.17
P2,P,0,-0.0017085958538969,0.0,-0.0017085958538969,20000000.0,1,2,0.17
I1,I,0,,0.0025400411830852,0.0025400411830852,42280768.507977456,1,2,0.17
I2,I,0,,0.0012700205915426,0.0012700205915426,36261601.76525778,1,2,0.17
I3,I,0,,,,,0,2,0.17
P1,P,1,-0.0016359139034327,0.0,-0.0016359139034327,20000000.0,1,2,0.17
P2,P,1,-0.0015881416555729,0.0,-0.0015881416555729,20000000.0,1,2,0.17
I1,I,1,,0.0025400411830852,0.0025400411830852,42068995.51430274,1,2,0.17
I2,I,1,,0.0012700205915426,0.0012700205915426,36374408.22246676,1,2,0.17
I3,I,1,,,,,0,2,0.17
P1,P,2,-0.0016243207934019,0.0,-0.0016243207934019,20000000.0,1,2,0.17
P2,P,2,-0.0015778198540356,0.0,-0.0015778198540356,20000000.0,1,2,0.17
I1,I,2,,0.0025400411830852,0.0025400411830852,42353694.12650735,1,2,0.17
I2,I,2,,0.0012700205915426,0.0012700205915426,36638416.70990334,1,2,0.17
I3,I,2,,,,,0,2,0.17
P1,P,3,-0.0016606017278447,0.0,-0.0016606017278447,20000000.0,1,2,0.17
P2,P,3,-0.0016155903402862,0.0,-0.0016155903402862,20000000.0,1,2,0.17
I1,I,3,,0.0025400411830852,0.0025400411830852,43092570.343183465,1,2,0.17
I2,I,3,,0.0012700205915426,0.0012700205915426,37348984.26725247,1,2,0.17
I3,I,3,,0.0006350102957713,0.0006350102957713,36849583.24065659,1,2,0.17
P1,P,4,-0.0017167571134903,0.0,-0.0017167571134903,20000000.0,1,2,0.17
P2,P,4,-0.0016713357866483,0.0,-0.0016713357866483,20000000.0,1,2,0.17
I1,I,4,,0.0025400411830852,0.0025400411830852,43569704.72696495,1,2,0.17
I2,I,4,,0.0012700205915426,0.0012700205915426,37780218.76405405,1,2,0.17
I3,I,4,,0.0006350102957713,0.0006350102957713,37105577.15848586,1,2,0.17
P1,P,5,-0.0019601436882933,0.0,-0.0019601436882933,20000000.0,1,2,0.17
P2,P,5,-0.0017325525388709,-8.426135934234696e-05,-0.0018168138982132,20000000.0,1,2,0.17
I1,I,5,,0.0025400411830852,0.0025400411830852,44896937.35630591,1,2,0.17
I2,I,5,,0.0012700205915426,0.0012700205915426,39032504.527027786,1,2,0.17
I3,I,5,,0.0006350102957713,0.0006350102957713,38321713.16058688,1,2,0.17
P1,P,6,-0.0021157609592022,-2.610065956544822e-07,-0.0021160219657979,20000000.0,1,2,0.17
P2,P,6,-0.0015396778918446,-0.0004966993624941,-0.0020363772543387,20000000.0,1,2,0.17
I1,I,6,,0.0025400411830852,0.0025400411830852,45366964.75278837,1,2,0.17
I2,I,6,,0.0012700205915426,0.0012700205915426,39443871.78943841,1,2,0.17
I3,I,6,,0.0006350102957713,0.0006350102957713,38766478.59589516,1,2,0.17
P1,P,7,-0.0020910689888628,-8.402326407402405e-05,-0.0021750922529368,20000000.0,1,2,0.17
P2,P,7,-0.0013409917861662,-0.0009394778062787,-0.0022804695924449,20000000.0,1,2,0.17
I1,I,7,,0.0025400411830852,0.0025400411830852,45218069.96150369,1,2,0.17
I2,I,7,,0.0012700205915426,0.0012700205915426,39259535.31940977,1,2,0.17
I3,I,7,,0.0006350102957713,0.0006350102957713,38614889.8050619,1,2,0.17
P1,P,8,-0.001937966942427,-0.0003078885478329,-0.0022458554902599,20000000.0,1,2,0.17
P2,P,8,-0.0011680694990685,-0.0012629402965268,-0.0024310097955953,20000000.0,1,2,0.17
I1,I,8,,0.0025400411830852,0.0025400411830852,44615984.84468594,1,2,0.17
I2,I,8,,0.0012700205915426,0.0012700205915426,38660251.1635539,1,2,0.17
I3,I,8,,0.0006350102957713,0.0006350102957713,38027326.77617588,1,2,0.17
P1,P,9,-0.0017071235045591,-0.0005518974757424,-0.0022590209803016,20000000.0,1,2,0.17
P2,P,9,-0.0010146054469117,-0.0014916875437297,-0.0025062929906415,20000000.0,1,2,0.17
I1,I,9,,0.0025400411830852,0.0025400411830852,43789937.33422263,1,2,0.17
I2,I,9,,0.0012700205915426,0.0012700205915426,37855017.42215324,1,2,0.17
I3,I,9,,0.0006350102957713,0.0006350102957713,37222649.56182724,1,2,0.17
P1,P,10,-0.0014791222648831,-0.0007695016731202,-0.0022486239380033,20000000.0,1,2,0.17
P2,P,10,-0.0008820609720284,-0.0016518331600335,-0.0025338941320619,20000000.0,1,2,0.17
I1,I,10,,0.0025400411830852,0.0025400411830852,42890173.20618746,1,2,0.17
I2,I,10,,0.0012700205915426,0.0012700205915426,36983182.49209804,1,2,0.17
I3,I,10,,0.0006350102957713,0.0006350102957713,36345871.13788753,1,2,0.17
P1,P,11,-0.0012927736330155,-0.0009322173959064,-0.002224991028922,20000000.0,1,2,0.17
P2,P,11,-0.0007715485138335,-0.001762069650123,-0.0025336181639566,20000000.0,1,2,0.17
I1,I,11,,0.0025400411830852,0.0025400411830852,42011231.37861545,1,2,0.17
I2,I,11,,0.0012700205915426,0.0012700205915426,36134573.13865097,1,2,0.17
I3,I,11,,0.0006350102957713,0.0006350102957713,35489572.32444988,1,2,0.17
P1,P,12,-0.0011463860011655,-0.0010496875663727,-0.0021960735675382,20000000.0,1,2,0.17
P2,P,12,-0.0006811163530169,-0.0018384858272645,-0.0025196021802815,20000000.0,1,2,0.17
I1,I,12,,0.0025400411830852,0.0025400411830852,41204597.875576496,1,2,0.17
I2,I,12,,0.0012700205915426,0.0012700205915426,35358514.17301648,1,2,0.17
I3,I,12,,0.0006350102957713,0.0006350102957713,34704618.37387849,1,2,0.17
P1,P,13,-0.0010295506378511,-0.0011396755614776,-0.0021692261993287,20000000.0,1,2,0.17
P2,P,13,-0.0006074066495963,-0.0018932011030511,-0.0025006077526474,20000000.0,1,2,0.17
I1,I,13,,0.0025400411830852,0.0025400411830852,40487054.535305895,1,2,0.17
I2,I,13,,0.0012700205915426,0.0012700205915426,34670859.767027475,1,2,0.17
I3,I,13,,0.0006350102957713,0.0006350102957713,34007629.64421473,1,2,0.17
P1,P,14,-0.0009334195257248,-0.0012151372267216,-0.0021485567524465,20000000.0,1,2,0.17
P2,P,14,-0.0005469522526091,-0.0019336830118459,-0.002480635264455,20000000.0,1,2,0.17
I1,I,14,,0.0025400411830852,0.0025400411830852,39854683.68260074,1,2,0.17
I2,I,14,,0.0012700205915426,0.0012700205915426,34067423.11603451,1,2,0.17
I3,I,14,,0.0006350102957713,0.0006350102957713,33394720.407638878,1,2,0.17
P1,P,15,-0.0008521348423978,-0.0012826125216519,-0.0021347473640497,20000000.0,1,2,0.17
P2,P,15,-0.0004967710566467,-0.0019642995838391,-0.0024610706404858,20000000.0,1,2,0.17
I1,I,15,,0.0025400411830852,0.0025400411830852,39296097.87428016,1,2,0.17
I2,I,15,,0.0012700205915426,0.0012700205915426,33536743.723458268,1,2,0.17
I3,I,15,,0.0006350102957713,0.0006350102957713,32854576.01756467,1,2,0.17
P1,P,16,-0.0007823694868637,-0.0013445418133081,-0.0021269113001718,20000000.0,1,2,0.17
P2,P,16,-0.0004545486459311,-0.0019874781087123,-0.0024420267546435,20000000.0,1,2,0.17
I1,I,16,,0.0025400411830852,0.0025400411830852,38799863.73755855,1,2,0.17
I2,I,16,,0.0012700205915426,0.0012700205915426,33067345.093313366,1,2,0.17
I3,I,16,,0.0006350102957713,0.0006350102957713,32375823.63318152,1,2,0.17
P1,P,17,-0.0007220599431522,-0.0014014689181179,-0.0021235288612701,20000000.0,1,2,0.17
P2,P,17,-0.0004186069643578,-0.0020049338081115,-0.0024235407724693,20000000.0,1,2,0.17
I1,I,17,,0.0025400411830852,0.0025400411830852,38356878.61885316,1,2,0.17
I2,I,17,,0.0012700205915426,0.0012700205915426,32650020.45003707,1,2,0.17
I3,I,17,,0.0006350102957713,0.0006350102957713,31949382.683907665,1,2,0.17
P1,P,18,-0.0006696385440541,-0.0014535172653996,-0.0021231558094538,20000000.0,1,2,0.17
P2,P,18,-0.0003877201073036,-0.0020182612219946,-0.0024059813292983,20000000.0,1,2,0.17
I1,I,18,,0.0025400411830852,0.0025400411830852,37959780.968816966,1,2,0.17
I2,I,18,,0.0012700205915426,0.0012700205915426,32277252.57279439,1,2,0.17
I3,I,18,,0.0006350102957713,0.0006350102957713,31567884.95355492,1,2,0.17
P1,P,19,-0.0006238462862245,-0.001500711671532,-0.0021245579577566,20000000.0,1,2,0.17
P2,P,19,-0.0003609306701644,-0.002028715165524,-0.0023896458356884,20000000.0,1,2,0.17
I1,I,19,,0.0025400411830852,0.0025400411830852,37602832.42903013,1,2,0.17
I2,I,19,,0.0012700205915426,0.0012700205915426,31943197.27997314,1,2,0.17
I3,I,19,,0.0006350102957713,0.0006350102957713,31225598.742932163,1,2,0.17
P1,P,20,-0.0005835906508344,-0.0015432818168877,-0.0021268724677222,20000000.0,1,2,0.17
P2,P,20,-0.0003374974015837,-0.0020372514143477,-0.0023747488159314,20000000.0,1,2,0.17
I1,I,20,,0.0025400411830852,0.0025400411830852,37281393.58385336,1,2,0.17
I2,I,20,,0.0012700205915426,0.0012700205915426,31643185.19975748,1,2,0.17
I3,I,20,,0.0006350102957713,0.0006350102957713,30917914.0020186,1,2,0.17
P1,P,21,-0.0005479735571389,-0.0015818558599237,-0.0021298294170627,20000000.0,1,2,0.17
P2,P,21,-0.0003168380812324,-0.00204439619677,-0.0023612342780025,20000000.0,1,2,0.17
I1,I,21,,0.0025400411830852,0.0025400411830852,36991178.93356576,1,2,0.17
I2,I,21,,0.0012700205915426,0.0012700205915426,31373015.085846286,1,2,0.17
I3,I,21,,0.0006350102957713,0.0006350102957713,30640609.570231352,1,2,0.17
P1,P,22,-0.0005162780646495,-0.0016168285148472,-0.0021331065794968,20000000.0,1,2,0.17
P2,P,22,-0.0002985257295912,-0.0020505583737598,-0.0023490841033511,20000000.0,1,2,0.17
I1,I,22,,0.0025400411830852,0.0025400411830852,36728388.655321695,1,2,0.17
I2,I,22,,0.0012700205915426,0.0012700205915426,31128981.72130761,1,2,0.17
I3,I,22,,0.0006350102957713,0.0006350102957713,30389952.39278316,1,2,0.17
P1,P,23,-0.0004878432595759,-0.0016487652908859,-0.0021366085504619,20000000.0,1,2,0.17
P2,P,23,-0.00028221378506,-0.0020559185745352,-0.0023381323595952,20000000.0,1,2,0.17
I1,I,23,,0.0025400411830852,0.0025400411830852,36489656.39000856,1,2,0.17
I2,I,23,,0.0012700205915426,0.0012700205915426,30907845.806696557,1,2,0.17
I3,I,23,,0.0006350102957713,0.0006350102957713,30162649.25013645,1,2,0.17
P1,P,24,-0.0004621339392966,-0.0016781416815596,-0.0021402756208563,20000000.0,1,2,0.17
P2,P,24,-0.0002675958629737,-0.0020605942124323,-0.0023281900754061,20000000.0,1,2,0.17
I1,I,24,,0.0025400411830852,0.0025400411830852,36272109.22993251,1,2,0.17
I2,I,24,,0.0012700205915426,0.0012700205915426,30706858.24903277,1,2,0.17
I3,I,24,,0.0006350102957713,0.0006350102957713,29955893.947631866,1,2,0.17
P1,P,25,-0.0004386918716607,-0.0017052964929314,-0.0021439883645922,20000000.0,1,2,0.17
P2,P,25,-0.0002544188156247,-0.0020648309607016,-0.0023192497763263,20000000.0,1,2,0.17
I1,I,25,,0.0025400411830852,0.0025400411830852,36073027.41381531,1,2,0.17
I2,I,25,,0.0012700205915426,0.0012700205915426,30523370.372440003,1,2,0.17
I3,I,25,,0.0006350102957713,0.0006350102957713,29767011.82945294,1,2,0.17
P1,P,26,-0.00041716043278,-0.0017305358007507,-0.0021476962335308,20000000.0,1,2,0.17
P2,P,26,-0.0002424545766603,-0.0020687627454473,-0.0023112173221077,20000000.0,1,2,0.17
I1,I,26,,0.0025400411830852,0.0025400411830852,35889950.69201603,1,2,0.17
I2,I,26,,0.0012700205915426,0.0012700205915426,30355006.889830217,1,2,0.17
I3,I,26,,0.0006350102957713,0.0006350102957713,29593590.67745537,1,2,0.17
P1,P,27,-0.0003972895275002,-0.0017539574060326,-0.0021512469335328,20000000.0,1,2,0.17
P2,P,27,-0.0002315107807626,-0.0020725403527421,-0.0023040511335048,20000000.0,1,2,0.17
I1,I,27,,0.0025400411830852,0.0025400411830852,35720910.542937696,1,2,0.17
I2,I,27,,0.0012700205915426,0.0012700205915426,30199856.51368466,1,2,0.17
I3,I,27,,0.0006350102957713,0.0006350102957713,29433698.288184345,1,2,0.17
P1,P,28,-0.0003788446587677,-0.0017757565178905,-0.0021546011766583,20000000.0,1,2,0.17
P2,P,28,-0.0002214347032341,-0.002076243076391,-0.0022976777796251,20000000.0,1,2,0.17
I1,I,28,,0.0025400411830852,0.0025400411830852,35564216.98066123,1,2,0.17
I2,I,28,,0.0012700205915426,0.0012700205915426,30056284.095888544,1,2,0.17
I3,I,28,,0.0006350102957713,0.0006350102957713,29285677.002186224,1,2,0.17
P1,P,29,-0.0003616496010537,-0.0017961483123002,-0.0021577979133539,20000000.0,1,2,0.17
P2,P,29,-0.0002121058640363,-0.0020798656147325,-0.0022919714787688,20000000.0,1,2,0.17
I1,I,29,,0.0025400411830852,0.0025400411830852,35418370.775047965,1,2,0.17
I2,I,29,,0.0012700205915426,0.0012700205915426,29922854.31288393,1,2,0.17
I3,I,29,,0.0006350102957713,0.0006350102957713,29148061.92226392,1,2,0.17
P1,P,0,-0.0016796798146821,0.0,-0.0016796798146821,20000000.0,1,3,0.17
P2,P,0,-0.0017197613595674,0.0,-0.0017197613595674,20000000.0,1,3,0.17
I1,I,0,,0.0025368860879198,0.0025368860879198,41004607.17282942,1,3,0.17
I2,I,0,,0.0012684430439599,0.0012684430439599,36359485.18135198,1,3,0.17
I3,I,0,,,,,0,3,0.17
P1,P,1,-0.0015514986178481,0.0,-0.0015514986178481,20000000.0,1,3,0.17
P2,P,1,-0.00159213446738,0.0,-0.00159213446738,20000000.0,1,3,0.17
I1,I,1,,0.0025368860879198,0.0025368860879198,40985370.92511474,1,3,0.17
I2,I,1,,0.0012684430439599,0.0012684430439599,36490620.99474645,1,3,0.17
I3,I,1,,,,,0,3,0.17
P1,P,2,-0.0015448559361759,0.0,-0.0015448559361759,20000000.0,1,3,0.17
P2,P,2,-0.0015813342157414,0.0,-0.0015813342157414,20000000.0,1,3,0.17
I1,I,2,,0.0025368860879198,0.0025368860879198,41331985.26505139,1,3,0.17
I2,I,2,,0.0012684430439599,0.0012684430439599,36783705.13446797,1,3,0.17
I3,I,2,,,,,0,3,0.17
P1,P,3,-0.001569341574117,0.0,-0.001569341574117,20000000.0,1,3,0.17
P2,P,3,-0.0016020390906155,0.0,-0.0016020390906155,20000000.0,1,3,0.17
I1,I,3,,0.0025368860879198,0.0025368860879198,41601346.02482236,1,3,0.17
I2,I,3,,0.0012684430439599,0.0012684430439599,37007860.40644727,1,3,0.17
I3,I,3,,,,,0,3,0.17
P1,P,4,-0.0016165298522089,0.0,-0.0016165298522089,20000000.0,1,3,0.17
P2,P,4,-0.0016531981252122,0.0,-0.0016531981252122,20000000.0,1,3,0.17
I1,I,4,,0.0025368860879198,0.0025368860879198,42316640.92115729,1,3,0.17
I2,I,4,,0.0012684430439599,0.0012684430439599,37702623.91579604,1,3,0.17
I3,I,4,,0.0006342215219799,0.0006342215219799,37472487.79560063,1,3,0.17
P1,P,5,-0.0018629306181083,0.0,-0.0018629306181083,20000000.0,1,3,0.17
P2,P,5,-0.0017263554993623,-9.68100582858659e-05,-0.0018231655576482,20000000.0,1,3,0.17
I1,I,5,,0.0025368860879198,0.0025368860879198,43899816.34441105,1,3,0.17
I2,I,5,,0.0012684430439599,0.0012684430439599,39182879.39488298,1,3,0.17
I3,I,5,,0.0006342215219799,0.0006342215219799,38687820.5520063,1,3,0.17
P1,P,6,-0.0020298376726529,0.0,-0.0020298376726529,20000000.0,1,3,0.17
P2,P,6,-0.0015421551246017,-0.0005316576750688,-0.0020738127996706,20000000.0,1,3,0.17
I1,I,6,,0.0025368860879198,0.0025368860879198,44483862.79098637,1,3,0.17
I2,I,6,,0.0012684430439599,0.0012684430439599,39693307.964264,1,3,0.17
I3,I,6,,0.0006342215219799,0.0006342215219799,39203237.64016338,1,3,0.17
P1,P,7,-0.0020135701450495,-4.993221009194565e-05,-0.0020635023551414,20000000.0,1,3,0.17
P2,P,7,-0.0013457528240923,-0.0010071694790397,-0.002352922303132,20000000.0,1,3,0.17
I1,I,7,,0.0025368860879198,0.0025368860879198,44418022.49379938,1,3,0.17
I2,I,7,,0.0012684430439599,0.0012684430439599,39577450.81038436,1,3,0.17
I3,I,7,,0.0006342215219799,0.0006342215219799,39116910.5937494,1,3,0.17
P1,P,8,-0.0018506775857947,-0.0002873635138756,-0.0021380410996703,20000000.0,1,3,0.17
P2,P,8,-0.00117919741114,-0.0013475879784119,-0.002526785389552,20000000.0,1,3,0.17
I1,I,8,,0.0025368860879198,0.0025368860879198,43845654.60836799,1,3,0.17
I2,I,8,,0.0012684430439599,0.0012684430439599,39001746.68749458,1,3,0.17
I3,I,8,,0.0006342215219799,0.0006342215219799,38551627.18000938,1,3,0.17
P1,P,9,-0.0016533665222068,-0.0005396914790398,-0.0021930580012467,20000000.0,1,3,0.17
P2,P,9,-0.0010332238161594,-0.0015644431656269,-0.0025976669817864,20000000.0,1,3,0.17
I1,I,9,,0.0025368860879198,0.0025368860879198,42979477.93790866,1,3,0.17
I2,I,9,,0.0012684430439599,0.0012684430439599,38161029.512414925,1,3,0.17
I3,I,9,,0.0006342215219799,0.0006342215219799,37705733.54719178,1,3,0.17
P1,P,10,-0.0014508982273386,-0.0007399316377076,-0.0021908298650463,20000000.0,1,3,0.17
P2,P,10,-0.0009064370932109,-0.0017043371271614,-0.0026107742203724,20000000.0,1,3,0.17
I1,I,10,,0.0025368860879198,0.0025368860879198,42041060.40321528,1,3,0.17
I2,I,10,,0.0012684430439599,0.0012684430439599,37256169.96203291,1,3,0.17
I3,I,10,,0.0006342215219799,0.0006342215219799,36790773.20047344,1,3,0.17
P1,P,11,-0.0012738213000112,-0.0008896389825086,-0.0021634602825198,20000000.0,1,3,0.17
P2,P,11,-0.0007992236134585,-0.0018001697610393,-0.0025993933744979,20000000.0,1,3,0.17
I1,I,11,,0.0025368860879198,0.0025368860879198,41149397.03416696,1,3,0.17
I2,I,11,,0.0012684430439599,0.0012684430439599,36398574.423277445,1,3,0.17
I3,I,11,,0.0006342215219799,0.0006342215219799,35922233.66144743,1,3,0.17
P1,P,12,-0.0011350463906498,-0.0010003633628377,-0.0021354097534876,20000000.0,1,3,0.17
P2,P,12,-0.0007096766253745,-0.0018692911709278,-0.0025789677963024,20000000.0,1,3,0.17
I1,I,12,,0.0025368860879198,0.0025368860879198,40341221.69802743,1,3,0.17
I2,I,12,,0.0012684430439599,0.0012684430439599,35623574.6028739,1,3,0.17
I3,I,12,,0.0006342215219799,0.0006342215219799,35136141.12812902,1,3,0.17
P1,P,13,-0.0010248856546982,-0.001085190887418,-0.0021100765421162,20000000.0,1,3,0.17
P2,P,13,-0.0006353004376586,-0.0019213456726723,-0.0025566461103309,20000000.0,1,3,0.17
I1,I,13,,0.0025368860879198,0.0025368860879198,39625027.942601904,1,3,0.17
I2,I,13,,0.0012684430439599,0.0012684430439599,34938956.5915811,1,3,0.17
I3,I,13,,0.0006342215219799,0.0006342215219799,34440758.9696742,1,3,0.17
P1,P,14,-0.0009335604692094,-0.0011560951377813,-0.0020896556069908,20000000.0,1,3,0.17
P2,P,14,-0.0005735052788149,-0.0019619819586675,-0.0025354872374824,20000000.0,1,3,0.17
I1,I,14,,0.0025368860879198,0.0025368860879198,38994942.5171941,1,3,0.17
I2,I,14,,0.0012684430439599,0.0012684430439599,34338695.00387519,1,3,0.17
I3,I,14,,0.0006342215219799,0.0006342215219799,33830234.17870756,1,3,0.17
P1,P,15,-0.0008548978939088,-0.0012199997051875,-0.0020748975990964,20000000.0,1,3,0.17
P2,P,15,-0.0005218339005365,-0.0019943278941992,-0.0025161617947357,20000000.0,1,3,0.17
I1,I,15,,0.0025368860879198,0.0025368860879198,38439172.92854898,1,3,0.17
I2,I,15,,0.0012684430439599,0.0012684430439599,33811187.34232111,1,3,0.17
I3,I,15,,0.0006342215219799,0.0006342215219799,33292921.15064824,1,3,0.17
P1,P,16,-0.0007858606240849,-0.0012802602863695,-0.0020661209104545,20000000.0,1,3,0.17
P2,P,16,-0.000478132657631,-0.0020199424621977,-0.0024980751198288,20000000.0,1,3,0.17
I1,I,16,,0.0025368860879198,0.0025368860879198,37944559.268984646,1,3,0.17
I2,I,16,,0.0012684430439599,0.0012684430439599,33343585.171030283,1,3,0.17
I3,I,16,,0.0006342215219799,0.0006342215219799,32815828.5513953,1,3,0.17
P1,P,17,-0.0007248861905943,-0.001336921227238,-0.0020618074178323,20000000.0,1,3,0.17
P2,P,17,-0.0004407313823409,-0.0020400588434701,-0.002480790225811,20000000.0,1,3,0.17
I1,I,17,,0.0025368860879198,0.0025368860879198,37501321.22592679,1,3,0.17
I2,I,17,,0.0012684430439599,0.0012684430439599,32926196.43217685,1,3,0.17
I3,I,17,,0.0006342215219799,0.0006342215219799,32389245.810692564,1,3,0.17
P1,P,18,-0.0006710199680222,-0.0013899358326234,-0.0020609558006457,20000000.0,1,3,0.17
P2,P,18,-0.000408362186208,-0.0020558171275083,-0.0024641793137164,20000000.0,1,3,0.17
I1,I,18,,0.0025368860879198,0.0025368860879198,37101668.61126486,1,3,0.17
I2,I,18,,0.0012684430439599,0.0012684430439599,32551221.26504102,1,3,0.17
I3,I,18,,0.0006342215219799,0.0006342215219799,32005404.51880626,1,3,0.17
P1,P,19,-0.0006233080326152,-0.0014392556683244,-0.0020625637009396,20000000.0,1,3,0.17
P2,P,19,-0.0003801051893334,-0.002068234100247,-0.0024483392895804,20000000.0,1,3,0.17
I1,I,19,,0.0025368860879198,0.0025368860879198,36739408.43491037,1,3,0.17
I2,I,19,,0.0012684430439599,0.0012684430439599,32212367.407504704,1,3,0.17
I3,I,19,,0.0006342215219799,0.0006342215219799,31658091.320954937,1,3,0.17
P1,P,20,-0.0005811358661493,-0.0014846618254474,-0.0020657976915968,20000000.0,1,3,0.17
P2,P,20,-0.0003552504953013,-0.0020779821010025,-0.0024332325963038,20000000.0,1,3,0.17
I1,I,20,,0.0025368860879198,0.0025368860879198,36409993.42639677,1,3,0.17
I2,I,20,,0.0012684430439599,0.0012684430439599,31905051.5502367,1,3,0.17
I3,I,20,,0.0006342215219799,0.0006342215219799,31342766.172885656,1,3,0.17
P1,P,21,-0.0005439139097102,-0.0015260257429131,-0.0020699396526234,20000000.0,1,3,0.17
P2,P,21,-0.0003332709594697,-0.0020856708809223,-0.0024189418403921,20000000.0,1,3,0.17
I1,I,21,,0.0025368860879198,0.0025368860879198,36110092.72356904,1,3,0.17
I2,I,21,,0.0012684430439599,0.0012684430439599,31625938.090853915,1,3,0.17
I3,I,21,,0.0006342215219799,0.0006342215219799,31056123.071015418,1,3,0.17
P1,P,22,-0.0005109890617514,-0.0015635686345355,-0.002074557696287,20000000.0,1,3,0.17
P2,P,22,-0.0003137694184897,-0.002091824809911,-0.0024055942284008,20000000.0,1,3,0.17
I1,I,22,,0.0025368860879198,0.0025368860879198,35836829.414231576,1,3,0.17
I2,I,22,,0.0012684430439599,0.0012684430439599,31372174.52506897,1,3,0.17
I3,I,22,,0.0006342215219799,0.0006342215219799,30795320.77985488,1,3,0.17
P1,P,23,-0.0004817694744501,-0.0015977281994626,-0.0020794976739128,20000000.0,1,3,0.17
P2,P,23,-0.0002963946024827,-0.0020967933886911,-0.0023931879911738,20000000.0,1,3,0.17
I1,I,23,,0.0025368860879198,0.0025368860879198,35587398.98494337,1,3,0.17
I2,I,23,,0.0012684430439599,0.0012684430439599,31141037.560532536,1,3,0.17
I3,I,23,,0.0006342215219799,0.0006342215219799,30557612.503478903,1,3,0.17
P1,P,24,-0.0004557134474971,-0.0016287761323114,-0.0020844895798086,20000000.0,1,3,0.17
P2,P,24,-0.0002808345468875,-0.0021009525975262,-0.0023817871444138,20000000.0,1,3,0.17
I1,I,24,,0.0025368860879198,0.0025368860879198,35359326.17303253,1,3,0.17
I2,I,24,,0.0012684430439599,0.0012684430439599,30930123.919005595,1,3,0.17
I3,I,24,,0.0006342215219799,0.0006342215219799,30340572.965030257,1,3,0.17
P1,P,25,-0.0004323433571935,-0.0016569043904377,-0.0020892477476312,20000000.0,1,3,0.17
P2,P,25,-0.000266814630434,-0.0021046878937025,-0.0023715025241366,20000000.0,1,3,0.17
I1,I,25,,0.0025368860879198,0.0025368860879198,35150469.07417667,1,3,0.17
I2,I,25,,0.0012684430439599,0.0012684430439599,30737340.670852337,1,3,0.17
I3,I,25,,0.0006342215219799,0.0006342215219799,30142100.058905724,1,3,0.17
P1,P,26,-0.0004112667016488,-0.0016825328654723,-0.0020937995671211,20000000.0,1,3,0.17
P2,P,26,-0.0002540840845358,-0.0021082038334909,-0.0023622879180268,20000000.0,1,3,0.17
I1,I,26,,0.0025368860879198,0.0025368860879198,34958534.64330728,1,3,0.17
I2,I,26,,0.0012684430439599,0.0012684430439599,30560476.31539465,1,3,0.17
I3,I,26,,0.0006342215219799,0.0006342215219799,29959949.11625138,1,3,0.17
P1,P,27,-0.0003921318793238,-0.0017059727861837,-0.0020981046655075,20000000.0,1,3,0.17
P2,P,27,-0.0002424452679817,-0.0021115938978387,-0.0023540391658204,20000000.0,1,3,0.17
I1,I,27,,0.0025368860879198,0.0025368860879198,34781522.31744579,1,3,0.17
I2,I,27,,0.0012684430439599,0.0012684430439599,30397613.754274763,1,3,0.17
I3,I,27,,0.0006342215219799,0.0006342215219799,29792167.442583915,1,3,0.17
P1,P,28,-0.0003746515630104,-0.0017274662248533,-0.0021021177878638,20000000.0,1,3,0.17
P2,P,28,-0.0002317576230293,-0.0021148889238228,-0.0023466465468521,20000000.0,1,3,0.17
I1,I,28,,0.0025368860879198,0.0025368860879198,34617843.07854457,1,3,0.17
I2,I,28,,0.0012684430439599,0.0012684430439599,30247242.17936976,1,3,0.17
I3,I,28,,0.0006342215219799,0.0006342215219799,29637209.41468945,1,3,0.17
P1,P,29,-0.0003585508830877,-0.0017473406934423,-0.00210589157653,20000000.0,1,3,0.17
P2,P,29,-0.0002219171390677,-0.0021180393720746,-0.0023399565111424,20000000.0,1,3,0.17
I1,I,29,,0.0025368860879198,0.0025368860879198,34466185.70775861,1,3,0.17
I2,I,29,,0.0012684430439599,0.0012684430439599,30108135.93614667,1,3,0.17
I3,I,29,,0.0006342215219799,0.0006342215219799,29493808.719377685,1,3,0.17
P1,P,0,-0.0018555547145273,0.0,-0.0018555547145273,20000000.0,1,4,0.17
P2,P,0,-0.0016978948667594,0.0,-0.0016978948667594,20000000.0,1,4,0.17
I1,I,0,,0.002537113274454,0.002537113274454,41676325.00804092,1,4,0.17
I2,I,0,,0.001268556637227,0.001268556637227,36144130.03416584,1,4,0.17
I3,I,0,,,,,0,4,0.17
P1,P,1,-0.0016994665978503,0.0,-0.0016994665978503,20000000.0,1,4,0.17
P2,P,1,-0.0015835027927598,0.0,-0.0015835027927598,20000000.0,1,4,0.17
I1,I,1,,0.002537113274454,0.002537113274454,41550171.07970256,1,4,0.17
I2,I,1,,0.001268556637227,0.001268556637227,36265762.35588229,1,4,0.17
I3,I,1,,,,,0,4,0.17
P1,P,2,-0.001681820109596,0.0,-0.001681820109596,20000000.0,1,4,0.17
P2,P,2,-0.0015731229317481,0.0,-0.0015731229317481,20000000.0,1,4,0.17
I1,I,2,,0.002537113274454,0.002537113274454,41839742.14626386,1,4,0.17
I2,I,2,,0.001268556637227,0.001268556637227,36517234.81780306,1,4,0.17
I3,I,2,,,,,0,4,0.17
P1,P,3,-0.0017005760607079,0.0,-0.0017005760607079,20000000.0,1,4,0.17
P2,P,3,-0.0015900287406175,0.0,-0.0015900287406175,20000000.0,1,4,0.17
I1,I,3,,0.002537113274454,0.002537113274454,42058758.43661758,1,4,0.17
I2,I,3,,0.001268556637227,0.001268556637227,36696662.9084105,1,4,0.17
I3,I,3,,,,,0,4,0.17
P1,P,4,-0.0017300957605366,0.0,-0.0017300957605366,20000000.0,1,4,0.17
P2,P,4,-0.0016161382197932,0.0,-0.0016161382197932,20000000.0,1,4,0.17
I1,I,4,,0.002537113274454,0.002537113274454,42216266.70582255,1,4,0.17
I2,I,4,,0.001268556637227,0.001268556637227,36828046.618287295,1,4,0.17
I3,I,4,,,,,0,4,0.17
P1,P,5,-0.0019634847947451,0.0,-0.0019634847947451,20000000.0,1,4,0.17
P2,P,5,-0.0016956164680739,-6.286132150694694e-05,-0.0017584777895808,20000000.0,1,4,0.17
I1,I,5,,0.002537113274454,0.002537113274454,43969705.42817293,1,4,0.17
I2,I,5,,0.001268556637227,0.001268556637227,38505905.06185538,1,4,0.17
I3,I,5,,0.0006342783186135,0.0006342783186135,37991716.83062075,1,4,0.17
P1,P,6,-0.0021381291107437,0.0,-0.0021381291107437,20000000.0,1,4,0.17
P2,P,6,-0.0015308470920556,-0.0004222925261976,-0.0019531396182532,20000000.0,1,4,0.17
I1,I,6,,0.002537113274454,0.002537113274454,44570860.18808915,1,4,0.17
I2,I,6,,0.001268556637227,0.001268556637227,39046033.00960699,1,4,0.17
I3,I,6,,0.0006342783186135,0.0006342783186135,38468251.1018935,1,4,0.17
P1,P,7,-0.0021272389885983,-6.361725313557656e-05,-0.0021908562417339,20000000.0,1,4,0.17
P2,P,7,-0.0013367077552037,-0.0008593166007618,-0.0021960243559656,20000000.0,1,4,0.17
I1,I,7,,0.002537113274454,0.002537113274454,44530442.93197964,1,4,0.17
I2,I,7,,0.001268556637227,0.001268556637227,38967658.47666986,1,4,0.17
I3,I,7,,0.0006342783186135,0.0006342783186135,38405173.765928894,1,4,0.17
P1,P,8,-0.0019615666889627,-0.0003131224393771,-0.0022746891283399,20000000.0,1,4,0.17
P2,P,8,-0.001156882068812,-0.0012080660093275,-0.0023649480781395,20000000.0,1,4,0.17
I1,I,8,,0.002537113274454,0.002537113274454,43978904.73080243,1,4,0.17
I2,I,8,,0.001268556637227,0.001268556637227,38414137.56972374,1,4,0.17
I3,I,8,,0.0006342783186135,0.0006342783186135,37860554.47929678,1,4,0.17
P1,P,9,-0.0017257334676163,-0.0005758305633402,-0.0023015640309565,20000000.0,1,4,0.17
P2,P,9,-0.0009972378732949,-0.0014581196156508,-0.0024553574889458,20000000.0,1,4,0.17
I1,I,9,,0.002537113274454,0.002537113274454,43149453.73570371,1,4,0.17
I2,I,9,,0.001268556637227,0.001268556637227,37601567.38507384,1,4,0.17
I3,I,9,,0.0006342783186135,0.0006342783186135,37049057.96265464,1,4,0.17
P1,P,10,-0.0014909673779943,-0.0007990118357871,-0.0022899792137814,20000000.0,1,4,0.17
P2,P,10,-0.0008620207102991,-0.0016280339839768,-0.002490054694276,20000000.0,1,4,0.17
I1,I,10,,0.002537113274454,0.002537113274454,42231021.4857652,1,4,0.17
I2,I,10,,0.001268556637227,0.001268556637227,36708547.8949529,1,4,0.17
I3,I,10,,0.0006342783186135,0.0006342783186135,36152173.25372429,1,4,0.17
P1,P,11,-0.001298039533271,-0.0009654045890684,-0.0022634441223394,20000000.0,1,4,0.17
P2,P,11,-0.0007511004580914,-0.0017407845436532,-0.0024918850017447,20000000.0,1,4,0.17
I1,I,11,,0.002537113274454,0.002537113274454,41334220.49882043,1,4,0.17
I2,I,11,,0.001268556637227,0.001268556637227,35841095.89793771,1,4,0.17
I3,I,11,,0.0006342783186135,0.0006342783186135,35277749.842676446,1,4,0.17
P1,P,12,-0.0011462402466084,-0.0010869881522395,-0.002233228398848,20000000.0,1,4,0.17
P2,P,12,-0.0006611723559806,-0.0018164282619101,-0.0024776006178907,20000000.0,1,4,0.17
I1,I,12,,0.002537113274454,0.002537113274454,40513948.25169607,1,4,0.17
I2,I,12,,0.001268556637227,0.001268556637227,35051415.543079466,1,4,0.17
I3,I,12,,0.0006342783186135,0.0006342783186135,34479547.816933505,1,4,0.17
P1,P,13,-0.0010254368594759,-0.001181357391527,-0.0022067942510029,20000000.0,1,4,0.17
P2,P,13,-0.0005882301421312,-0.0018689832352516,-0.0024572133773828,20000000.0,1,4,0.17
I1,I,13,,0.002537113274454,0.002537113274454,39786532.66934831,1,4,0.17
I2,I,13,,0.001268556637227,0.001268556637227,34354393.72027156,1,4,0.17
I3,I,13,,0.0006342783186135,0.0006342783186135,33773390.29112377,1,4,0.17
P1,P,14,-0.0009264694039317,-0.001260353090564,-0.0021868224944958,20000000.0,1,4,0.17
P2,P,14,-0.0005286025756497,-0.0019069556846921,-0.0024355582603419,20000000.0,1,4,0.17
I1,I,14,,0.002537113274454,0.002537113274454,39148370.37909966,1,4,0.17
I2,I,14,,0.001268556637227,0.001268556637227,33745775.19954588,1,4,0.17
I3,I,14,,0.0006342783186135,0.0006342783186135,33155503.206931114,1,4,0.17
P1,P,15,-0.0008433513995013,-0.0013301845522637,-0.002173535951765,20000000.0,1,4,0.17
P2,P,15,-0.0004793363693517,-0.0019351920674042,-0.002414528436756,20000000.0,1,4,0.17
I1,I,15,,0.002537113274454,0.002537113274454,38588192.19857619,1,4,0.17
I2,I,15,,0.001268556637227,0.001268556637227,33214005.94098147,1,4,0.17
I3,I,15,,0.0006342783186135,0.0006342783186135,32614576.1304066,1,4,0.17
P1,P,16,-0.0007725869947703,-0.0013933141147221,-0.0021659011094925,20000000.0,1,4,0.17
P2,P,16,-0.0004381082391561,-0.0019564827434223,-0.0023945909825784,20000000.0,1,4,0.17
I1,I,16,,0.002537113274454,0.002537113274454,38093953.65213791,1,4,0.17
I2,I,16,,0.001268556637227,0.001268556637227,32746920.52797868,1,4,0.17
I3,I,16,,0.0006342783186135,0.0006342783186135,32138573.59416437,1,4,0.17
P1,P,17,-0.0007118687785277,-0.0014504375150744,-0.0021623062936022,20000000.0,1,4,0.17
P2,P,17,-0.0004031797571554,-0.0019727364521248,-0.0023759162092803,20000000.0,1,4,0.17
I1,I,17,,0.002537113274454,0.002537113274454,37655638.2320796,1,4,0.17
I2,I,17,,0.001268556637227,0.001268556637227,32334390.427963592,1,4,0.17
I3,I,17,,0.0006342783186135,0.0006342783186135,31717487.12860781,1,4,0.17
P1,P,18,-0.0006595279033055,-0.0015021366462339,-0.0021616645495394,20000000.0,1,4,0.17
P2,P,18,-0.000373247147453,-0.0019851871321177,-0.0023584342795708,20000000.0,1,4,0.17
I1,I,18,,0.002537113274454,0.002537113274454,37265083.325794406,1,4,0.17
I2,I,18,,0.001268556637227,0.001268556637227,31968240.59046791,1,4,0.17
I3,I,18,,0.0006342783186135,0.0006342783186135,31343191.22604385,1,4,0.17
P1,P,19,-0.0006140937383811,-0.0015490260319011,-0.0021631197702823,20000000.0,1,4,0.17
P2,P,19,-0.0003473476931855,-0.0019949136970668,-0.0023422613902523,20000000.0,1,4,0.17
I1,I,19,,0.002537113274454,0.002537113274454,36915168.60053984,1,4,0.17
I2,I,19,,0.001268556637227,0.001268556637227,31641330.53561357,1,4,0.17
I3,I,19,,0.0006342783186135,0.0006342783186135,31008593.322168224,1,4,0.17
P1,P,20,-0.0005743141651559,-0.0015916867902738,-0.0021660009554298,20000000.0,1,4,0.17
P2,P,20,-0.0003247315422967,-0.0020026082807533,-0.0023273398230501,20000000.0,1,4,0.17
I1,I,20,,0.002537113274454,0.002537113274454,36600035.18475744,1,4,0.17
I2,I,20,,0.001268556637227,0.001268556637227,31347845.892858844,1,4,0.17
I3,I,20,,0.0006342783186135,0.0006342783186135,30707883.021435943,1,4,0.17
P1,P,21,-0.0005391748461406,-0.0016305894779692,-0.0021697643241099,20000000.0,1,4,0.17
P2,P,21,-0.0003048235777402,-0.0020087864135314,-0.0023136099912716,20000000.0,1,4,0.17
I1,I,21,,0.002537113274454,0.002537113274454,36314979.80531478,1,4,0.17
I2,I,21,,0.001268556637227,0.001268556637227,31083152.222438443,1,4,0.17
I3,I,21,,0.0006342783186135,0.0006342783186135,30436413.66376787,1,4,0.17
P1,P,22,-0.0005079014295401,-0.0016660379574501,-0.0021739393869902,20000000.0,1,4,0.17
P2,P,22,-0.0002871795094936,-0.0020139054846672,-0.0023010849941609,20000000.0,1,4,0.17
I1,I,22,,0.002537113274454,0.002537113274454,36056241.51990918,1,4,0.17
I2,I,22,,0.001268556637227,0.001268556637227,30843537.5884571,1,4,0.17
I3,I,22,,0.0006342783186135,0.0006342783186135,30190471.87507156,1,4,0.17
P1,P,23,-0.0004798431529145,-0.0016984656506275,-0.002178308803542,20000000.0,1,4,0.17
P2,P,23,-0.0002714456130524,-0.0020182470423955,-0.002289692655448,20000000.0,1,4,0.17
I1,I,23,,0.002537113274454,0.002537113274454,35820630.05810522,1,4,0.17
I2,I,23,,0.001268556637227,0.001268556637227,30625890.687504347,1,4,0.17
I3,I,23,,0.0006342783186135,0.0006342783186135,29966920.790957022,1,4,0.17
P1,P,24,-0.0004544375641727,-0.0017283805312926,-0.0021828180954654,20000000.0,1,4,0.17
P2,P,24,-0.0002573328427921,-0.0020219647871299,-0.0022792976299221,20000000.0,1,4,0.17
I1,I,24,,0.002537113274454,0.002537113274454,35605282.99615229,1,4,0.17
I2,I,24,,0.001268556637227,0.001268556637227,30427448.61507936,1,4,0.17
I3,I,24,,0.0006342783186135,0.0006342783186135,29762957.02376938,1,4,0.17
P1,P,25,-0.0004312497336888,-0.0017561509043282,-0.0021874006380171,20000000.0,1,4,0.17
P2,P,25,-0.0002446060435563,-0.0020251649521353,-0.0022697709956917,20000000.0,1,4,0.17
I1,I,25,,0.002537113274454,0.002537113274454,35407748.520602465,1,4,0.17
I2,I,25,,0.001268556637227,0.001268556637227,30245854.325753048,1,4,0.17
I3,I,25,,0.0006342783186135,0.0006342783186135,29576183.970958564,1,4,0.17
P1,P,26,-0.0004099488454206,-0.0017819926127531,-0.0021919414581737,20000000.0,1,4,0.17
P2,P,26,-0.0002330758407641,-0.0020279646521095,-0.0022610404928736,20000000.0,1,4,0.17
I1,I,26,,0.002537113274454,0.002537113274454,35226029.030574046,1,4,0.17
I2,I,26,,0.001268556637227,0.001268556637227,30079184.203130446,1,4,0.17
I3,I,26,,0.0006342783186135,0.0006342783186135,29404649.873352155,1,4,0.17
P1,P,27,-0.0003902757219159,-0.0018061222633708,-0.0021963979852867,20000000.0,1,4,0.17
P2,P,27,-0.0002225803601019,-0.0020304633110702,-0.0022530436711721,20000000.0,1,4,0.17
I1,I,27,,0.002537113274454,0.002537113274454,35058350.20601555,1,4,0.17
I2,I,27,,0.001268556637227,0.001268556637227,29925732.559906345,1,4,0.17
I3,I,27,,0.0006342783186135,0.0006342783186135,29246622.12218042,1,4,0.17
P1,P,28,-0.0003720117702661,-0.0018286993670846,-0.0022007111373508,20000000.0,1,4,0.17
P2,P,28,-0.0002129753707451,-0.0020327675541259,-0.0022457429248711,20000000.0,1,4,0.17
I1,I,28,,0.002537113274454,0.002537113274454,34903157.21702906,1,4,0.17
I2,I,28,,0.001268556637227,0.001268556637227,29784000.020276524,1,4,0.17
I3,I,28,,0.0006342783186135,0.0006342783186135,29100580.584364463,1,4,0.17
P1,P,29,-0.000355002584063,-0.0018498329425641,-0.0022048355266271,20000000.0,1,4,0.17
P2,P,29,-0.000204134413751,-0.0020349767806968,-0.0022391111944478,20000000.0,1,4,0.17
I1,I,29,,0.002537113274454,0.002537113274454,34759044.73291624,1,4,0.17
I2,I,29,,0.001268556637227,0.001268556637227,29652628.61270887,1,4,0.17
I3,I,29,,0.0006342783186135,0.0006342783186135,28965151.177538875,1,4,0.17
P1,P,0,-0.0015720811192072,0.0,-0.0015720811192072,20000000.0,1,22,0.17
P2,P,0,-0.0020456794391153,0.0,-0.0020456794391153,20000000.0,1,22,0.17
I1,I,0,,0.0025489634769492,0.0025489634769492,40737336.52418451,1,22,0.17
I2,I,0,,0.0012744817384746,0.0012744817384746,36907864.37489945,1,22,0.17
I3,I,0,,,,,0,22,0.17
P1,P,1,-0.00146555334581,0.0,-0.00146555334581,20000000.0,1,22,0.17
P2,P,1,-0.0018583404707165,0.0,-0.0018583404707165,20000000.0,1,22,0.17
I1,I,1,,0.0025489634769492,0.0025489634769492,40716517.12553339,1,22,0.17
I2,I,1,,0.0012744817384746,0.0012744817384746,36871514.56920603,1,22,0.17
I3,I,1,,,,,0,22,0.17
P1,P,2,-0.0014583675412984,0.0,-0.0014583675412984,20000000.0,1,22,0.17
P2,P,2,-0.0018243794368514,0.0,-0.0018243794368514,20000000.0,1,22,0.17
I1,I,2,,0.0025489634769492,0.0025489634769492,41030170.78274961,1,22,0.17
I2,I,2,,0.0012744817384746,0.0012744817384746,37076582.07435061,1,22,0.17
I3,I,2,,,,,0,22,0.17
P1,P,3,-0.001476728960565,0.0,-0.001476728960565,20000000.0,1,22,0.17
P2,P,3,-0.0018347765388313,0.0,-0.0018347765388313,20000000.0,1,22,0.17
I1,I,3,,0.0025489634769492,0.0025489634769492,41260040.48518012,1,22,0.17
I2,I,3,,0.0012744817384746,0.0012744817384746,37234205.105875626,1,22,0.17
I3,I,3,,,,,0,22,0.17
P1,P,4,-0.0015025938892568,0.0,-0.0015025938892568,20000000.0,1,22,0.17
P2,P,4,-0.001861275218708,0.0,-0.001861275218708,20000000.0,1,22,0.17
I1,I,4,,0.0025489634769492,0.0025489634769492,41421588.45163897,1,22,0.17
I2,I,4,,0.0012744817384746,0.0012744817384746,37352270.47434701,1,22,0.17
I3,I,4,,,,,0,22,0.17
P1,P,5,-0.0016079543191365,0.0,-0.0016079543191365,20000000.0,1,22,0.17
P2,P,5,-0.001851368793364,-6.10967014569028e-05,-0.0019124654948209,20000000.0,1,22,0.17
I1,I,5,,0.0025489634769492,0.0025489634769492,41932557.776783936,1,22,0.17
I2,I,5,,0.0012744817384746,0.0012744817384746,37801803.51783549,1,22,0.17
I3,I,5,,,,,0,22,0.17
P1,P,6,-0.0016739275790878,0.0,-0.0016739275790878,20000000.0,1,22,0.17
P2,P,6,-0.0016155276118252,-0.0004179284925297,-0.002033456104355,20000000.0,1,22,0.17
I1,I,6,,0.0025489634769492,0.0025489634769492,41986993.93126722,1,22,0.17
I2,I,6,,0.0012744817384746,0.0012744817384746,37804205.47587562,1,22,0.17
I3,I,6,,,,,0,22,0.17
P1,P,7,-0.0016754371567521,-1.2633958804920996e-06,-0.0016767005526326,20000000.0,1,22,0.17
P2,P,7,-0.0013782825845674,-0.0008474879620148,-0.0022257705465822,20000000.0,1,22,0.17
I1,I,7,,0.0025489634769492,0.0025489634769492,41652224.503954,1,22,0.17
I2,I,7,,0.0012744817384746,0.0012744817384746,37423714.67360024,1,22,0.17
I3,I,7,,,,,0,22,0.17
P1,P,8,-0.0015710025417724,-6.12122374749467e-05,-0.0016322147792474,20000000.0,1,22,0.17
P2,P,8,-0.0011943874106479,-0.0011710413081304,-0.0023654287187783,20000000.0,1,22,0.17
I1,I,8,,0.0025489634769492,0.0025489634769492,41100964.29063333,1,22,0.17
I2,I,8,,0.0012744817384746,0.0012744817384746,36853888.86376619,1,22,0.17
I3,I,8,,,,,0,22,0.17
P1,P,9,-0.0014275124985587,-0.0002073366902852,-0.0016348491888439,20000000.0,1,22,0.17
P2,P,9,-0.0010445603323037,-0.0013919675362978,-0.0024365278686016,20000000.0,1,22,0.17
I1,I,9,,0.0025489634769492,0.0025489634769492,40394065.92975305,1,22,0.17
I2,I,9,,0.0012744817384746,0.0012744817384746,36158396.20034282,1,22,0.17
I3,I,9,,,,,0,22,0.17
P1,P,10,-0.0012888413800653,-0.0003544005496566,-0.001643241929722,20000000.0,1,22,0.17
P2,P,10,-0.0009167025221716,-0.0015393321344968,-0.0024560346566684,20000000.0,1,22,0.17
I1,I,10,,0.0025489634769492,0.0025489634769492,39615323.193316855,1,22,0.17
I2,I,10,,0.0012744817384746,0.0012744817384746,35407850.41321927,1,22,0.17
I3,I,10,,,,,0,22,0.17
P1,P,11,-0.0011506986478082,-0.0004725246020882,-0.0016232232498965,20000000.0,1,22,0.17
P2,P,11,-0.0008092101763628,-0.0016418915773712,-0.002451101753734,20000000.0,1,22,0.17
I1,I,11,,0.0025489634769492,0.0025489634769492,38868972.47921042,1,22,0.17
I2,I,11,,0.0012744817384746,0.0012744817384746,34693446.58185405,1,22,0.17
I3,I,11,,,,,0,22,0.17
P1,P,12,-0.001024447713092,-0.0005733739451593,-0.0015978216582513,20000000.0,1,22,0.17
P2,P,12,-0.0007202975246407,-0.0017172113435118,-0.0024375088681526,20000000.0,1,22,0.17
I1,I,12,,0.0025489634769492,0.0025489634769492,38195557.66651439,1,22,0.17
I2,I,12,,0.0012744817384746,0.0012744817384746,34052001.553555995,1,22,0.17
I3,I,12,,,,,0,22,0.17
P1,P,13,-0.0009207300107354,-0.0006577658989191,-0.0015784959096545,20000000.0,1,22,0.17
P2,P,13,-0.0006467880305259,-0.0017741588382287,-0.0024209468687547,20000000.0,1,22,0.17
I1,I,13,,0.0025489634769492,0.0025489634769492,37596342.300911486,1,22,0.17
I2,I,13,,0.0012744817384746,0.0012744817384746,33484371.159519847,1,22,0.17
I3,I,13,,,,,0,22,0.17
P1,P,14,-0.0008365678546255,-0.0007265158055868,-0.0015630836602124,20000000.0,1,22,0.17
P2,P,14,-0.0005856663597888,-0.0018185500964914,-0.0024042164562803,20000000.0,1,22,0.17
I1,I,14,,0.0025489634769492,0.0025489634769492,37066885.24866162,1,22,0.17
I2,I,14,,0.0012744817384746,0.0012744817384746,32985549.30022436,1,22,0.17
I3,I,14,,,,,0,22,0.17
P1,P,15,-0.0007665000584458,-0.0007838269086375,-0.0015503269670834,20000000.0,1,22,0.17
P2,P,15,-0.0005345019099318,-0.0018546557250174,-0.0023891576349492,20000000.0,1,22,0.17
I1,I,15,,0.0025489634769492,0.0025489634769492,36600620.25215713,1,22,0.17
I2,I,15,,0.0012744817384746,0.0012744817384746,32548453.042005945,1,22,0.17
I3,I,15,,,,,0,22,0.17
P1,P,16,-0.0007068276998151,-0.0008339715610973,-0.0015407992609124,20000000.0,1,22,0.17
P2,P,16,-0.0004912841681287,-0.0018847235555258,-0.0023760077236545,20000000.0,1,22,0.17
I1,I,16,,0.0025489634769492,0.0025489634769492,36188399.459844194,1,22,0.17
I2,I,16,,0.0012744817384746,0.0012744817384746,32163889.66381462,1,22,0.17
I3,I,16,,,,,0,22,0.17
P1,P,17,-0.0006551073383183,-0.0008797952384302,-0.0015349025767486,20000000.0,1,22,0.17
P2,P,17,-0.0004543486772149,-0.001909860857701,-0.0023642095349159,20000000.0,1,22,0.17
I1,I,17,,0.0025489634769492,0.0025489634769492,35820323.57354137,1,22,0.17
I2,I,17,,0.0012744817384746,0.0012744817384746,31822137.398384158,1,22,0.17
I3,I,17,,,,,0,22,0.17
P1,P,18,-0.0006095964110021,-0.0009225107118915,-0.0015321071228936,20000000.0,1,22,0.17
P2,P,18,-0.0004224172988482,-0.001930741474674,-0.0023531587735222,20000000.0,1,22,0.17
I1,I,18,,0.0025489634769492,0.0025489634769492,35488347.07790531,1,22,0.17
I2,I,18,,0.0012744817384746,0.0012744817384746,31515288.7794228,1,22,0.17
I3,I,18,,,,,0,22,0.17
P1,P,19,-0.0005692022119588,-0.0009625264248228,-0.0015317286367816,20000000.0,1,22,0.17
P2,P,19,-0.0003945491064904,-0.0019478862738136,-0.0023424353803041,20000000.0,1,22,0.17
I1,I,19,,0.0025489634769492,0.0025489634769492,35186729.72037882,1,22,0.17
I2,I,19,,0.0012744817384746,0.0012744817384746,31237660.3234122,1,22,0.17
I3,I,19,,,,,0,22,0.17
P1,P,20,-0.0005332453227406,-0.0009999133627922,-0.0015331586855328,20000000.0,1,22,0.17
P2,P,20,-0.0003700304934096,-0.0019617857018326,-0.0023318161952422,20000000.0,1,22,0.17
I1,I,20,,0.0025489634769492,0.0025489634769492,34911512.89908688,1,22,0.17
I2,I,20,,0.0012744817384746,0.0012744817384746,30985319.989569627,1,22,0.17
I3,I,20,,,,,0,22,0.17
P1,P,21,-0.0005012695073359,-0.001034802302167,-0.0015360718095029,20000000.0,1,22,0.17
P2,P,21,-0.0003482928300314,-0.001973000285079,-0.0023212931151105,20000000.0,1,22,0.17
I1,I,21,,0.0025489634769492,0.0025489634769492,34659283.66495,1,22,0.17
I2,I,21,,0.0012744817384746,0.0012744817384746,30754876.249846943,1,22,0.17
I3,I,21,,,,,0,22,0.17
P1,P,22,-0.0004727520644193,-0.0010672355470435,-0.0015399876114628,20000000.0,1,22,0.17
P2,P,22,-0.0003288842772242,-0.0019820755220952,-0.0023109597993194,20000000.0,1,22,0.17
I1,I,22,,0.0025489634769492,0.0025489634769492,34427384.35641912,1,22,0.17
I2,I,22,,0.0012744817384746,0.0012744817384746,30543672.9097296,1,22,0.17
I3,I,22,,,,,0,22,0.17
P1,P,23,-0.0004882353507247,-0.0012244041787884,-0.0017126395295132,20000000.0,1,22,0.17
P2,P,23,-0.0003391148408194,-0.0022300514516006,-0.00256916629242,20000000.0,1,22,0.17
I1,I,23,,0.0025489634769492,0.0025489634769492,35175227.31972911,1,22,0.17
I2,I,23,,0.0012744817384746,0.0012744817384746,31255983.514107127,1,22,0.17
I3,I,23,,0.0006372408692373,0.0006372408692373,30190510.482746124,1,22,0.17
P1,P,24,-0.0004759247215257,-0.0013030009974096,-0.0017789257189354,20000000.0,1,22,0.17
P2,P,24,-0.0003294343421608,-0.00231578704566,-0.0026452213878208,20000000.0,1,22,0.17
I1,I,24,,0.0025489634769492,0.0025489634769492,35176360.190924585,1,22,0.17
I2,I,24,,0.0012744817384746,0.0012744817384746,31258546.78845565,1,22,0.17
I3,I,24,,0.0006372408692373,0.0006372408692373,30129465.82283524,1,22,0.17
P1,P,25,-0.0004547042419749,-0.0013477688684025,-0.0018024731103774,20000000.0,1,22,0.17
P2,P,25,-0.000314283299708,-0.0023480636743739,-0.0026623469740819,20000000.0,1,22,0.17
I1,I,25,,0.0025489634769492,0.0025489634769492,35028542.575276785,1,22,0.17
I2,I,25,,0.0012744817384746,0.0012744817384746,31125060.83366989,1,22,0.17
I3,I,25,,0.0006372408692373,0.0006372408692373,29968305.87006761,1,22,0.17
P1,P,26,-0.0004324304889226,-0.0013801742861126,-0.0018126047750353,20000000.0,1,22,0.17
P2,P,26,-0.0002986923420285,-0.0023625234884343,-0.0026612158304628,20000000.0,1,22,0.17
I1,I,26,,0.0025489634769492,0.0025489634769492,34848948.31039811,1,22,0.17
I2,I,26,,0.0012744817384746,0.0012744817384746,30962235.65759445,1,22,0.17
I3,I,26,,0.0006372408692373,0.0006372408692373,29785823.235464875,1,22,0.17
P1,P,27,-0.0004113689381495,-0.0014074965609925,-0.0018188654991421,20000000.0,1,22,0.17
P2,P,27,-0.0002840855149431,-0.0023706661385886,-0.0026547516535318,20000000.0,1,22,0.17
I1,I,27,,0.0025489634769492,0.0025489634769492,34670359.13639579,1,22,0.17
I2,I,27,,0.0012744817384746,0.0012744817384746,30800414.149255544,1,22,0.17
I3,I,27,,0.0006372408692373,0.0006372408692373,29608892.08417341,1,22,0.17
P1,P,28,-0.0003919813135616,-0.001431933400684,-0.0018239147142456,20000000.0,1,22,0.17
P2,P,28,-0.0002707104633232,-0.0023764085877106,-0.0026471190510338,20000000.0,1,22,0.17
I1,I,28,,0.0025489634769492,0.0025489634769492,34501710.77962447,1,22,0.17
I2,I,28,,0.0012744817384746,0.0012744817384746,30647832.56401176,1,22,0.17
I3,I,28,,0.0006372408692373,0.0006372408692373,29444094.76517633,1,22,0.17
P1,P,29,-0.000374245003347,-0.0014543811416966,-0.0018286261450436,20000000.0,1,22,0.17
P2,P,29,-0.0002584663246285,-0.0023811134450304,-0.002639579769659,20000000.0,1,22,0.17
I1,I,29,,0.0025489634769492,0.0025489634769492,34344344.165266536,1,22,0.17
I2,I,29,,0.0012744817384746,0.0012744817384746,30505683.39744453,1,22,0.17
I3,I,29,,0.0006372408692373,0.0006372408692373,29291698.308051344,1,22,0.17
P1,P,0,-0.001502931961175,0.0,-0.001502931961175,20000000.0,1,13,0.17
P2,P,0,-0.0020023545526546,0.0,-0.0020023545526546,20000000.0,1,13,0.17
I1,I,0,,0.0025485462358361,0.0025485462358361,40240226.46979291,1,13,0.17
I2,I,0,,0.001274273117918,0.001274273117918,36032302.539238185,1,13,0.17
I3,I,0,,,,,0,13,0.17
P1,P,1,-0.0014027404331138,0.0,-0.0014027404331138,20000000.0,1,13,0.17
P2,P,1,-0.0018277202780569,0.0,-0.0018277202780569,20000000.0,1,13,0.17
I1,I,1,,0.0025485462358361,0.0025485462358361,40307697.48178841,1,13,0.17
I2,I,1,,0.001274273117918,0.001274273117918,36138522.32116129,1,13,0.17
I3,I,1,,,,,0,13,0.17
P1,P,2,-0.0013991812202747,0.0,-0.0013991812202747,20000000.0,1,13,0.17
P2,P,2,-0.0018021138295349,0.0,-0.0018021138295349,20000000.0,1,13,0.17
I1,I,2,,0.0025485462358361,0.0025485462358361,40666139.16845726,1,13,0.17
I2,I,2,,0.001274273117918,0.001274273117918,36395292.473084494,1,13,0.17
I3,I,2,,,,,0,13,0.17
P1,P,3,-0.0014199533703172,0.0,-0.0014199533703172,20000000.0,1,13,0.17
P2,P,3,-0.0018185740910757,0.0,-0.0018185740910757,20000000.0,1,13,0.17
I1,I,3,,0.0025485462358361,0.0025485462358361,40933385.04431246,1,13,0.17
I2,I,3,,0.001274273117918,0.001274273117918,36589748.2157892,1,13,0.17
I3,I,3,,,,,0,13,0.17
P1,P,4,-0.0014477118809951,0.0,-0.0014477118809951,20000000.0,1,13,0.17
P2,P,4,-0.0018499033327026,0.0,-0.0018499033327026,20000000.0,1,13,0.17
I1,I,4,,0.0025485462358361,0.0025485462358361,41127424.82099264,1,13,0.17
I2,I,4,,0.001274273117918,0.001274273117918,36738321.9039717,1,13,0.17
I3,I,4,,,,,0,13,0.17
P1,P,5,-0.0015617140578939,0.0,-0.0015617140578939,20000000.0,1,13,0.17
P2,P,5,-0.0018368896491197,-6.938002549915212e-05,-0.0019062696746189,20000000.0,1,13,0.17
I1,I,5,,0.0025485462358361,0.0025485462358361,41755943.62059996,1,13,0.17
I2,I,5,,0.001274273117918,0.001274273117918,37299602.80302484,1,13,0.17
I3,I,5,,,,,0,13,0.17
P1,P,6,-0.001633973840445,0.0,-0.001633973840445,20000000.0,1,13,0.17
P2,P,6,-0.0015944867793821,-0.0004554604247962,-0.0020499472041783,20000000.0,1,13,0.17
I1,I,6,,0.0025485462358361,0.0025485462358361,41876192.82809868,1,13,0.17
I2,I,6,,0.001274273117918,0.001274273117918,37358546.08104348,1,13,0.17
I3,I,6,,,,,0,13,0.17
P1,P,7,-0.0016447005370732,-8.87953707379854e-07,-0.0016455884907806,20000000.0,1,13,0.17
P2,P,7,-0.0013547362668291,-0.0008988297103033,-0.0022535659771324,20000000.0,1,13,0.17
I1,I,7,,0.0025485462358361,0.0025485462358361,41568363.71906318,1,13,0.17
I2,I,7,,0.001274273117918,0.001274273117918,37002080.01359473,1,13,0.17
I3,I,7,,,,,0,13,0.17
P1,P,8,-0.0015545264994916,-6.396646111670897e-05,-0.0016184929606083,20000000.0,1,13,0.17
P2,P,8,-0.0011693686331407,-0.0012273293002777,-0.0023966979334184,20000000.0,1,13,0.17
I1,I,8,,0.0025485462358361,0.0025485462358361,40999707.09206741,1,13,0.17
I2,I,8,,0.001274273117918,0.001274273117918,36418473.83887954,1,13,0.17
I3,I,8,,,,,0,13,0.17
P1,P,9,-0.0014215545698596,-0.0002028903021689,-0.0016244448720286,20000000.0,1,13,0.17
P2,P,9,-0.0010217187964843,-0.0014442592062136,-0.002465978002698,20000000.0,1,13,0.17
I1,I,9,,0.0025485462358361,0.0025485462358361,40268116.83192733,1,13,0.17
I2,I,9,,0.001274273117918,0.001274273117918,35702662.80249941,1,13,0.17
I3,I,9,,,,,0,13,0.17
P1,P,10,-0.0012811755087175,-0.0003254015506742,-0.0016065770593917,20000000.0,1,13,0.17
P2,P,10,-0.0009008505295365,-0.0015879025753459,-0.0024887531048824,20000000.0,1,13,0.17
I1,I,10,,0.0025485462358361,0.0025485462358361,39508270.19826715,1,13,0.17
I2,I,10,,0.001274273117918,0.001274273117918,34970707.14940921,1,13,0.17
I3,I,10,,,,,0,13,0.17
P1,P,11,-0.0011421524440271,-0.0004361839701018,-0.0015783364141289,20000000.0,1,13,0.17
P2,P,11,-0.0008011898878486,-0.0016877990390418,-0.0024889889268905,20000000.0,1,13,0.17
I1,I,11,,0.0025485462358361,0.0025485462358361,38792623.487144604,1,13,0.17
I2,I,11,,0.001274273117918,0.001274273117918,34286452.89775098,1,13,0.17
I3,I,11,,,,,0,13,0.17
P1,P,12,-0.0010157987980037,-0.00053792360599,-0.0015537224039938,20000000.0,1,13,0.17
P2,P,12,-0.000718647493849,-0.0017604877954442,-0.0024791352892933,20000000.0,1,13,0.17
I1,I,12,,0.0025485462358361,0.0025485462358361,38141746.59834476,1,13,0.17
I2,I,12,,0.001274273117918,0.001274273117918,33668181.51944137,1,13,0.17
I3,I,12,,,,,0,13,0.17
P1,P,13,-0.0009115960469154,-0.0006204348851353,-0.0015320309320508,20000000.0,1,13,0.17
P2,P,13,-0.00065004677677,-0.0018159035669636,-0.0024659503437337,20000000.0,1,13,0.17
I1,I,13,,0.0025485462358361,0.0025485462358361,37561546.86271836,1,13,0.17
I2,I,13,,0.001274273117918,0.001274273117918,33120168.49364581,1,13,0.17
I3,I,13,,,,,0,13,0.17
P1,P,14,-0.0008826587941135,-0.0007566972238886,-0.0016393560180022,20000000.0,1,13,0.17
P2,P,14,-0.0006289797983219,-0.0020586730503022,-0.0026876528486242,20000000.0,1,13,0.17
I1,I,14,,0.0025485462358361,0.0025485462358361,38103622.57893212,1,13,0.17
I2,I,14,,0.001274273117918,0.001274273117918,33637737.864379875,1,13,0.17
I3,I,14,,0.000637136558959,0.000637136558959,33580658.72687364,1,13,0.17
P1,P,15,-0.0008338647000873,-0.000859472831957,-0.0016933375320444,20000000.0,1,13,0.17
P2,P,15,-0.0005931459440709,-0.0021896951428372,-0.0027828410869081,20000000.0,1,13,0.17
I1,I,15,,0.0025485462358361,0.0025485462358361,37955937.54835958,1,13,0.17
I2,I,15,,0.001274273117918,0.001274273117918,33491840.444778506,1,13,0.17
I3,I,15,,0.000637136558959,0.000637136558959,33355998.217033826,1,13,0.17
P1,P,16,-0.0007768494048635,-0.0009348695349423,-0.0017117189398059,20000000.0,1,13,0.17
P2,P,16,-0.0005532041968106,-0.0022654657965196,-0.0028186699933303,20000000.0,1,13,0.17
I1,I,16,,0.0025485462358361,0.0025485462358361,37639855.648454905,1,13,0.17
I2,I,16,,0.001274273117918,0.001274273117918,33195374.58492349,1,13,0.17
I3,I,16,,0.000637136558959,0.000637136558959,33026117.54139345,1,13,0.17
P1,P,17,-0.0007200437552247,-0.0009961261321996,-0.0017161698874243,20000000.0,1,13,0.17
P2,P,17,-0.0005144574723674,-0.0023131820057327,-0.0028276394781002,20000000.0,1,13,0.17
I1,I,17,,0.0025485462358361,0.0025485462358361,37277525.71567938,1,13,0.17
I2,I,17,,0.001274273117918,0.001274273117918,32858272.9897921,1,13,0.17
I3,I,17,,0.000637136558959,0.000637136558959,32665486.75194214,1,13,0.17
P1,P,18,-0.0006668085999452,-0.0010510298360431,-0.0017178384359884,20000000.0,1,13,0.17
P2,P,18,-0.000478791969401,-0.0023452249818838,-0.0028240169512849,20000000.0,1,13,0.17
I1,I,18,,0.0025485462358361,0.0025485462358361,36912741.0151024,1,13,0.17
I2,I,18,,0.001274273117918,0.001274273117918,32520728.688061032,1,13,0.17
I3,I,18,,0.000637136558959,0.000637136558959,32309002.555881277,1,13,0.17
P1,P,19,-0.0006182085837228,-0.00110254558864,-0.0017207541723628,20000000.0,1,13,0.17
P2,P,19,-0.0004466228109772,-0.0023674188546697,-0.002814041665647,20000000.0,1,13,0.17
I1,I,19,,0.0025485462358361,0.0025485462358361,36561618.33025113,1,13,0.17
I2,I,19,,0.001274273117918,0.001274273117918,32197368.508125868,1,13,0.17
I3,I,19,,0.000637136558959,0.000637136558959,31969277.189343717,1,13,0.17
P1,P,20,-0.0005744219528121,-0.0011511063682992,-0.0017255283211114,20000000.0,1,13,0.17
P2,P,20,-0.0004177793829077,-0.0023830207342085,-0.0028008001171163,20000000.0,1,13,0.17
I1,I,20,,0.0025485462358361,0.0025485462358361,36230103.23070477,1,13,0.17
I2,I,20,,0.001274273117918,0.001274273117918,31893306.86107362,1,13,0.17
I3,I,20,,0.000637136558959,0.000637136558959,31650581.26877424,1,13,0.17
P1,P,21,-0.0005353562674222,-0.0011965230704772,-0.0017318793378994,20000000.0,1,13,0.17
P2,P,21,-0.0003919218562836,-0.0023940320667287,-0.0027859539230124,20000000.0,1,13,0.17
I1,I,21,,0.0025485462358361,0.0025485462358361,35920091.33945157,1,13,0.17
I2,I,21,,0.001274273117918,0.001274273117918,31609947.07307191,1,13,0.17
I3,I,21,,0.000637136558959,0.000637136558959,31353924.37314843,1,13,0.17
P1,P,22,-0.0005006865230045,-0.0012385448521844,-0.0017392313751889,20000000.0,1,13,0.17
P2,P,22,-0.0003687353641398,-0.0024017216587717,-0.0027704570229115,20000000.0,1,13,0.17
I1,I,22,,0.0025485462358361,0.0025485462358361,35632134.79383243,1,13,0.17
I2,I,22,,0.001274273117918,0.001274273117918,31347555.646678824,1,13,0.17
I3,I,22,,0.000637136558959,0.000637136558959,31079363.18388189,1,13,0.17
P1,P,23,-0.0004699961963562,-0.0012772012748217,-0.001747197471178,20000000.0,1,13,0.17
P2,P,23,-0.0003479430717249,-0.0024069681584334,-0.0027549112301584,20000000.0,1,13,0.17
I1,I,23,,0.0025485462358361,0.0025485462358361,35365915.77035132,1,13,0.17
I2,I,23,,0.001274273117918,0.001274273117918,31105674.96994761,1,13,0.17
I3,I,23,,0.000637136558959,0.000637136558959,30826301.93381333,1,13,0.17
P1,P,24,-0.0004428080828173,-0.0013126539789054,-0.0017554620617227,20000000.0,1,13,0.17
P2,P,24,-0.0003292602102986,-0.0024105583781292,-0.0027398185884279,20000000.0,1,13,0.17
I1,I,24,,0.0025485462358361,0.0025485462358361,35120292.41415841,1,13,0.17
I2,I,24,,0.001274273117918,0.001274273117918,30883083.806649115,1,13,0.17
I3,I,24,,0.000637136558959,0.000637136558959,30593431.706154995,1,13,0.17
P1,P,25,-0.0004186572970207,-0.0013450272952517,-0.0017636845922724,20000000.0,1,13,0.17
P2,P,25,-0.0003124021710576,-0.002413120611814,-0.0027255227828716,20000000.0,1,13,0.17
I1,I,25,,0.0025485462358361,0.0025485462358361,34893859.08503817,1,13,0.17
I2,I,25,,0.001274273117918,0.001274273117918,30678350.10515324,1,13,0.17
I3,I,25,,0.000637136558959,0.000637136558959,30379251.867330797,1,13,0.17
P1,P,26,-0.0003971059815409,-0.0013745113838196,-0.0017716173653606,20000000.0,1,13,0.17
P2,P,26,-0.0002971123247923,-0.0024151441407676,-0.00271225646556,20000000.0,1,13,0.17
I1,I,26,,0.0025485462358361,0.0025485462358361,34685026.23934072,1,13,0.17
I2,I,26,,0.001274273117918,0.001274273117918,30489902.034354694,1,13,0.17
I3,I,26,,0.000637136558959,0.000637136558959,30182124.94807154,1,13,0.17
P1,P,27,-0.0003777659500847,-0.0014013719193669,-0.0017791378694516,20000000.0,1,13,0.17
P2,P,27,-0.0002831671254128,-0.0024169416385119,-0.0027001087639247,20000000.0,1,13,0.17
I1,I,27,,0.0025485462358361,0.0025485462358361,34492114.74884863,1,13,0.17
I2,I,27,,0.001274273117918,0.001274273117918,30316114.04982814,1,13,0.17
I3,I,27,,0.000637136558959,0.000637136558959,30000356.928269506,1,13,0.17
P1,P,28,-0.0003602897848508,-0.0014259452434808,-0.0017862350283316,20000000.0,1,13,0.17
P2,P,28,-0.000270384712637,-0.0024186344404687,-0.0026890191531058,20000000.0,1,13,0.17
I1,I,28,,0.0025485462358361,0.0025485462358361,34313488.86923303,1,13,0.17
I2,I,28,,0.001274273117918,0.001274273117918,30155444.577578034,1,13,0.17
I3,I,28,,0.000637136558959,0.000637136558959,29832331.271396104,1,13,0.17
P1,P,29,-0.0003443822978889,-0.001448491879295,-0.0017928741771839,20000000.0,1,13,0.17
P2,P,29,-0.0002586122733269,-0.0024203077861841,-0.0026789200595111,20000000.0,1,13,0.17
I1,I,29,,0.0025485462358361,0.0025485462358361,34147745.55610486,1,13,0.17
I2,I,29,,0.001274273117918,0.001274273117918,30006574.960453257,1,13,0.17
I3,I,29,,0.000637136558959,0.000637136558959,29676666.07513345,1,13,0.17
P1,P,0,-0.0016295700630996,0.0,-0.0016295700630996,20000000.0,1,15,0.17
P2,P,0,-0.0018789112006896,0.0,-0.0018789112006896,20000000.0,1,15,0.17
I1,I,0,,0.0025446512317736,0.0025446512317736,39558476.66180045,1,15,0.17
I2,I,0,,0.0012723256158868,0.0012723256158868,36187947.3853632,1,15,0.17
I3,I,0,,,,,0,15,0.17
P1,P,1,-0.0015037297212479,0.0,-0.0015037297212479,20000000.0,1,15,0.17
P2,P,1,-0.0017376498209905,0.0,-0.0017376498209905,20000000.0,1,15,0.17
I1,I,1,,0.0025446512317736,0.0025446512317736,39752079.02448722,1,15,0.17
I2,I,1,,0.0012723256158868,0.0012723256158868,36270560.113399886,1,15,0.17
I3,I,1,,,,,0,15,0.17
P1,P,2,-0.0014938553095941,0.0,-0.0014938553095941,20000000.0,1,15,0.17
P2,P,2,-0.0017219530915438,0.0,-0.0017219530915438,20000000.0,1,15,0.17
I1,I,2,,0.0025446512317736,0.0025446512317736,40139187.52933325,1,15,0.17
I2,I,2,,0.0012723256158868,0.0012723256158868,36529639.37272766,1,15,0.17
I3,I,2,,,,,0,15,0.17
P1,P,3,-0.0015137680521883,0.0,-0.0015137680521883,20000000.0,1,15,0.17
P2,P,3,-0.0017402084668315,0.0,-0.0017402084668315,20000000.0,1,15,0.17
I1,I,3,,0.0025446512317736,0.0025446512317736,40412392.48868612,1,15,0.17
I2,I,3,,0.0012723256158868,0.0012723256158868,36724475.89073299,1,15,0.17
I3,I,3,,,,,0,15,0.17
P1,P,4,-0.001542344972047,0.0,-0.001542344972047,20000000.0,1,15,0.17
P2,P,4,-0.0017702247289577,0.0,-0.0017702247289577,20000000.0,1,15,0.17
I1,I,4,,0.0025446512317736,0.0025446512317736,40605982.65977564,1,15,0.17
I2,I,4,,0.0012723256158868,0.0012723256158868,36871824.16494244,1,15,0.17
I3,I,4,,,,,0,15,0.17
P1,P,5,-0.0016596579620495,0.0,-0.0016596579620495,20000000.0,1,15,0.17
P2,P,5,-0.0017698855824358,-5.630900295006837e-05,-0.0018261945853858,20000000.0,1,15,0.17
I1,I,5,,0.0025446512317736,0.0025446512317736,41214262.0541687,1,15,0.17
I2,I,5,,0.0012723256158868,0.0012723256158868,37416355.25521222,1,15,0.17
I3,I,5,,,,,0,15,0.17
P1,P,6,-0.001737181548249,0.0,-0.001737181548249,20000000.0,1,15,0.17
P2,P,6,-0.0015361719105388,-0.0003981652431978,-0.0019343371537366,20000000.0,1,15,0.17
I1,I,6,,0.0025446512317736,0.0025446512317736,41350632.46403715,1,15,0.17
I2,I,6,,0.0012723256158868,0.0012723256158868,37501496.16057668,1,15,0.17
I3,I,6,,,,,0,15,0.17
P1,P,7,-0.001742336528992,-2.2816116799983677e-06,-0.001744618140672,20000000.0,1,15,0.17
P2,P,7,-0.0013092291734449,-0.000811945466088,-0.002121174639533,20000000.0,1,15,0.17
I1,I,7,,0.0025446512317736,0.0025446512317736,41087605.3803234,1,15,0.17
I2,I,7,,0.0012723256158868,0.0012723256158868,37195157.57248188,1,15,0.17
I3,I,7,,,,,0,15,0.17
P1,P,8,-0.0016234950952658,-8.581562347959356e-05,-0.0017093107187454,20000000.0,1,15,0.17
P2,P,8,-0.0011349303595149,-0.0011298085526952,-0.0022647389122101,20000000.0,1,15,0.17
I1,I,8,,0.0025446512317736,0.0025446512317736,40577733.29952254,1,15,0.17
I2,I,8,,0.0012723256158868,0.0012723256158868,36670371.43180932,1,15,0.17
I3,I,8,,,,,0,15,0.17
P1,P,9,-0.0014634044291892,-0.0002690951917189,-0.0017324996209081,20000000.0,1,15,0.17
P2,P,9,-0.0009901878875612,-0.0013500563472873,-0.0023402442348485,20000000.0,1,15,0.17
I1,I,9,,0.0025446512317736,0.0025446512317736,39862713.26967555,1,15,0.17
I2,I,9,,0.0012723256158868,0.0012723256158868,35971591.146797895,1,15,0.17
I3,I,9,,,,,0,15,0.17
P1,P,10,-0.0013116511766315,-0.000442872415513,-0.0017545235921446,20000000.0,1,15,0.17
P2,P,10,-0.0008657185509143,-0.0014945743302551,-0.0023602928811695,20000000.0,1,15,0.17
I1,I,10,,0.0025446512317736,0.0025446512317736,39042852.23357176,1,15,0.17
I2,I,10,,0.0012723256158868,0.0012723256158868,35185306.16742262,1,15,0.17
I3,I,10,,,,,0,15,0.17
P1,P,11,-0.0011742873492253,-0.000575179536471,-0.0017494668856964,20000000.0,1,15,0.17
P2,P,11,-0.0007611577484432,-0.0015883494877007,-0.0023495072361439,20000000.0,1,15,0.17
I1,I,11,,0.0025446512317736,0.0025446512317736,38233423.32987718,1,15,0.17
I2,I,11,,0.0012723256158868,0.0012723256158868,34414806.13042056,1,15,0.17
I3,I,11,,,,,0,15,0.17
P1,P,12,-0.0010498383377986,-0.0006706014216877,-0.0017204397594864,20000000.0,1,15,0.17
P2,P,12,-0.0006762030678053,-0.0016536873312441,-0.0023298903990494,20000000.0,1,15,0.17
I1,I,12,,0.0025446512317736,0.0025446512317736,37512114.80973449,1,15,0.17
I2,I,12,,0.0012723256158868,0.0012723256158868,33731016.37468537,1,15,0.17
I3,I,12,,,,,0,15,0.17
P1,P,13,-0.000946859518596,-0.0007454183075202,-0.0016922778261163,20000000.0,1,15,0.17
P2,P,13,-0.0006076216087106,-0.0017030033762577,-0.0023106249849683,20000000.0,1,15,0.17
I1,I,13,,0.0025446512317736,0.0025446512317736,36888839.877645575,1,15,0.17
I2,I,13,,0.0012723256158868,0.0012723256158868,33143021.72493861,1,15,0.17
I3,I,13,,,,,0,15,0.17
P1,P,14,-0.0008643597503406,-0.0008078198182007,-0.0016721795685413,20000000.0,1,15,0.17
P2,P,14,-0.000551466880284,-0.0017419065713185,-0.0022933734516025,20000000.0,1,15,0.17
I1,I,14,,0.0025446512317736,0.0025446512317736,36347662.698976144,1,15,0.17
I2,I,14,,0.0012723256158868,0.0012723256158868,32635325.17928044,1,15,0.17
I3,I,14,,,,,0,15,0.17
P1,P,15,-0.0007956267367185,-0.0008625248363545,-0.0016581515730731,20000000.0,1,15,0.17
P2,P,15,-0.0005047695068302,-0.0017732155773932,-0.0022779850842234,20000000.0,1,15,0.17
I1,I,15,,0.0025446512317736,0.0025446512317736,35873554.56871348,1,15,0.17
I2,I,15,,0.0012723256158868,0.0012723256158868,32192999.266509145,1,15,0.17
I3,I,15,,,,,0,15,0.17
P1,P,16,-0.0007910699648708,-0.0010112769113817,-0.0018023468762526,20000000.0,1,15,0.17
P2,P,16,-0.0004973669373082,-0.001996108688684,-0.0024934756259922,20000000.0,1,15,0.17
I1,I,16,,0.0025446512317736,0.0025446512317736,36487474.85137933,1,15,0.17
I2,I,16,,0.0012723256158868,0.0012723256158868,32773410.127145942,1,15,0.17
I3,I,16,,0.0006361628079434,0.0006361628079434,32354230.823929835,1,15,0.17
P1,P,17,-0.0007547797083446,-0.0011149597221212,-0.0018697394304658,20000000.0,1,15,0.17
P2,P,17,-0.0004739700979464,-0.0021024828638159,-0.0025764529617624,20000000.0,1,15,0.17
I1,I,17,,0.0025446512317736,0.0025446512317736,36386563.88383135,1,15,0.17
I2,I,17,,0.0012723256158868,0.0012723256158868,32678264.25771985,1,15,0.17
I3,I,17,,0.0006361628079434,0.0006361628079434,32179838.91484772,1,15,0.17
P1,P,18,-0.0007054814115698,-0.0011902637368162,-0.0018957451483861,20000000.0,1,15,0.17
P2,P,18,-0.0004455945499306,-0.0021565825705851,-0.0026021771205157,20000000.0,1,15,0.17
I1,I,18,,0.0025446512317736,0.0025446512317736,36117550.57437415,1,15,0.17
I2,I,18,,0.0012723256158868,0.0012723256158868,32430566.558245078,1,15,0.17
I3,I,18,,0.0006361628079434,0.0006361628079434,31897758.04804837,1,15,0.17
P1,P,19,-0.0006552287808579,-0.0012515556037116,-0.0019067843845695,20000000.0,1,15,0.17
P2,P,19,-0.000417359475077,-0.0021867594491856,-0.0026041189242627,20000000.0,1,15,0.17
I1,I,19,,0.0025446512317736,0.0025446512317736,35804830.57042589,1,15,0.17
I2,I,19,,0.0012723256158868,0.0012723256158868,32142887.51891008,1,15,0.17
I3,I,19,,0.0006361628079434,0.0006361628079434,31585964.89139585,1,15,0.17
P1,P,20,-0.0006084828885468,-0.0013048219758362,-0.0019133048643831,20000000.0,1,15,0.17
P2,P,20,-0.0003911189290294,-0.0022051752911665,-0.002596294220196,20000000.0,1,15,0.17
I1,I,20,,0.0025446512317736,0.0025446512317736,35492005.34912076,1,15,0.17
I2,I,20,,0.0012723256158868,0.0012723256158868,31855680.495188944,1,15,0.17
I3,I,20,,0.0006361628079434,0.0006361628079434,31279842.840337083,1,15,0.17
P1,P,21,-0.0005664495605696,-0.0013525423784046,-0.0019189919389742,20000000.0,1,15,0.17
P2,P,21,-0.0003673659859625,-0.0022172392216587,-0.0025846052076213,20000000.0,1,15,0.17
I1,I,21,,0.0025446512317736,0.0025446512317736,35194679.21707768,1,15,0.17
I2,I,21,,0.0012723256158868,0.0012723256158868,31583392.349469986,1,15,0.17
I3,I,21,,0.0006361628079434,0.0006361628079434,30991809.656023856,1,15,0.17
P1,P,22,-0.0005292371669562,-0.0013958313911649,-0.0019250685581211,20000000.0,1,15,0.17
P2,P,22,-0.0003460512079339,-0.0022254277860429,-0.0025714789939768,20000000.0,1,15,0.17
I1,I,22,,0.0025446512317736,0.0025446512317736,34917521.53577375,1,15,0.17
I2,I,22,,0.0012723256158868,0.0012723256158868,31330261.92877108,1,15,0.17
I3,I,22,,0.0006361628079434,0.0006361628079434,30725096.532080464,1,15,0.17
P1,P,23,-0.0004964319934297,-0.0014351862782354,-0.0019316182716651,20000000.0,1,15,0.17
P2,P,23,-0.0003269248002011,-0.0022311737882244,-0.0025580985884256,20000000.0,1,15,0.17
I1,I,23,,0.0025446512317736,0.0025446512317736,34661076.53065276,1,15,0.17
I2,I,23,,0.0012723256158868,0.0012723256158868,31096644.345403854,1,15,0.17
I3,I,23,,0.0006361628079434,0.0006361628079434,30479516.91486864,1,15,0.17
P1,P,24,-0.0004674123724187,-0.001471036543783,-0.0019384489162017,20000000.0,1,15,0.17
P2,P,24,-0.0003096966647637,-0.002235358256987,-0.0025450549217508,20000000.0,1,15,0.17
I1,I,24,,0.0025446512317736,0.0025446512317736,34424369.31574674,1,15,0.17
I2,I,24,,0.0012723256158868,0.0012723256158868,30881503.68261025,1,15,0.17
I3,I,24,,0.0006361628079434,0.0006361628079434,30253704.67544044,1,15,0.17
P1,P,25,-0.0004415746562068,-0.0015037830714994,-0.0019453577277063,20000000.0,1,15,0.17
P2,P,25,-0.0002941031984174,-0.0022385258961135,-0.0025326290945309,20000000.0,1,15,0.17
I1,I,25,,0.0025446512317736,0.0025446512317736,34205947.71069503,1,15,0.17
I2,I,25,,0.0012723256158868,0.0012723256158868,30683397.90619437,1,15,0.17
I3,I,25,,0.0006361628079434,0.0006361628079434,30045993.75169428,1,15,0.17
P1,P,26,-0.0004184214984234,-0.0015337437870705,-0.0019521652854939,20000000.0,1,15,0.17
P2,P,26,-0.0002799406725268,-0.0022410082215596,-0.0025209488940865,20000000.0,1,15,0.17
I1,I,26,,0.0025446512317736,0.0025446512317736,34004345.39179178,1,15,0.17
I2,I,26,,0.0012723256158868,0.0012723256158868,30500906.88288717,1,15,0.17
I3,I,26,,0.0006361628079434,0.0006361628079434,29854800.164787605,1,15,0.17
P1,P,27,-0.000397534905803,-0.0015612533123707,-0.0019587882181738,20000000.0,1,15,0.17
P2,P,27,-0.0002670543204914,-0.002242979778291,-0.0025100340987824,20000000.0,1,15,0.17
I1,I,27,,0.0025446512317736,0.0025446512317736,33818166.688862234,1,15,0.17
I2,I,27,,0.0012723256158868,0.0012723256158868,30332712.40221043,1,15,0.17
I3,I,27,,0.0006361628079434,0.0006361628079434,29678672.645001143,1,15,0.17
P1,P,28,-0.0003785650138913,-0.001586636620105,-0.0019652016339963,20000000.0,1,15,0.17
P2,P,28,-0.000255307015044,-0.0022445645043552,-0.0024998715193992,20000000.0,1,15,0.17
I1,I,28,,0.0025446512317736,0.0025446512317736,33646032.37154692,1,15,0.17
I2,I,28,,0.0012723256158868,0.0012723256158868,30177522.44902038,1,15,0.17
I3,I,28,,0.0006361628079434,0.0006361628079434,29516210.18145197,1,15,0.17
P1,P,29,-0.0003612173587585,-0.0016100680786627,-0.0019712854374212,20000000.0,1,15,0.17
P2,P,29,-0.0002445687429515,-0.0022459295133133,-0.0024904982562649,20000000.0,1,15,0.17
I1,I,29,,0.0025446512317736,0.0025446512317736,33486758.224555034,1,15,0.17
I2,I,29,,0.0012723256158868,0.0012723256158868,30034212.3527976,1,15,0.17
I3,I,29,,0.0006361628079434,0.0006361628079434,29366214.88879686,1,15,0.17
P1,P,0,-0.0015411264098172,0.0,-0.0015411264098172,20000000.0,1,12,0.17
P2,P,0,-0.0019878776356912,0.0,-0.0019878776356912,20000000.0,1,12,0.17
I1,I,0,,0.0025451453599834,0.0025451453599834,39497726.35977841,1,12,0.17
I2,I,0,,0.0012725726799917,0.0012725726799917,36284453.885201216,1,12,0.17
I3,I,0,,,,,0,12,0.17
P1,P,1,-0.0014329243050227,0.0,-0.0014329243050227,20000000.0,1,12,0.17
P2,P,1,-0.0018247077121313,0.0,-0.0018247077121313,20000000.0,1,12,0.17
I1,I,1,,0.0025451453599834,0.0025451453599834,39671284.07492951,1,12,0.17
I2,I,1,,0.0012725726799917,0.0012725726799917,36313562.86133855,1,12,0.17
I3,I,1,,,,,0,12,0.17
P1,P,2,-0.0014267502607309,0.0,-0.0014267502607309,20000000.0,1,12,0.17
P2,P,2,-0.0018026837635774,0.0,-0.0018026837635774,20000000.0,1,12,0.17
I1,I,2,,0.0025451453599834,0.0025451453599834,40036288.86721857,1,12,0.17
I2,I,2,,0.0012725726799917,0.0012725726799917,36544267.6065971,1,12,0.17
I3,I,2,,,,,0,12,0.17
P1,P,3,-0.0014463302504859,0.0,-0.0014463302504859,20000000.0,1,12,0.17
P2,P,3,-0.0018192666452884,0.0,-0.0018192666452884,20000000.0,1,12,0.17
I1,I,3,,0.0025451453599834,0.0025451453599834,40294928.487193935,1,12,0.17
I2,I,3,,0.0012725726799917,0.0012725726799917,36723484.147055045,1,12,0.17
I3,I,3,,,,,0,12,0.17
P1,P,4,-0.0014732967134077,0.0,-0.0014732967134077,20000000.0,1,12,0.17
P2,P,4,-0.0018492433041064,0.0,-0.0018492433041064,20000000.0,1,12,0.17
I1,I,4,,0.0025451453599834,0.0025451453599834,40478146.98478017,1,12,0.17
I2,I,4,,0.0012725726799917,0.0012725726799917,36860622.19211835,1,12,0.17
I3,I,4,,,,,0,12,0.17
P1,P,5,-0.0015843862025976,0.0,-0.0015843862025976,20000000.0,1,12,0.17
P2,P,5,-0.0018339857496992,-6.588679074294924e-05,-0.0018998725404422,20000000.0,1,12,0.17
I1,I,5,,0.0025451453599834,0.0025451453599834,41058381.81007491,1,12,0.17
I2,I,5,,0.0012725726799917,0.0012725726799917,37382766.32131465,1,12,0.17
I3,I,5,,,,,0,12,0.17
P1,P,6,-0.0016550230899002,0.0,-0.0016550230899002,20000000.0,1,12,0.17
P2,P,6,-0.0015837219597098,-0.0004459555762066,-0.0020296775359165,20000000.0,1,12,0.17
I1,I,6,,0.0025451453599834,0.0025451453599834,41154784.7773322,1,12,0.17
I2,I,6,,0.0012725726799917,0.0012725726799917,37424612.78867137,1,12,0.17
I3,I,6,,,,,0,12,0.17
P1,P,7,-0.0016581049344172,-1.251463328220592e-06,-0.0016593563977454,20000000.0,1,12,0.17
P2,P,7,-0.0013392793173167,-0.0008944290304108,-0.0022337083477275,20000000.0,1,12,0.17
I1,I,7,,0.0025451453599834,0.0025451453599834,40835367.77636431,1,12,0.17
I2,I,7,,0.0012725726799917,0.0012725726799917,37054698.56069619,1,12,0.17
I3,I,7,,,,,0,12,0.17
P1,P,8,-0.0015453377733913,-6.925016263348688e-05,-0.0016145879360248,20000000.0,1,12,0.17
P2,P,8,-0.0011505621297562,-0.0012356016773378,-0.0023861638070941,20000000.0,1,12,0.17
I1,I,8,,0.0025451453599834,0.0025451453599834,40274710.92572133,1,12,0.17
I2,I,8,,0.0012725726799917,0.0012725726799917,36471728.03137294,1,12,0.17
I3,I,8,,,,,0,12,0.17
P1,P,9,-0.0013981734654624,-0.0002243262434787,-0.0016224997089411,20000000.0,1,12,0.17
P2,P,9,-0.0009985975811046,-0.0014654335090983,-0.002464031090203,20000000.0,1,12,0.17
I1,I,9,,0.0025451453599834,0.0025451453599834,39533958.7344468,1,12,0.17
I2,I,9,,0.0012725726799917,0.0012725726799917,35743191.38732701,1,12,0.17
I3,I,9,,,,,0,12,0.17
P1,P,10,-0.0012576847157517,-0.0003780892426761,-0.0016357739584278,20000000.0,1,12,0.17
P2,P,10,-0.0008726321673978,-0.0016092095515366,-0.0024818417189344,20000000.0,1,12,0.17
I1,I,10,,0.0025451453599834,0.0025451453599834,38710740.65774168,1,12,0.17
I2,I,10,,0.0012725726799917,0.0012725726799917,34954308.559426524,1,12,0.17
I3,I,10,,,,,0,12,0.17
P1,P,11,-0.0011276974124625,-0.0005012943812126,-0.0016289917936751,20000000.0,1,12,0.17
P2,P,11,-0.0007687682723433,-0.0016983252021634,-0.0024670934745067,20000000.0,1,12,0.17
I1,I,11,,0.0025451453599834,0.0025451453599834,37911229.3899863,1,12,0.17
I2,I,11,,0.0012725726799917,0.0012725726799917,34197046.35436535,1,12,0.17
I3,I,11,,,,,0,12,0.17
P1,P,12,-0.0010106502331777,-0.0005976466543186,-0.0016082968874964,20000000.0,1,12,0.17
P2,P,12,-0.000684467348439,-0.0017571720212961,-0.0024416393697352,20000000.0,1,12,0.17
I1,I,12,,0.0025451453599834,0.0025451453599834,37197255.16450248,1,12,0.17
I2,I,12,,0.0012725726799917,0.0012725726799917,33525117.89778921,1,12,0.17
I3,I,12,,,,,0,12,0.17
P1,P,13,-0.0009705698949221,-0.000742084886923,-0.0017126547818451,20000000.0,1,12,0.17
P2,P,13,-0.0006527627729073,-0.001990569865847,-0.0026433326387543,20000000.0,1,12,0.17
I1,I,13,,0.0025451453599834,0.0025451453599834,37631154.76946916,1,12,0.17
I2,I,13,,0.0012725726799917,0.0012725726799917,33939261.00720643,1,12,0.17
I3,I,13,,0.0006362863399958,0.0006362863399958,33461750.454898786,1,12,0.17
P1,P,14,-0.0009128590752702,-0.0008491798733034,-0.0017620389485737,20000000.0,1,12,0.17
P2,P,14,-0.0006102738799008,-0.0021194974746391,-0.0027297713545399,20000000.0,1,12,0.17
I1,I,14,,0.0025451453599834,0.0025451453599834,37416777.8493851,1,12,0.17
I2,I,14,,0.0012725726799917,0.0012725726799917,33732387.44557792,1,12,0.17
I3,I,14,,0.0006362863399958,0.0006362863399958,33172887.215068508,1,12,0.17
P1,P,15,-0.000848913490657,-0.0009270760970835,-0.0017759895877406,20000000.0,1,12,0.17
P2,P,15,-0.0005663973522812,-0.0021950698878229,-0.0027614672401042,20000000.0,1,12,0.17
I1,I,15,,0.0025451453599834,0.0025451453599834,37059833.23889706,1,12,0.17
I2,I,15,,0.0012725726799917,0.0012725726799917,33399087.26430768,1,12,0.17
I3,I,15,,0.0006362863399958,0.0006362863399958,32804409.889168832,1,12,0.17
P1,P,16,-0.0007865536497162,-0.0009898000519127,-0.0017763537016289,20000000.0,1,12,0.17
P2,P,16,-0.0005255102438044,-0.0022431417780786,-0.0027686520218831,20000000.0,1,12,0.17
I1,I,16,,0.0025451453599834,0.0025451453599834,36673714.98382357,1,12,0.17
I2,I,16,,0.0012725726799917,0.0012725726799917,33041005.349917103,1,12,0.17
I3,I,16,,0.0006362863399958,0.0006362863399958,32421745.185805213,1,12,0.17
P1,P,17,-0.0007281926425642,-0.0010460828988889,-0.0017742755414531,20000000.0,1,12,0.17
P2,P,17,-0.0004888774135768,-0.0022757926007279,-0.0027646700143048,20000000.0,1,12,0.17
I1,I,17,,0.0025451453599834,0.0025451453599834,36296863.18066513,1,12,0.17
I2,I,17,,0.0012725726799917,0.0012725726799917,32693338.87150593,1,12,0.17
I3,I,17,,0.0006362863399958,0.0006362863399958,32054488.68152261,1,12,0.17
P1,P,18,-0.0006745714894431,-0.0010993627946032,-0.0017739342840463,20000000.0,1,12,0.17
P2,P,18,-0.000456400546993,-0.0022988987378356,-0.0027552992848286,20000000.0,1,12,0.17
I1,I,18,,0.0025451453599834,0.0025451453599834,35941280.37924442,1,12,0.17
I2,I,18,,0.0012725726799917,0.0012725726799917,32366907.681303624,1,12,0.17
I3,I,18,,0.0006362863399958,0.0006362863399958,31711274.469744217,1,12,0.17
P1,P,19,-0.0006258775588284,-0.0011500886288796,-0.0017759661877081,20000000.0,1,12,0.17
P2,P,19,-0.0004276195639964,-0.0023155316177434,-0.0027431511817399,20000000.0,1,12,0.17
I1,I,19,,0.0025451453599834,0.0025451453599834,35610059.864296496,1,12,0.17
I2,I,19,,0.0012725726799917,0.0012725726799917,32064231.585037585,1,12,0.17
I3,I,19,,0.0006362863399958,0.0006362863399958,31393656.049767926,1,12,0.17
P1,P,20,-0.0005821422711302,-0.0011979460635592,-0.0017800883346895,20000000.0,1,12,0.17
P2,P,20,-0.0004020653851601,-0.0023274806205957,-0.0027295460057559,20000000.0,1,12,0.17
I1,I,20,,0.0025451453599834,0.0025451453599834,35303275.33541083,1,12,0.17
I2,I,20,,0.0012725726799917,0.0012725726799917,31785057.358635657,1,12,0.17
I3,I,20,,0.0006362863399958,0.0006362863399958,31100906.129670653,1,12,0.17
P1,P,21,-0.0005433082867608,-0.0012426685381683,-0.0017859768249292,20000000.0,1,12,0.17
P2,P,21,-0.0003792672861141,-0.0023359577677723,-0.0027152250538864,20000000.0,1,12,0.17
I1,I,21,,0.0025451453599834,0.0025451453599834,35019518.75879293,1,12,0.17
I2,I,21,,0.0012725726799917,0.0012725726799917,31527810.84061816,1,12,0.17
I3,I,21,,0.0006362863399958,0.0006362863399958,30831178.49017424,1,12,0.17
P1,P,22,-0.0005089848557402,-0.0012840537150853,-0.0017930385708255,20000000.0,1,12,0.17
P2,P,22,-0.0003587902786445,-0.0023419128379882,-0.0027007031166328,20000000.0,1,12,0.17
I1,I,22,,0.0025451453599834,0.0025451453599834,34757205.67348961,1,12,0.17
I2,I,22,,0.0012725726799917,0.0012725726799917,31290802.08393491,1,12,0.17
I3,I,22,,0.0006362863399958,0.0006362863399958,30582629.068892103,1,12,0.17
P1,P,23,-0.0004786166018659,-0.0013220621212865,-0.0018006787231525,20000000.0,1,12,0.17
P2,P,23,-0.0003402589128233,-0.002346264773252,-0.0026865236860754,20000000.0,1,12,0.17
I1,I,23,,0.0025451453599834,0.0025451453599834,34514597.92658013,1,12,0.17
I2,I,23,,0.0012725726799917,0.0012725726799917,31072181.516424075,1,12,0.17
I3,I,23,,0.0006362863399958,0.0006362863399958,30353343.62235034,1,12,0.17
P1,P,24,-0.0004515815609762,-0.0013569355503005,-0.0018085171112767,20000000.0,1,12,0.17
P2,P,24,-0.0003233762084713,-0.002349577588292,-0.0026729537967633,20000000.0,1,12,0.17
I1,I,24,,0.0025451453599834,0.0025451453599834,34290048.53276523,1,12,0.17
I2,I,24,,0.0012725726799917,0.0012725726799917,30870271.447200425,1,12,0.17
I3,I,24,,0.0006362863399958,0.0006362863399958,30141581.7301499,1,12,0.17
P1,P,25,-0.0004273320511094,-0.0013888205196467,-0.0018161525707561,20000000.0,1,12,0.17
P2,P,25,-0.000307963013472,-0.0023522128071079,-0.00266017582058,20000000.0,1,12,0.17
I1,I,25,,0.0025451453599834,0.0025451453599834,34082433.73619179,1,12,0.17
I2,I,25,,0.0012725726799917,0.0012725726799917,30683947.085709527,1,12,0.17
I3,I,25,,0.0006362863399958,0.0006362863399958,29946170.13645573,1,12,0.17
P1,P,26,-0.0004054368875089,-0.0014180695376485,-0.0018235064251575,20000000.0,1,12,0.17
P2,P,26,-0.0002938848760369,-0.0023543718329208,-0.0026482567089578,20000000.0,1,12,0.17
I1,I,26,,0.0025451453599834,0.0025451453599834,33890552.2253695,1,12,0.17
I2,I,26,,0.0012725726799917,0.0012725726799917,30512063.121232256,1,12,0.17
I3,I,26,,0.0006362863399958,0.0006362863399958,29765898.294759203,1,12,0.17
P1,P,27,-0.0003855868105798,-0.0014450368776157,-0.0018306236881955,20000000.0,1,12,0.17
P2,P,27,-0.000280998762928,-0.0023561787864388,-0.0026371775493669,20000000.0,1,12,0.17
I1,I,27,,0.0025451453599834,0.0025451453599834,33712980.48013993,1,12,0.17
I2,I,27,,0.0012725726799917,0.0012725726799917,30353280.073820416,1,12,0.17
I3,I,27,,0.0006362863399958,0.0006362863399958,29599355.747602414,1,12,0.17
P1,P,28,-0.0003674849301255,-0.0014699549436661,-0.0018374398737917,20000000.0,1,12,0.17
P2,P,28,-0.0002691431529883,-0.0023578147675478,-0.0026269579205361,20000000.0,1,12,0.17
I1,I,28,,0.0025451453599834,0.0025451453599834,33548292.78100195,1,12,0.17
I2,I,28,,0.0012725726799917,0.0012725726799917,30206236.821457118,1,12,0.17
I3,I,28,,0.0006362863399958,0.0006362863399958,29445128.723214045,1,12,0.17
P1,P,29,-0.0003508765100449,-0.0014930276099342,-0.0018439041199792,20000000.0,1,12,0.17
P2,P,29,-0.0002581391485179,-0.0023594721432618,-0.0026176112917798,20000000.0,1,12,0.17
I1,I,29,,0.0025451453599834,0.0025451453599834,33395052.43381161,1,12,0.17
I2,I,29,,0.0012725726799917,0.0012725726799917,30069554.94742172,1,12,0.17
I3,I,29,,0.0006362863399958,0.0006362863399958,29301797.576256875,1,12,0.17
P1,P,0,-0.0015703287320023,0.0,-0.0015703287320023,20000000.0,1,23,0.17
P2,P,0,-0.0018403083859822,0.0,-0.0018403083859822,20000000.0,1,23,0.17
I1,I,0,,0.0025385687273972,0.0025385687273972,39875436.77473383,1,23,0.17
I2,I,0,,0.0012692843636986,0.0012692843636986,35881736.62918552,1,23,0.17
I3,I,0,,,,,0,23,0.17
P1,P,1,-0.0014572774470793,0.0,-0.0014572774470793,20000000.0,1,23,0.17
P2,P,1,-0.0016998164092232,0.0,-0.0016998164092232,20000000.0,1,23,0.17
I1,I,1,,0.0025385687273972,0.0025385687273972,40004535.26215788,1,23,0.17
I2,I,1,,0.0012692843636986,0.0012692843636986,36030280.26084308,1,23,0.17
I3,I,1,,,,,0,23,0.17
P1,P,2,-0.0014534334381044,0.0,-0.0014534334381044,20000000.0,1,23,0.17
P2,P,2,-0.0016868420121168,0.0,-0.0016868420121168,20000000.0,1,23,0.17
I1,I,2,,0.0025385687273972,0.0025385687273972,40377577.49969383,1,23,0.17
I2,I,2,,0.0012692843636986,0.0012692843636986,36314414.86766825,1,23,0.17
I3,I,2,,,,,0,23,0.17
P1,P,3,-0.0014769158071888,0.0,-0.0014769158071888,20000000.0,1,23,0.17
P2,P,3,-0.001707885937885,0.0,-0.001707885937885,20000000.0,1,23,0.17
I1,I,3,,0.0025385687273972,0.0025385687273972,40654642.68251745,1,23,0.17
I2,I,3,,0.0012692843636986,0.0012692843636986,36530258.4284026,1,23,0.17
I3,I,3,,,,,0,23,0.17
P1,P,4,-0.0015080399053207,0.0,-0.0015080399053207,20000000.0,1,23,0.17
P2,P,4,-0.0017403968765832,0.0,-0.0017403968765832,20000000.0,1,23,0.17
I1,I,4,,0.0025385687273972,0.0025385687273972,40859584.14884216,1,23,0.17
I2,I,4,,0.0012692843636986,0.0012692843636986,36697120.94365328,1,23,0.17
I3,I,4,,,,,0,23,0.17
P1,P,5,-0.001634375522659,0.0,-0.001634375522659,20000000.0,1,23,0.17
P2,P,5,-0.0017370070304964,-6.380913988788135e-05,-0.0018008161703843,20000000.0,1,23,0.17
I1,I,5,,0.0025385687273972,0.0025385687273972,41535298.85179479,1,23,0.17
I2,I,5,,0.0012692843636986,0.0012692843636986,37314108.16718997,1,23,0.17
I3,I,5,,,,,0,23,0.17
P1,P,6,-0.0017162407614339,0.0,-0.0017162407614339,20000000.0,1,23,0.17
P2,P,6,-0.0015100252803518,-0.0004246956859485,-0.0019347209663003,20000000.0,1,23,0.17
I1,I,6,,0.0025385687273972,0.0025385687273972,41702457.03936843,1,23,0.17
I2,I,6,,0.0012692843636986,0.0012692843636986,37427080.80005664,1,23,0.17
I3,I,6,,,,,0,23,0.17
P1,P,7,-0.0017289698130819,-1.104251479422944e-06,-0.0017300740645613,20000000.0,1,23,0.17
P2,P,7,-0.0012896895859342,-0.0008460717255387,-0.002135761311473,20000000.0,1,23,0.17
I1,I,7,,0.0025385687273972,0.0025385687273972,41438069.20876092,1,23,0.17
I2,I,7,,0.0012692843636986,0.0012692843636986,37116848.63146298,1,23,0.17
I3,I,7,,,,,0,23,0.17
P1,P,8,-0.0016188892877678,-7.608431182033497e-05,-0.0016949735995881,20000000.0,1,23,0.17
P2,P,8,-0.0011188341846604,-0.0011679399539296,-0.0022867741385901,20000000.0,1,23,0.17
I1,I,8,,0.0025385687273972,0.0025385687273972,40909532.6682375,1,23,0.17
I2,I,8,,0.0012692843636986,0.0012692843636986,36572272.00852682,1,23,0.17
I3,I,8,,,,,0,23,0.17
P1,P,9,-0.0014610187134163,-0.0002573052816805,-0.0017183239950969,20000000.0,1,23,0.17
P2,P,9,-0.0009762014694408,-0.0013879539312718,-0.0023641554007127,20000000.0,1,23,0.17
I1,I,9,,0.0025385687273972,0.0025385687273972,40165532.92086472,1,23,0.17
I2,I,9,,0.0012692843636986,0.0012692843636986,35845578.232927166,1,23,0.17
I3,I,9,,,,,0,23,0.17
P1,P,10,-0.0013083467763603,-0.0004266102457075,-0.0017349570220678,20000000.0,1,23,0.17
P2,P,10,-0.0008539392769571,-0.0015294082628314,-0.0023833475397885,20000000.0,1,23,0.17
I1,I,10,,0.0025385687273972,0.0025385687273972,39326368.36589792,1,23,0.17
I2,I,10,,0.0012692843636986,0.0012692843636986,35040243.818381466,1,23,0.17
I3,I,10,,,,,0,23,0.17
P1,P,11,-0.0011695364034725,-0.0005509701102533,-0.0017205065137258,20000000.0,1,23,0.17
P2,P,11,-0.0007519217611418,-0.0016209709827886,-0.0023728927439304,20000000.0,1,23,0.17
I1,I,11,,0.0025385687273972,0.0025385687273972,38517498.93710036,1,23,0.17
I2,I,11,,0.0012692843636986,0.0012692843636986,34268031.86606588,1,23,0.17
I3,I,11,,,,,0,23,0.17
P1,P,12,-0.0010437303065854,-0.0006467104786584,-0.0016904407852438,20000000.0,1,23,0.17
P2,P,12,-0.0006690273938546,-0.0016846561448692,-0.0023536835387239,20000000.0,1,23,0.17
I1,I,12,,0.0025385687273972,0.0025385687273972,37800474.166218765,1,23,0.17
I2,I,12,,0.0012692843636986,0.0012692843636986,33585696.447264984,1,23,0.17
I3,I,12,,,,,0,23,0.17
P1,P,13,-0.0009381113242885,-0.0007248801637295,-0.0016629914880181,20000000.0,1,23,0.17
P2,P,13,-0.0006019479474887,-0.0017323647069498,-0.0023343126544385,20000000.0,1,23,0.17
I1,I,13,,0.0025385687273972,0.0025385687273972,37180201.43694082,1,23,0.17
I2,I,13,,0.0012692843636986,0.0012692843636986,32997929.1999039,1,23,0.17
I3,I,13,,,,,0,23,0.17
P1,P,14,-0.0008531891924385,-0.0007905480962843,-0.0016437372887228,20000000.0,1,23,0.17
P2,P,14,-0.0005469663758111,-0.0017694017918179,-0.0023163681676291,20000000.0,1,23,0.17
I1,I,14,,0.0025385687273972,0.0025385687273972,36641145.5532693,1,23,0.17
I2,I,14,,0.0012692843636986,0.0012692843636986,32489767.74126853,1,23,0.17
I3,I,14,,,,,0,23,0.17
P1,P,15,-0.00078309739581,-0.0008471363118691,-0.0016302337076792,20000000.0,1,23,0.17
P2,P,15,-0.000501198237161,-0.0017988932088047,-0.0023000914459657,20000000.0,1,23,0.17
I1,I,15,,0.0025385687273972,0.0025385687273972,36169344.55458001,1,23,0.17
I2,I,15,,0.0012692843636986,0.0012692843636986,32047383.85610801,1,23,0.17
I3,I,15,,,,,0,23,0.17
P1,P,16,-0.0007227179005802,-0.0008986613627538,-0.0016213792633341,20000000.0,1,23,0.17
P2,P,16,-0.0004625108415318,-0.0018228911742901,-0.002285402015822,20000000.0,1,23,0.17
I1,I,16,,0.0025385687273972,0.0025385687273972,35752627.61769713,1,23,0.17
I2,I,16,,0.0012692843636986,0.0012692843636986,31658719.91116036,1,23,0.17
I3,I,16,,,,,0,23,0.17
P1,P,17,-0.0006692381951345,-0.0009476650286936,-0.0016169032238281,20000000.0,1,23,0.17
P2,P,17,-0.0004293007978589,-0.0018424342352036,-0.0022717350330625,20000000.0,1,23,0.17
I1,I,17,,0.0025385687273972,0.0025385687273972,35380048.82593531,1,23,0.17
I2,I,17,,0.0012692843636986,0.0012692843636986,31313041.32687556,1,23,0.17
I3,I,17,,,,,0,23,0.17
P1,P,18,-0.0006213379514194,-0.0009948859640693,-0.0016162239154887,20000000.0,1,23,0.17
P2,P,18,-0.0004003783341881,-0.0018581505462114,-0.0022585288803996,20000000.0,1,23,0.17
I1,I,18,,0.0025385687273972,0.0025385687273972,35042710.37300782,1,23,0.17
I2,I,18,,0.0012692843636986,0.0012692843636986,31001598.954402197,1,23,0.17
I3,I,18,,,,,0,23,0.17
P1,P,19,-0.0005784423306198,-0.0010402019593494,-0.0016186442899693,20000000.0,1,23,0.17
P2,P,19,-0.0003749137927781,-0.0018704060390749,-0.002245319831853,20000000.0,1,23,0.17
I1,I,19,,0.0025385687273972,0.0025385687273972,34734046.10798087,1,23,0.17
I2,I,19,,0.0012692843636986,0.0012692843636986,30717899.54540981,1,23,0.17
I3,I,19,,,,,0,23,0.17
P1,P,20,-0.0005402065067713,-0.0010829017990035,-0.0016231083057749,20000000.0,1,23,0.17
P2,P,20,-0.0003523422654354,-0.0018796437360343,-0.0022319860014698,20000000.0,1,23,0.17
I1,I,20,,0.0025385687273972,0.0025385687273972,34450097.3963566,1,23,0.17
I2,I,20,,0.0012692843636986,0.0012692843636986,30457937.574287545,1,23,0.17
I3,I,20,,,,,0,23,0.17
P1,P,21,-0.0005063845780088,-0.0011225421135077,-0.0016289266915166,20000000.0,1,23,0.17
P2,P,21,-0.0003322073232253,-0.0018863983926701,-0.0022186057158954,20000000.0,1,23,0.17
I1,I,21,,0.0025385687273972,0.0025385687273972,34188247.68488372,1,23,0.17
I2,I,21,,0.0012692843636986,0.0012692843636986,30219030.57751257,1,23,0.17
I3,I,21,,,,,0,23,0.17
P1,P,22,-0.0004766010377098,-0.0011588380166263,-0.0016354390543361,20000000.0,1,23,0.17
P2,P,22,-0.0003141175207407,-0.0018913276884044,-0.0022054452091452,20000000.0,1,23,0.17
I1,I,22,,0.0025385687273972,0.0025385687273972,33946703.747963175,1,23,0.17
I2,I,22,,0.0012692843636986,0.0012692843636986,29999312.059098,1,23,0.17
I3,I,22,,,,,0,23,0.17
P1,P,23,-0.0004503627898667,-0.0011916897305698,-0.0016420525204365,20000000.0,1,23,0.17
P2,P,23,-0.0002977787981183,-0.0018951049329324,-0.0021928837310508,20000000.0,1,23,0.17
I1,I,23,,0.0025385687273972,0.0025385687273972,33724101.781488776,1,23,0.17
I2,I,23,,0.0012692843636986,0.0012692843636986,29797335.117202424,1,23,0.17
I3,I,23,,,,,0,23,0.17
P1,P,24,-0.0004671275045486,-0.0013624316076533,-0.0018295591122019,20000000.0,1,23,0.17
P2,P,24,-0.0003081301319736,-0.0021277752414691,-0.0024359053734428,20000000.0,1,23,0.17
I1,I,24,,0.0025385687273972,0.0025385687273972,34483217.878115386,1,23,0.17
I2,I,24,,0.0012692843636986,0.0012692843636986,30513707.43359037,1,23,0.17
I3,I,24,,0.0006346421818493,0.0006346421818493,30492151.821815968,1,23,0.17
P1,P,25,-0.0004558017137068,-0.0014445552282371,-0.001900356941944,20000000.0,1,23,0.17
P2,P,25,-0.0003007394947787,-0.0022051836023759,-0.0025059230971547,20000000.0,1,23,0.17
I1,I,25,,0.0025385687273972,0.0025385687273972,34495875.3313895,1,23,0.17
I2,I,25,,0.0012692843636986,0.0012692843636986,30528575.808107663,1,23,0.17
I3,I,25,,0.0006346421818493,0.0006346421818493,30431721.996850763,1,23,0.17
P1,P,26,-0.0004358683943428,-0.0014896412340051,-0.0019255096283479,20000000.0,1,23,0.17
P2,P,26,-0.0002882333577177,-0.0022325502197396,-0.0025207835774573,20000000.0,1,23,0.17
I1,I,26,,0.0025385687273972,0.0025385687273972,34358843.99733694,1,23,0.17
I2,I,26,,0.0012692843636986,0.0012692843636986,30405667.00931952,1,23,0.17
I3,I,26,,0.0006346421818493,0.0006346421818493,30277415.286589123,1,23,0.17
P1,P,27,-0.0004150214067715,-0.0015210558120527,-0.0019360772188243,20000000.0,1,23,0.17
P2,P,27,-0.0002750897796141,-0.0022439985876693,-0.0025190883672835,20000000.0,1,23,0.17
I1,I,27,,0.0025385687273972,0.0025385687273972,34189569.86094194,1,23,0.17
I2,I,27,,0.0012692843636986,0.0012692843636986,30252415.911327407,1,23,0.17
I3,I,27,,0.0006346421818493,0.0006346421818493,30103208.34586076,1,23,0.17
P1,P,28,-0.0003953913007656,-0.0015467794635391,-0.0019421707643047,20000000.0,1,23,0.17
P2,P,28,-0.0002626136266872,-0.0022503052016323,-0.0025129188283195,20000000.0,1,23,0.17
I1,I,28,,0.0025385687273972,0.0025385687273972,34020561.1447785,1,23,0.17
I2,I,28,,0.0012692843636986,0.0012692843636986,30099227.161767304,1,23,0.17
I3,I,28,,0.0006346421818493,0.0006346421818493,29934592.41251157,1,23,0.17
P1,P,29,-0.000377373272887,-0.0015694872461758,-0.0019468605190629,20000000.0,1,23,0.17
P2,P,29,-0.0002510672656409,-0.0022548747701655,-0.0025059420358065,20000000.0,1,23,0.17
I1,I,29,,0.0025385687273972,0.0025385687273972,33860281.04080623,1,23,0.17
I2,I,29,,0.0012692843636986,0.0012692843636986,29954048.62861709,1,23,0.17
I3,I,29,,0.0006346421818493,0.0006346421818493,29777292.120841224,1,23,0.17
P1,P,0,-0.0016903609551981,0.0,-0.0016903609551981,20000000.0,1,8,0.17
P2,P,0,-0.0018247542553976,0.0,-0.0018247542553976,20000000.0,1,8,0.17
I1,I,0,,0.0025424503448417,0.0025424503448417,40506494.82226045,1,8,0.17
I2,I,0,,0.0012712251724208,0.0012712251724208,36112436.37996888,1,8,0.17
I3,I,0,,,,,0,8,0.17
P1,P,1,-0.0015615049139015,0.0,-0.0015615049139015,20000000.0,1,8,0.17
P2,P,1,-0.0016865853724977,0.0,-0.0016865853724977,20000000.0,1,8,0.17
I1,I,1,,0.0025424503448417,0.0025424503448417,40540680.679842,1,8,0.17
I2,I,1,,0.0012712251724208,0.0012712251724208,36231047.73812672,1,8,0.17
I3,I,1,,,,,0,8,0.17
P1,P,2,-0.0015512839867171,0.0,-0.0015512839867171,20000000.0,1,8,0.17
P2,P,2,-0.0016706651218131,0.0,-0.0016706651218131,20000000.0,1,8,0.17
I1,I,2,,0.0025424503448417,0.0025424503448417,40873912.96755385,1,8,0.17
I2,I,2,,0.0012712251724208,0.0012712251724208,36487373.586529225,1,8,0.17
I3,I,2,,,,,0,8,0.17
P1,P,3,-0.0015716454954543,0.0,-0.0015716454954543,20000000.0,1,8,0.17
P2,P,3,-0.0016878357694554,0.0,-0.0016878357694554,20000000.0,1,8,0.17
I1,I,3,,0.0025424503448417,0.0025424503448417,41119071.096752375,1,8,0.17
I2,I,3,,0.0012712251724208,0.0012712251724208,36676633.695696265,1,8,0.17
I3,I,3,,,,,0,8,0.17
P1,P,4,-0.0016009388742765,0.0,-0.0016009388742765,20000000.0,1,8,0.17
P2,P,4,-0.0017164123002962,0.0,-0.0017164123002962,20000000.0,1,8,0.17
I1,I,4,,0.0025424503448417,0.0025424503448417,41295465.82023194,1,8,0.17
I2,I,4,,0.0012712251724208,0.0012712251724208,36818624.184425086,1,8,0.17
I3,I,4,,,,,0,8,0.17
P1,P,5,-0.0017207503092046,0.0,-0.0017207503092046,20000000.0,1,8,0.17
P2,P,5,-0.0017129040111383,-5.462988478945182e-05,-0.0017675338959277,20000000.0,1,8,0.17
I1,I,5,,0.0025424503448417,0.0025424503448417,41867718.92300988,1,8,0.17
I2,I,5,,0.0012712251724208,0.0012712251724208,37339750.38034907,1,8,0.17
I3,I,5,,,,,0,8,0.17
P1,P,6,-0.0017982737013711,0.0,-0.0017982737013711,20000000.0,1,8,0.17
P2,P,6,-0.0015028842245933,-0.0003787472945908,-0.0018816315191841,20000000.0,1,8,0.17
I1,I,6,,0.0025424503448417,0.0025424503448417,41966527.74519129,1,8,0.17
I2,I,6,,0.0012712251724208,0.0012712251724208,37397666.940271735,1,8,0.17
I3,I,6,,,,,0,8,0.17
P1,P,7,-0.0018038854210081,-2.8244809720822827e-06,-0.0018067099019802,20000000.0,1,8,0.17
P2,P,7,-0.0012944896744004,-0.0007661793461492,-0.0020606690205496,20000000.0,1,8,0.17
I1,I,7,,0.0025424503448417,0.0025424503448417,41683223.39819708,1,8,0.17
I2,I,7,,0.0012712251724208,0.0012712251724208,37082292.34758185,1,8,0.17
I3,I,7,,,,,0,8,0.17
P1,P,8,-0.0016842008002613,-9.998339317647736e-05,-0.0017841841934377,20000000.0,1,8,0.17
P2,P,8,-0.0011267109696618,-0.0010692588309142,-0.0021959698005761,20000000.0,1,8,0.17
I1,I,8,,0.0025424503448417,0.0025424503448417,41148975.85981763,1,8,0.17
I2,I,8,,0.0012712251724208,0.0012712251724208,36542415.71569325,1,8,0.17
I3,I,8,,,,,0,8,0.17
P1,P,9,-0.0016013719586245,-0.0003382566777392,-0.0019396286363637,20000000.0,1,8,0.17
P2,P,9,-0.0010244237029339,-0.0014220251607967,-0.0024464488637306,20000000.0,1,8,0.17
I1,I,9,,0.0025424503448417,0.0025424503448417,41519227.93980822,1,8,0.17
I2,I,9,,0.0012712251724208,0.0012712251724208,36878973.8961555,1,8,0.17
I3,I,9,,0.0006356125862104,0.0006356125862104,36635738.87680231,1,8,0.17
P1,P,10,-0.0014700589107275,-0.0005602919793147,-0.0020303508900422,20000000.0,1,8,0.17
P2,P,10,-0.0009132360188332,-0.001664979497193,-0.0025782155160262,20000000.0,1,8,0.17
I1,I,10,,0.0025424503448417,0.0025424503448417,41065804.66252055,1,8,0.17
I2,I,10,,0.0012712251724208,0.0012712251724208,36427956.48463883,1,8,0.17
I3,I,10,,0.0006356125862104,0.0006356125862104,36094674.84651792,1,8,0.17
P1,P,11,-0.0013086201546537,-0.0007364566649801,-0.0020450768196339,20000000.0,1,8,0.17
P2,P,11,-0.0008097058799972,-0.0018233301446665,-0.0026330360246637,20000000.0,1,8,0.17
I1,I,11,,0.0025424503448417,0.0025424503448417,40404059.81007294,1,8,0.17
I2,I,11,,0.0012712251724208,0.0012712251724208,35787161.54591182,1,8,0.17
I3,I,11,,0.0006356125862104,0.0006356125862104,35419851.01487076,1,8,0.17
P1,P,12,-0.0011633365121598,-0.0008713762857721,-0.0020347127979319,20000000.0,1,8,0.17
P2,P,12,-0.0007201772352904,-0.0019268321968248,-0.0026470094321152,20000000.0,1,8,0.17
I1,I,12,,0.0025424503448417,0.0025424503448417,39707182.23543618,1,8,0.17
I2,I,12,,0.0012712251724208,0.0012712251724208,35117646.22568027,1,8,0.17
I3,I,12,,0.0006356125862104,0.0006356125862104,34727820.21482703,1,8,0.17
P1,P,13,-0.0010455849747947,-0.0009715364616492,-0.0020171214364439,20000000.0,1,8,0.17
P2,P,13,-0.0006448935734956,-0.0019962362130891,-0.0026411297865847,20000000.0,1,8,0.17
I1,I,13,,0.0025424503448417,0.0025424503448417,39044941.15276887,1,8,0.17
I2,I,13,,0.0012712251724208,0.0012712251724208,34485162.909278266,1,8,0.17
I3,I,13,,0.0006356125862104,0.0006356125862104,34077360.38996191,1,8,0.17
P1,P,14,-0.0009488950818539,-0.0010501464126012,-0.0019990414944552,20000000.0,1,8,0.17
P2,P,14,-0.0005821452599983,-0.0020451423058181,-0.0026272875658165,20000000.0,1,8,0.17
I1,I,14,,0.0025424503448417,0.0025424503448417,38444211.19388586,1,8,0.17
I2,I,14,,0.0012712251724208,0.0012712251724208,33914398.014936164,1,8,0.17
I3,I,14,,0.0006356125862104,0.0006356125862104,33491195.379787628,1,8,0.17
P1,P,15,-0.0008662951663607,-0.0011184487898576,-0.0019847439562184,20000000.0,1,8,0.17
P2,P,15,-0.0005297713670078,-0.0020812671804619,-0.0026110385474698,20000000.0,1,8,0.17
I1,I,15,,0.0025424503448417,0.0025424503448417,37908080.31422687,1,8,0.17
I2,I,15,,0.0012712251724208,0.0012712251724208,33407595.25725836,1,8,0.17
I3,I,15,,0.0006356125862104,0.0006356125862104,32970683.009386368,1,8,0.17
P1,P,16,-0.000793639570984,-0.0011825300615393,-0.0019761696325234,20000000.0,1,8,0.17
P2,P,16,-0.0004856650107426,-0.0021084404467947,-0.0025941054575374,20000000.0,1,8,0.17
I1,I,16,,0.0025424503448417,0.0025424503448417,37429124.730180144,1,8,0.17
I2,I,16,,0.0012712251724208,0.0012712251724208,32957202.427158184,1,8,0.17
I3,I,16,,0.0006356125862104,0.0006356125862104,32507670.60321884,1,8,0.17
P1,P,17,-0.0007293855249103,-0.0012437765700606,-0.0019731620949709,20000000.0,1,8,0.17
P2,P,17,-0.0004480507106246,-0.0021287420188362,-0.0025767927294608,20000000.0,1,8,0.17
I1,I,17,,0.0025424503448417,0.0025424503448417,36997938.45970381,1,8,0.17
I2,I,17,,0.0012712251724208,0.0012712251724208,32553789.93961989,1,8,0.17
I3,I,17,,0.0006356125862104,0.0006356125862104,32092383.620495822,1,8,0.17
P1,P,18,-0.0006729997772771,-0.0013013692437281,-0.0019743690210052,20000000.0,1,8,0.17
P2,P,18,-0.0004155619338892,-0.0021435772056506,-0.0025591391395399,20000000.0,1,8,0.17
I1,I,18,,0.0025424503448417,0.0025424503448417,36607281.87542778,1,8,0.17
I2,I,18,,0.0012712251724208,0.0012712251724208,32190028.93033112,1,8,0.17
I3,I,18,,0.0006356125862104,0.0006356125862104,31717351.20496825,1,8,0.17
P1,P,19,-0.0006238783780052,-0.0013545597368674,-0.0019784381148727,20000000.0,1,8,0.17
P2,P,19,-0.000387219602786,-0.0021542446549727,-0.0025414642577588,20000000.0,1,8,0.17
I1,I,19,,0.0025424503448417,0.0025424503448417,36251871.76621892,1,8,0.17
I2,I,19,,0.0012712251724208,0.0012712251724208,31860448.107378747,1,8,0.17
I3,I,19,,0.0006356125862104,0.0006356125862104,31377100.061439894,1,8,0.17
P1,P,20,-0.0005810832077538,-0.001402951809308,-0.0019840350170619,20000000.0,1,8,0.17
P2,P,20,-0.0003623101313499,-0.002161960634026,-0.0025242707653759,20000000.0,1,8,0.17
I1,I,20,,0.0025424503448417,0.0025424503448417,35928072.527933694,1,8,0.17
I2,I,20,,0.0012712251724208,0.0012712251724208,31561202.053724032,1,8,0.17
I3,I,20,,0.0006356125862104,0.0006356125862104,31067847.052842014,1,8,0.17
P1,P,21,-0.0005436901404045,-0.0014466757450918,-0.0019903658854963,20000000.0,1,8,0.17
P2,P,21,-0.000340282948106,-0.0021676564729774,-0.0025079394210834,20000000.0,1,8,0.17
I1,I,21,,0.0025424503448417,0.0025424503448417,35632933.10898836,1,8,0.17
I2,I,21,,0.0012712251724208,0.0012712251724208,31289225.26016169,1,8,0.17
I3,I,21,,0.0006356125862104,0.0006356125862104,30786558.87844261,1,8,0.17
P1,P,22,-0.0005108996270734,-0.0014861902814531,-0.0019970899085265,20000000.0,1,8,0.17
P2,P,22,-0.0003206921994107,-0.0021719428955759,-0.0024926350949866,20000000.0,1,8,0.17
I1,I,22,,0.0025424503448417,0.0025424503448417,35363551.16311938,1,8,0.17
I2,I,22,,0.0012712251724208,0.0012712251724208,31041613.176462237,1,8,0.17
I3,I,22,,0.0006356125862104,0.0006356125862104,30530311.779605635,1,8,0.17
P1,P,23,-0.0004819779934118,-0.0015218913042895,-0.0020038692977014,20000000.0,1,8,0.17
P2,P,23,-0.0003031862735943,-0.0021752516479841,-0.0024784379215784,20000000.0,1,8,0.17
I1,I,23,,0.0025424503448417,0.0025424503448417,35117412.90698948,1,8,0.17
I2,I,23,,0.0012712251724208,0.0012712251724208,30815894.47538252,1,8,0.17
I3,I,23,,0.0006356125862104,0.0006356125862104,30296601.661196303,1,8,0.17
P1,P,24,-0.0004562850408206,-0.0015542230538165,-0.0020105080946371,20000000.0,1,8,0.17
P2,P,24,-0.0002874809509916,-0.0021778950736707,-0.0024653760246623,20000000.0,1,8,0.17
I1,I,24,,0.0025424503448417,0.0025424503448417,34892248.7473945,1,8,0.17
I2,I,24,,0.0012712251724208,0.0012712251724208,30609872.81422144,1,8,0.17
I3,I,24,,0.0006356125862104,0.0006356125862104,30083187.33501479,1,8,0.17
P1,P,25,-0.0004332767423375,-0.0015836087457784,-0.002016885488116,20000000.0,1,8,0.17
P2,P,25,-0.0002733294796071,-0.0021801269059158,-0.002453456385523,20000000.0,1,8,0.17
I1,I,25,,0.0025424503448417,0.0025424503448417,34685936.58321862,1,8,0.17
I2,I,25,,0.0012712251724208,0.0012712251724208,30421508.903455228,1,8,0.17
I3,I,25,,0.0006356125862104,0.0006356125862104,29887982.904363506,1,8,0.17
P1,P,26,-0.0004124909919619,-0.0016104735804836,-0.0020229645724456,20000000.0,1,8,0.17
P2,P,26,-0.0002605060668004,-0.0021821448585422,-0.0024426509253426,20000000.0,1,8,0.17
I1,I,26,,0.0025424503448417,0.0025424503448417,34496393.125401124,1,8,0.17
I2,I,26,,0.0012712251724208,0.0012712251724208,30248805.214486063,1,8,0.17
I3,I,26,,0.0006356125862104,0.0006356125862104,29708943.367914863,1,8,0.17
P1,P,27,-0.0003935410610749,-0.001635215323657,-0.002028756384732,20000000.0,1,8,0.17
P2,P,27,-0.0002488057794735,-0.0021840784802303,-0.0024328842597038,20000000.0,1,8,0.17
I1,I,27,,0.0025424503448417,0.0025424503448417,34321577.52461114,1,8,0.17
I2,I,27,,0.0012712251724208,0.0012712251724208,30089812.74132962,1,8,0.17
I3,I,27,,0.0006356125862104,0.0006356125862104,29544069.290976748,1,8,0.17
P1,P,28,-0.0003761153882633,-0.0016580499996138,-0.0020341653878771,20000000.0,1,8,0.17
P2,P,28,-0.0002380586823674,-0.0021860487551145,-0.002424107437482,20000000.0,1,8,0.17
I1,I,28,,0.0025424503448417,0.0025424503448417,34159801.00052611,1,8,0.17
I2,I,28,,0.0012712251724208,0.0012712251724208,29942916.167020302,1,8,0.17
I3,I,28,,0.0006356125862104,0.0006356125862104,29391706.50659708,1,8,0.17
P1,P,29,-0.0003599987442269,-0.0016791956968627,-0.0020391944410897,20000000.0,1,8,0.17
P2,P,29,-0.000228129277355,-0.0021880964491559,-0.0024162257265109,20000000.0,1,8,0.17
I1,I,29,,0.0025424503448417,0.0025424503448417,34009582.58268539,1,8,0.17
I2,I,29,,0.0012712251724208,0.0012712251724208,29806716.143019147,1,8,0.17
I3,I,29,,0.0006356125862104,0.0006356125862104,29250413.055701885,1,8,0.17
P1,P,0,-0.0016571711498027,0.0,-0.0016571711498027,20000000.0,1,6,0.17
P2,P,0,-0.0017802598263773,0.0,-0.0017802598263773,20000000.0,1,6,0.17
I1,I,0,,0.0025436288408234,0.0025436288408234,44706267.91487637,1,6,0.17
I2,I,0,,0.0012718144204117,0.0012718144204117,35686463.97728069,1,6,0.17
I3,I,0,,,,,0,6,0.17
P1,P,1,-0.0015385168615482,0.0,-0.0015385168615482,20000000.0,1,6,0.17
P2,P,1,-0.0016478391697498,0.0,-0.0016478391697498,20000000.0,1,6,0.17
I1,I,1,,0.0025436288408234,0.0025436288408234,44169657.554030426,1,6,0.17
I2,I,1,,0.0012718144204117,0.0012718144204117,35872239.592868604,1,6,0.17
I3,I,1,,,,,0,6,0.17
P1,P,2,-0.0015346313528815,0.0,-0.0015346313528815,20000000.0,1,6,0.17
P2,P,2,-0.0016359888706559,0.0,-0.0016359888706559,20000000.0,1,6,0.17
I1,I,2,,0.0025436288408234,0.0025436288408234,44411849.80009521,1,6,0.17
I2,I,2,,0.0012718144204117,0.0012718144204117,36166364.35911851,1,6,0.17
I3,I,2,,,,,0,6,0.17
P1,P,3,-0.0015589209643461,0.0,-0.0015589209643461,20000000.0,1,6,0.17
P2,P,3,-0.0016561105988457,0.0,-0.0016561105988457,20000000.0,1,6,0.17
I1,I,3,,0.0025436288408234,0.0025436288408234,44643210.74508386,1,6,0.17
I2,I,3,,0.0012718144204117,0.0012718144204117,36385160.49059783,1,6,0.17
I3,I,3,,,,,0,6,0.17
P1,P,4,-0.0015907947067141,0.0,-0.0015907947067141,20000000.0,1,6,0.17
P2,P,4,-0.0016869386290558,0.0,-0.0016869386290558,20000000.0,1,6,0.17
I1,I,4,,0.0025436288408234,0.0025436288408234,44825679.52312405,1,6,0.17
I2,I,4,,0.0012718144204117,0.0012718144204117,36551139.85227704,1,6,0.17
I3,I,4,,,,,0,6,0.17
P1,P,5,-0.0017163180615434,0.0,-0.0017163180615434,20000000.0,1,6,0.17
P2,P,5,-0.001702206497855,-5.3850978024114326e-05,-0.0017560574758791,20000000.0,1,6,0.17
I1,I,5,,0.0025436288408234,0.0025436288408234,45442030.72430022,1,6,0.17
I2,I,5,,0.0012718144204117,0.0012718144204117,37128735.11668178,1,6,0.17
I3,I,5,,,,,0,6,0.17
P1,P,6,-0.0017995079177034,0.0,-0.0017995079177034,20000000.0,1,6,0.17
P2,P,6,-0.001498061863478,-0.0003638369951133,-0.0018618988585914,20000000.0,1,6,0.17
I1,I,6,,0.0025436288408234,0.0025436288408234,45600601.96533478,1,6,0.17
I2,I,6,,0.0012718144204117,0.0012718144204117,37251300.2622695,1,6,0.17
I3,I,6,,,,,0,6,0.17
P1,P,7,-0.0018901309166352,-1.4510605640443878e-05,-0.0019046415222757,20000000.0,1,6,0.17
P2,P,7,-0.0013329433415618,-0.0008565371690328,-0.0021894805105947,20000000.0,1,6,0.17
I1,I,7,,0.0025436288408234,0.0025436288408234,46579245.35348252,1,6,0.17
I2,I,7,,0.0012718144204117,0.0012718144204117,38143879.62620104,1,6,0.17
I3,I,7,,0.0006359072102058,0.0006359072102058,38272802.6015615,1,6,0.17
P1,P,8,-0.0018115221292294,-0.0001754368414567,-0.0019869589706862,20000000.0,1,6,0.17
P2,P,8,-0.0011784842912537,-0.0012657565676539,-0.0024442408589076,20000000.0,1,6,0.17
I1,I,8,,0.0025436288408234,0.0025436288408234,46542863.45793448,1,6,0.17
I2,I,8,,0.0012718144204117,0.0012718144204117,38066605.50334675,1,6,0.17
I3,I,8,,0.0006359072102058,0.0006359072102058,38116297.87340423,1,6,0.17
P1,P,9,-0.001646524536282,-0.0004120808374274,-0.0020586053737095,20000000.0,1,6,0.17
P2,P,9,-0.0010383551805008,-0.0015484304274397,-0.0025867856079405,20000000.0,1,6,0.17
I1,I,9,,0.0025436288408234,0.0025436288408234,46029782.871194005,1,6,0.17
I2,I,9,,0.0012718144204117,0.0012718144204117,37555922.2219344,1,6,0.17
I3,I,9,,0.0006359072102058,0.0006359072102058,37582344.76510139,1,6,0.17
P1,P,10,-0.0014462083789708,-0.000625232538205,-0.0020714409171759,20000000.0,1,6,0.17
P2,P,10,-0.0009136304826882,-0.0017399449661104,-0.0026535754487986,20000000.0,1,6,0.17
I1,I,10,,0.0025436288408234,0.0025436288408234,45309467.04518984,1,6,0.17
I2,I,10,,0.0012718144204117,0.0012718144204117,36855501.213413626,1,6,0.17
I3,I,10,,0.0006359072102058,0.0006359072102058,36865910.50391711,1,6,0.17
P1,P,11,-0.0012683832256149,-0.000797218575033,-0.002065601800648,20000000.0,1,6,0.17
P2,P,11,-0.0008056611172395,-0.0018690680329083,-0.0026747291501478,20000000.0,1,6,0.17
I1,I,11,,0.0025436288408234,0.0025436288408234,44522621.7812144,1,6,0.17
I2,I,11,,0.0012718144204117,0.0012718144204117,36097134.43370966,1,6,0.17
I3,I,11,,0.0006359072102058,0.0006359072102058,36092401.18552359,1,6,0.17
P1,P,12,-0.001124312844185,-0.0009261799913122,-0.0020504928354973,20000000.0,1,6,0.17
P2,P,12,-0.0007143835523029,-0.0019563146230169,-0.0026706981753198,20000000.0,1,6,0.17
I1,I,12,,0.0025436288408234,0.0025436288408234,43750357.72579344,1,6,0.17
I2,I,12,,0.0012718144204117,0.0012718144204117,35357119.50077598,1,6,0.17
I3,I,12,,0.0006359072102058,0.0006359072102058,35337308.678822085,1,6,0.17
P1,P,13,-0.0010067564235754,-0.0010257463945039,-0.0020325028180793,20000000.0,1,6,0.17
P2,P,13,-0.0006381804856011,-0.0020167175220658,-0.002654898007667,20000000.0,1,6,0.17
I1,I,13,,0.0025436288408234,0.0025436288408234,43033788.5495125,1,6,0.17
I2,I,13,,0.0012718144204117,0.0012718144204117,34673777.83568451,1,6,0.17
I3,I,13,,0.0006359072102058,0.0006359072102058,34639236.49804033,1,6,0.17
P1,P,14,-0.0009094529489596,-0.0011077684671644,-0.0020172214161241,20000000.0,1,6,0.17
P2,P,14,-0.0005746593399461,-0.0020598099907971,-0.0026344693307432,20000000.0,1,6,0.17
I1,I,14,,0.0025436288408234,0.0025436288408234,42385726.18935344,1,6,0.17
I2,I,14,,0.0012718144204117,0.0012718144204117,34058610.36153645,1,6,0.17
I3,I,14,,0.0006359072102058,0.0006359072102058,34009855.071955286,1,6,0.17
P1,P,15,-0.000827879034155,-0.001178355542166,-0.0020062345763211,20000000.0,1,6,0.17
P2,P,15,-0.0005214160670361,-0.0020915587813398,-0.0026129748483759,20000000.0,1,6,0.17
I1,I,15,,0.0025436288408234,0.0025436288408234,41805337.36131614,1,6,0.17
I2,I,15,,0.0012718144204117,0.0012718144204117,33510044.02913002,1,6,0.17
I3,I,15,,0.0006359072102058,0.0006359072102058,33447745.761005454,1,6,0.17
P1,P,16,-0.0007586330273349,-0.0012406181261679,-0.0019992511535028,20000000.0,1,6,0.17
P2,P,16,-0.0004764076853681,-0.0021156219049366,-0.0025920295903047,20000000.0,1,6,0.17
I1,I,16,,0.0025436288408234,0.0025436288408234,41286786.35314794,1,6,0.17
I2,I,16,,0.0012718144204117,0.0012718144204117,33021835.50451061,1,6,0.17
I3,I,16,,0.0006359072102058,0.0006359072102058,32946774.557396773,1,6,0.17
P1,P,17,-0.0006992518977411,-0.001296246025643,-0.0019954979233841,20000000.0,1,6,0.17
P2,P,17,-0.0004380305753149,-0.0021341517585025,-0.0025721823338175,20000000.0,1,6,0.17
I1,I,17,,0.0025436288408234,0.0025436288408234,40823411.03788463,1,6,0.17
I2,I,17,,0.0012718144204117,0.0012718144204117,32587157.298879407,1,6,0.17
I3,I,17,,0.0006359072102058,0.0006359072102058,32500147.568837397,1,6,0.17
P1,P,18,-0.0006479052174186,-0.0013461244258629,-0.0019940296432816,20000000.0,1,6,0.17
P2,P,18,-0.0004050516399518,-0.0021488783262932,-0.002553929966245,20000000.0,1,6,0.17
I1,I,18,,0.0025436288408234,0.0025436288408234,40408540.46500805,1,6,0.17
I2,I,18,,0.0012718144204117,0.0012718144204117,32199220.094640367,1,6,0.17
I3,I,18,,0.0006359072102058,0.0006359072102058,32101121.90986756,1,6,0.17
P1,P,19,-0.0006032378276955,-0.0013909370294336,-0.0019941748571292,20000000.0,1,6,0.17
P2,P,19,-0.0003764885757951,-0.0021608346987786,-0.0025373232745737,20000000.0,1,6,0.17
I1,I,19,,0.0025436288408234,0.0025436288408234,40036153.322027884,1,6,0.17
I2,I,19,,0.0012718144204117,0.0012718144204117,31852032.53921413,1,6,0.17
I3,I,19,,0.0006359072102058,0.0006359072102058,31743680.548122857,1,6,0.17
P1,P,20,-0.000564135553633,-0.0014312084304598,-0.0019953439840929,20000000.0,1,6,0.17
P2,P,20,-0.0003515902300561,-0.0021707557197546,-0.0025223459498107,20000000.0,1,6,0.17
I1,I,20,,0.0025436288408234,0.0025436288408234,39701074.23368274,1,6,0.17
I2,I,20,,0.0012718144204117,0.0012718144204117,31540493.50518234,1,6,0.17
I3,I,20,,0.0006359072102058,0.0006359072102058,31422679.781587195,1,6,0.17
P1,P,21,-0.000529720833039,-0.0014675428652614,-0.0019972636983004,20000000.0,1,6,0.17
P2,P,21,-0.000329747460419,-0.0021791515904236,-0.0025088990508427,20000000.0,1,6,0.17
I1,I,21,,0.0025436288408234,0.0025436288408234,39398511.53189446,1,6,0.17
I2,I,21,,0.0012718144204117,0.0012718144204117,31259938.19313725,1,6,0.17
I3,I,21,,0.0006359072102058,0.0006359072102058,31133383.7712922,1,6,0.17
P1,P,22,-0.0004992205966975,-0.0015003698666696,-0.0019995904633671,20000000.0,1,6,0.17
P2,P,22,-0.0003104591512409,-0.0021864389918643,-0.0024968981431053,20000000.0,1,6,0.17
I1,I,22,,0.0025436288408234,0.0025436288408234,39124408.18851908,1,6,0.17
I2,I,22,,0.0012718144204117,0.0012718144204117,31006413.779015224,1,6,0.17
I3,I,22,,0.0006359072102058,0.0006359072102058,30871781.513394788,1,6,0.17
P1,P,23,-0.000471996149573,-0.001530155976547,-0.00200215212612,20000000.0,1,6,0.17
P2,P,23,-0.0002932989886214,-0.002192924528418,-0.0024862235170395,20000000.0,1,6,0.17
I1,I,23,,0.0025436288408234,0.0025436288408234,38875148.810352206,1,6,0.17
I2,I,23,,0.0012718144204117,0.0012718144204117,30776411.707559247,1,6,0.17
I3,I,23,,0.0006359072102058,0.0006359072102058,30634305.84549502,1,6,0.17
P1,P,24,-0.0004475306618,-0.0015573629528932,-0.0020048936146932,20000000.0,1,6,0.17
P2,P,24,-0.0002779345433075,-0.0021987449142539,-0.0024766794575615,20000000.0,1,6,0.17
I1,I,24,,0.0025436288408234,0.0025436288408234,38647530.14280003,1,6,0.17
I2,I,24,,0.0012718144204117,0.0012718144204117,30566857.145421457,1,6,0.17
I3,I,24,,0.0006359072102058,0.0006359072102058,30417811.29242376,1,6,0.17
P1,P,25,-0.0004254098293714,-0.0015823359939423,-0.0020077458233138,20000000.0,1,6,0.17
P2,P,25,-0.0002641190668982,-0.0022039221570388,-0.002468041223937,20000000.0,1,6,0.17
I1,I,25,,0.0025436288408234,0.0025436288408234,38439012.61969532,1,6,0.17
I2,I,25,,0.0012718144204117,0.0012718144204117,30375331.749514088,1,6,0.17
I3,I,25,,0.0006359072102058,0.0006359072102058,30219815.239726923,1,6,0.17
P1,P,26,-0.0004052744230181,-0.0016054793234889,-0.002010753746507,20000000.0,1,6,0.17
P2,P,26,-0.0002516669142227,-0.0022084235034108,-0.0024600904176335,20000000.0,1,6,0.17
I1,I,26,,0.0025436288408234,0.0025436288408234,38247450.207555845,1,6,0.17
I2,I,26,,0.0012718144204117,0.0012718144204117,30199813.711362727,1,6,0.17
I3,I,26,,0.0006359072102058,0.0006359072102058,30038228.30095916,1,6,0.17
P1,P,27,-0.0003868266268015,-0.0016269896998701,-0.0020138163266717,20000000.0,1,6,0.17
P2,P,27,-0.0002404211578159,-0.0022123298567961,-0.0024527510146121,20000000.0,1,6,0.17
I1,I,27,,0.0025436288408234,0.0025436288408234,38071150.08326788,1,6,0.17
I2,I,27,,0.0012718144204117,0.0012718144204117,30038683.39055879,1,6,0.17
I3,I,27,,0.0006359072102058,0.0006359072102058,29871395.23539217,1,6,0.17
P1,P,28,-0.0003698541829657,-0.0016471530720786,-0.0020170072550443,20000000.0,1,6,0.17
P2,P,28,-0.0002302280848261,-0.0022156934196572,-0.0024459215044834,20000000.0,1,6,0.17
I1,I,28,,0.0025436288408234,0.0025436288408234,37908391.93944991,1,6,0.17
I2,I,28,,0.0012718144204117,0.0012718144204117,29890301.275427558,1,6,0.17
I3,I,28,,0.0006359072102058,0.0006359072102058,29717634.25667702,1,6,0.17
P1,P,29,-0.0003541758036458,-0.001666121591106,-0.0020202973947519,20000000.0,1,6,0.17
P2,P,29,-0.0002209410248838,-0.0022186079079311,-0.002439548932815,20000000.0,1,6,0.17
I1,I,29,,0.0025436288408234,0.0025436288408234,37757601.20465126,1,6,0.17
I2,I,29,,0.0012718144204117,0.0012718144204117,29753155.17494352,1,6,0.17
I3,I,29,,0.0006359072102058,0.0006359072102058,29575402.45748169,1,6,0.17
P1,P,0,-0.0017176804036577,0.0,-0.0017176804036577,20000000.0,1,7,0.17
P2,P,0,-0.0017222876450741,0.0,-0.0017222876450741,20000000.0,1,7,0.17
I1,I,0,,0.0025378891729841,0.0025378891729841,40803444.92057358,1,7,0.17
I2,I,0,,0.001268944586492,0.001268944586492,36093286.34554631,1,7,0.17
I3,I,0,,,,,0,7,0.17
P1,P,1,-0.0015822503324143,0.0,-0.0015822503324143,20000000.0,1,7,0.17
P2,P,1,-0.0016015354763256,0.0,-0.0016015354763256,20000000.0,1,7,0.17
I1,I,1,,0.0025378891729841,0.0025378891729841,40799400.2064171,1,7,0.17
I2,I,1,,0.001268944586492,0.001268944586492,36237747.88754232,1,7,0.17
I3,I,1,,,,,0,7,0.17
P1,P,2,-0.0015727781314903,0.0,-0.0015727781314903,20000000.0,1,7,0.17
P2,P,2,-0.0015926486062582,0.0,-0.0015926486062582,20000000.0,1,7,0.17
I1,I,2,,0.0025378891729841,0.0025378891729841,41142495.40597399,1,7,0.17
I2,I,2,,0.001268944586492,0.001268944586492,36526473.84899228,1,7,0.17
I3,I,2,,,,,0,7,0.17
P1,P,3,-0.001595556151867,0.0,-0.001595556151867,20000000.0,1,7,0.17
P2,P,3,-0.001613122394848,0.0,-0.001613122394848,20000000.0,1,7,0.17
I1,I,3,,0.0025378891729841,0.0025378891729841,41405248.96197227,1,7,0.17
I2,I,3,,0.001268944586492,0.001268944586492,36744304.911299855,1,7,0.17
I3,I,3,,,,,0,7,0.17
P1,P,4,-0.0016276057951606,0.0,-0.0016276057951606,20000000.0,1,7,0.17
P2,P,4,-0.0016433336749365,0.0,-0.0016433336749365,20000000.0,1,7,0.17
I1,I,4,,0.0025378891729841,0.0025378891729841,41600344.7013978,1,7,0.17
I2,I,4,,0.001268944586492,0.001268944586492,36910675.74823448,1,7,0.17
I3,I,4,,,,,0,7,0.17
P1,P,5,-0.0017560241267224,0.0,-0.0017560241267224,20000000.0,1,7,0.17
P2,P,5,-0.0016583368255454,-5.179476998486477e-05,-0.0017101315955303,20000000.0,1,7,0.17
I1,I,5,,0.0025378891729841,0.0025378891729841,42233771.87113863,1,7,0.17
I2,I,5,,0.001268944586492,0.001268944586492,37494448.334325366,1,7,0.17
I3,I,5,,,,,0,7,0.17
P1,P,6,-0.0018404187867343,0.0,-0.0018404187867343,20000000.0,1,7,0.17
P2,P,6,-0.001461903315275,-0.00035746387561,-0.0018193671908851,20000000.0,1,7,0.17
I1,I,6,,0.0025378891729841,0.0025378891729841,42381634.95020017,1,7,0.17
I2,I,6,,0.001268944586492,0.001268944586492,37603575.24275144,1,7,0.17
I3,I,6,,,,,0,7,0.17
P1,P,7,-0.0018403507690551,-8.270229060723414e-06,-0.0018486209981158,20000000.0,1,7,0.17
P2,P,7,-0.0012619539555416,-0.0007348533104822,-0.0019968072660238,20000000.0,1,7,0.17
I1,I,7,,0.0025378891729841,0.0025378891729841,42142552.264209874,1,7,0.17
I2,I,7,,0.001268944586492,0.001268944586492,37332498.86640333,1,7,0.17
I3,I,7,,,,,0,7,0.17
P1,P,8,-0.001807356700333,-0.000166875697677,-0.0019742323980101,20000000.0,1,7,0.17
P2,P,8,-0.0011482901479904,-0.001135570635144,-0.0022838607831344,20000000.0,1,7,0.17
I1,I,8,,0.0025378891729841,0.0025378891729841,42775712.92624867,1,7,0.17
I2,I,8,,0.001268944586492,0.001268944586492,37906453.90604987,1,7,0.17
I3,I,8,,0.000634472293246,0.000634472293246,37718117.5783599,1,7,0.17
P1,P,9,-0.0016828826634331,-0.0004163891652409,-0.0020992718286741,20000000.0,1,7,0.17
P2,P,9,-0.0010286101685327,-0.0014250041134942,-0.002453614282027,20000000.0,1,7,0.17
I1,I,9,,0.0025378891729841,0.0025378891729841,42455056.59784598,1,7,0.17
I2,I,9,,0.001268944586492,0.001268944586492,37579297.15174759,1,7,0.17
I3,I,9,,0.000634472293246,0.000634472293246,37298636.2716357,1,7,0.17
P1,P,10,-0.0015030994089986,-0.0006462890318686,-0.0021493884408672,20000000.0,1,7,0.17
P2,P,10,-0.0009114853433866,-0.0016195930771844,-0.0025310784205711,20000000.0,1,7,0.17
I1,I,10,,0.0025378891729841,0.0025378891729841,41802703.7882785,1,7,0.17
I2,I,10,,0.001268944586492,0.001268944586492,36946847.49380548,1,7,0.17
I3,I,10,,0.000634472293246,0.000634472293246,36632414.24953667,1,7,0.17
P1,P,11,-0.0013231721032866,-0.0008248463020911,-0.0021480184053778,20000000.0,1,7,0.17
P2,P,11,-0.0008068181271705,-0.0017510983450372,-0.0025579164722077,20000000.0,1,7,0.17
I1,I,11,,0.0025378891729841,0.0025378891729841,41058622.5617348,1,7,0.17
I2,I,11,,0.001268944586492,0.001268944586492,36229459.87415312,1,7,0.17
I3,I,11,,0.000634472293246,0.000634472293246,35893860.73219776,1,7,0.17
P1,P,12,-0.0011769764162407,-0.0009527991328822,-0.0021297755491229,20000000.0,1,7,0.17
P2,P,12,-0.00071781947977,-0.0018414989575167,-0.0025593184372867,20000000.0,1,7,0.17
I1,I,12,,0.0025378891729841,0.0025378891729841,40326668.11076173,1,7,0.17
I2,I,12,,0.001268944586492,0.001268944586492,35526303.12919577,1,7,0.17
I3,I,12,,0.000634472293246,0.000634472293246,35174336.10446858,1,7,0.17
P1,P,13,-0.0010607957941239,-0.0010459588303868,-0.0021067546245107,20000000.0,1,7,0.17
P2,P,13,-0.000643537228701,-0.0019061374369834,-0.0025496746656844,20000000.0,1,7,0.17
I1,I,13,,0.0025378891729841,0.0025378891729841,39650515.467636086,1,7,0.17
I2,I,13,,0.001268944586492,0.001268944586492,34879191.75767924,1,7,0.17
I3,I,13,,0.000634472293246,0.000634472293246,34513291.33961227,1,7,0.17
P1,P,14,-0.0009647441934754,-0.0011212357695588,-0.0020859799630343,20000000.0,1,7,0.17
P2,P,14,-0.0005816033848755,-0.0019545160906192,-0.0025361194754947,20000000.0,1,7,0.17
I1,I,14,,0.0025378891729841,0.0025378891729841,39041339.40786284,1,7,0.17
I2,I,14,,0.001268944586492,0.001268944586492,34298535.32715747,1,7,0.17
I3,I,14,,0.000634472293246,0.000634472293246,33920177.91063395,1,7,0.17
P1,P,15,-0.0008818626495342,-0.0011894981686705,-0.0020713608182047,20000000.0,1,7,0.17
P2,P,15,-0.0005295389358079,-0.001991542464686,-0.0025210814004939,20000000.0,1,7,0.17
I1,I,15,,0.0025378891729841,0.0025378891729841,38493894.08316893,1,7,0.17
I2,I,15,,0.001268944586492,0.001268944586492,33779041.849562734,1,7,0.17
I3,I,15,,0.000634472293246,0.000634472293246,33389048.55714401,1,7,0.17
P1,P,16,-0.0008085602910063,-0.0012548174767089,-0.0020633777677153,20000000.0,1,7,0.17
P2,P,16,-0.000485226780978,-0.0020199304142028,-0.0025051571951809,20000000.0,1,7,0.17
I1,I,16,,0.0025378891729841,0.0025378891729841,37998429.35073357,1,7,0.17
I2,I,16,,0.001268944586492,0.001268944586492,33310977.45630872,1,7,0.17
I3,I,16,,0.000634472293246,0.000634472293246,32909817.841460813,1,7,0.17
P1,P,17,-0.0007433171683439,-0.0013176190725498,-0.0020609362408937,20000000.0,1,7,0.17
P2,P,17,-0.0004470408243997,-0.0020412737776915,-0.0024883146020912,20000000.0,1,7,0.17
I1,I,17,,0.0025378891729841,0.0025378891729841,37546721.21493382,1,7,0.17
I2,I,17,,0.001268944586492,0.001268944586492,32886044.05464601,1,7,0.17
I3,I,17,,0.000634472293246,0.000634472293246,32474055.339441277,1,7,0.17
P1,P,18,-0.0006855135447278,-0.0013769179659903,-0.0020624315107181,20000000.0,1,7,0.17
P2,P,18,-0.0004138229352216,-0.002056977193186,-0.0024708001284077,20000000.0,1,7,0.17
I1,I,18,,0.0025378891729841,0.0025378891729841,37133272.87276492,1,7,0.17
I2,I,18,,0.001268944586492,0.001268944586492,32498541.970383555,1,7,0.17
I3,I,18,,0.000634472293246,0.000634472293246,32076092.67169356,1,7,0.17
P1,P,19,-0.0006346820084596,-0.0014315689370354,-0.0020662509454951,20000000.0,1,7,0.17
P2,P,19,-0.0003847112089455,-0.0020684445796211,-0.0024531557885666,20000000.0,1,7,0.17
I1,I,19,,0.0025378891729841,0.0025378891729841,36754812.20159484,1,7,0.17
I2,I,19,,0.001268944586492,0.001268944586492,32144942.038074914,1,7,0.17
I3,I,19,,0.000634472293246,0.000634472293246,31712514.524671365,1,7,0.17
P1,P,20,-0.0005902604112356,-0.0014810201648461,-0.0020712805760818,20000000.0,1,7,0.17
P2,P,20,-0.0003590351895116,-0.0020770093085114,-0.002436044498023,20000000.0,1,7,0.17
I1,I,20,,0.0025378891729841,0.0025378891729841,36408702.87892664,1,7,0.17
I2,I,20,,0.001268944586492,0.001268944586492,31822388.22080456,1,7,0.17
I3,I,20,,0.000634472293246,0.000634472293246,31380581.02926681,1,7,0.17
P1,P,21,-0.0005514642295778,-0.0015253159610088,-0.0020767801905866,20000000.0,1,7,0.17
P2,P,21,-0.000336280415922,-0.0020835466541742,-0.0024198270700963,20000000.0,1,7,0.17
I1,I,21,,0.0025378891729841,0.0025378891729841,36092850.03032071,1,7,0.17
I2,I,21,,0.001268944586492,0.001268944586492,31528693.069602087,1,7,0.17
I3,I,21,,0.000634472293246,0.000634472293246,31078157.19575058,1,7,0.17
P1,P,22,-0.0005174616953273,-0.0015649229097587,-0.0020823846050861,20000000.0,1,7,0.17
P2,P,22,-0.0003160803580754,-0.0020886794795218,-0.0024047598375973,20000000.0,1,7,0.17
I1,I,22,,0.0025378891729841,0.0025378891729841,35805055.92010271,1,7,0.17
I2,I,22,,0.001268944586492,0.001268944586492,31261661.4133156,1,7,0.17
I3,I,22,,0.000634472293246,0.000634472293246,30803047.936905246,1,7,0.17
P1,P,23,-0.0004874802007736,-0.0016004331560546,-0.0020879133568283,20000000.0,1,7,0.17
P2,P,23,-0.0002981204405678,-0.0020928150188126,-0.0023909354593804,20000000.0,1,7,0.17
I1,I,23,,0.0025378891729841,0.0025378891729841,35542998.262673534,1,7,0.17
I2,I,23,,0.001268944586492,0.001268944586492,31019037.125982136,1,7,0.17
I3,I,23,,0.000634472293246,0.000634472293246,30552961.787811257,1,7,0.17
P1,P,24,-0.0004608387547713,-0.001632311753766,-0.0020931505085374,20000000.0,1,7,0.17
P2,P,24,-0.0002821046232685,-0.0020963419895154,-0.0023784466127839,20000000.0,1,7,0.17
I1,I,24,,0.0025378891729841,0.0025378891729841,35304445.75030011,1,7,0.17
I2,I,24,,0.001268944586492,0.001268944586492,30798651.41311289,1,7,0.17
I3,I,24,,0.000634472293246,0.000634472293246,30325700.67486408,1,7,0.17
P1,P,25,-0.0004369990840564,-0.001661085205675,-0.0020980842897314,20000000.0,1,7,0.17
P2,P,25,-0.0002677420451491,-0.0020995492967521,-0.0023672913419013,20000000.0,1,7,0.17
I1,I,25,,0.0025378891729841,0.0025378891729841,35086952.27543744,1,7,0.17
I2,I,25,,0.001268944586492,0.001268944586492,30598147.68371415,1,7,0.17
I3,I,25,,0.000634472293246,0.000634472293246,30118859.78661919,1,7,0.17
P1,P,26,-0.0004155080619172,-0.0016872491023552,-0.0021027571642725,20000000.0,1,7,0.17
P2,P,26,-0.0002547618731802,-0.0021026258311947,-0.0023573877043749,20000000.0,1,7,0.17
I1,I,26,,0.0025378891729841,0.0025378891729841,34887929.38764352,1,7,0.17
I2,I,26,,0.001268944586492,0.001268944586492,30415036.816652138,1,7,0.17
I3,I,26,,0.000634472293246,0.000634472293246,29929896.00831668,1,7,0.17
P1,P,27,-0.0003959594785847,-0.0017111303716023,-0.0021070898501871,20000000.0,1,7,0.17
P2,P,27,-0.0002429346318184,-0.0021057440309431,-0.0023486786627615,20000000.0,1,7,0.17
I1,I,27,,0.0025378891729841,0.0025378891729841,34705033.758324176,1,7,0.17
I2,I,27,,0.001268944586492,0.001268944586492,30247053.014468554,1,7,0.17
I3,I,27,,0.000634472293246,0.000634472293246,29756504.1263838,1,7,0.17
P1,P,28,-0.000378019405422,-0.001733131923085,-0.0021111513285071,20000000.0,1,7,0.17
P2,P,28,-0.0002320958693429,-0.0021088681356026,-0.0023409640049455,20000000.0,1,7,0.17
I1,I,28,,0.0025378891729841,0.0025378891729841,34536205.012143455,1,7,0.17
I2,I,28,,0.001268944586492,0.001268944586492,30092238.62153345,1,7,0.17
I3,I,28,,0.000634472293246,0.000634472293246,29596669.62045237,1,7,0.17
P1,P,29,-0.0003614231699347,-0.0017535958274484,-0.0021150189973832,20000000.0,1,7,0.17
P2,P,29,-0.0002221221875874,-0.0021119108456734,-0.0023340330332608,20000000.0,1,7,0.17
I1,I,29,,0.0025378891729841,0.0025378891729841,34379717.97299275,1,7,0.17
I2,I,29,,0.001268944586492,0.001268944586492,29948969.5096006,1,7,0.17
I3,I,29,,0.000634472293246,0.000634472293246,29448712.5617294,1,7,0.17
P1,P,0,-0.0016332379344381,0.0,-0.0016332379344381,20000000.0,1,0,0.17
P2,P,0,-0.0019221954680848,0.0,-0.0019221954680848,20000000.0,1,0,0.17
I1,I,0,,0.0025405410038538,0.0025405410038538,40703125.51231575,1,0,0.17
I2,I,0,,0.0012702705019269,0.0012702705019269,37182606.513983645,1,0,0.17
I3,I,0,,0.0006351352509634,0.0006351352509634,35182703.3261404,1,0,0.17
P1,P,1,-0.0015348259544377,0.0,-0.0015348259544377,20000000.0,1,0,0.17
P2,P,1,-0.00179409238942,0.0,-0.00179409238942,20000000.0,1,0,0.17
I1,I,1,,0.0025405410038538,0.0025405410038538,41072109.27151906,1,0,0.17
I2,I,1,,0.0012702705019269,0.0012702705019269,37482500.21647944,1,0,0.17
I3,I,1,,0.0006351352509634,0.0006351352509634,36041723.74267133,1,0,0.17
P1,P,2,-0.0015514213746675,0.0,-0.0015514213746675,20000000.0,1,0,0.17
P2,P,2,-0.0018029148755921,0.0,-0.0018029148755921,20000000.0,1,0,0.17
I1,I,2,,0.0025405410038538,0.0025405410038538,41642564.202408254,1,0,0.17
I2,I,2,,0.0012702705019269,0.0012702705019269,37931934.785549656,1,0,0.17
I3,I,2,,0.0006351352509634,0.0006351352509634,36685052.76764784,1,0,0.17
P1,P,3,-0.0015973428288683,0.0,-0.0015973428288683,20000000.0,1,0,0.17
P2,P,3,-0.0018487875766881,0.0,-0.0018487875766881,20000000.0,1,0,0.17
I1,I,3,,0.0025405410038538,0.0025405410038538,42082741.39260149,1,0,0.17
I2,I,3,,0.0012702705019269,0.0012702705019269,38296906.57941611,1,0,0.17
I3,I,3,,0.0006351352509634,0.0006351352509634,37145835.422083005,1,0,0.17
P1,P,4,-0.0016505650350555,0.0,-0.0016505650350555,20000000.0,1,0,0.17
P2,P,4,-0.0019066072982219,0.0,-0.0019066072982219,20000000.0,1,0,0.17
I1,I,4,,0.0025405410038538,0.0025405410038538,42429910.42151286,1,0,0.17
I2,I,4,,0.0012702705019269,0.0012702705019269,38596850.75326008,1,0,0.17
I3,I,4,,0.0006351352509634,0.0006351352509634,37504346.284062,1,0,0.17
P1,P,5,-0.0018531641302576,0.0,-0.0018531641302576,20000000.0,1,0,0.17
P2,P,5,-0.0019069856776234,-0.0001256033174411,-0.0020325889950646,20000000.0,1,0,0.17
I1,I,5,,0.0025405410038538,0.0025405410038538,43515568.969598055,1,0,0.17
I2,I,5,,0.0012702705019269,0.0012702705019269,39601242.498744406,1,0,0.17
I3,I,5,,0.0006351352509634,0.0006351352509634,38602943.6266289,1,0,0.17
P1,P,6,-0.0019755091166037,0.0,-0.0019755091166037,20000000.0,1,0,0.17
P2,P,6,-0.0016574956572358,-0.0006167416734318,-0.0022742373306677,20000000.0,1,0,0.17
I1,I,6,,0.0025405410038538,0.0025405410038538,43806653.371883385,1,0,0.17
I2,I,6,,0.0012702705019269,0.0012702705019269,39815600.83400121,1,0,0.17
I3,I,6,,0.0006351352509634,0.0006351352509634,38886813.44326669,1,0,0.17
P1,P,7,-0.0019328361131617,-4.460404849947077e-05,-0.0019774401616612,20000000.0,1,0,0.17
P2,P,7,-0.0014186547652213,-0.0011193164993681,-0.0025379712645895,20000000.0,1,0,0.17
I1,I,7,,0.0025405410038538,0.0025405410038538,43537602.25885863,1,0,0.17
I2,I,7,,0.0012702705019269,0.0012702705019269,39490238.4269576,1,0,0.17
I3,I,7,,0.0006351352509634,0.0006351352509634,38614535.72187031,1,0,0.17
P1,P,8,-0.0017730518743541,-0.0002437444974045,-0.0020167963717587,20000000.0,1,0,0.17
P2,P,8,-0.0012231509528953,-0.0014767871503001,-0.0026999381031954,20000000.0,1,0,0.17
I1,I,8,,0.0025405410038538,0.0025405410038538,42846898.49190201,1,0,0.17
I2,I,8,,0.0012702705019269,0.0012702705019269,38788934.0226101,1,0,0.17
I3,I,8,,0.0006351352509634,0.0006351352509634,37936602.41678067,1,0,0.17
P1,P,9,-0.0015835361947418,-0.0004677811794361,-0.0020513173741779,20000000.0,1,0,0.17
P2,P,9,-0.0010602608021059,-0.0017022268130143,-0.0027624876151203,20000000.0,1,0,0.17
I1,I,9,,0.0025405410038538,0.0025405410038538,41919633.6846935,1,0,0.17
I2,I,9,,0.0012702705019269,0.0012702705019269,37884445.06496218,1,0,0.17
I3,I,9,,0.0006351352509634,0.0006351352509634,37033661.49158663,1,0,0.17
P1,P,10,-0.0013902504341689,-0.00064155618787,-0.0020318066220389,20000000.0,1,0,0.17
P2,P,10,-0.0009263506913771,-0.0018440555343091,-0.0027704062256863,20000000.0,1,0,0.17
I1,I,10,,0.0025405410038538,0.0025405410038538,40970579.89181647,1,0,0.17
I2,I,10,,0.0012702705019269,0.0012702705019269,36969252.89224178,1,0,0.17
I3,I,10,,0.0006351352509634,0.0006351352509634,36111891.77065672,1,0,0.17
P1,P,11,-0.0012267018982833,-0.000771615367072,-0.0019983172653554,20000000.0,1,0,0.17
P2,P,11,-0.0008172990678952,-0.0019384848539865,-0.0027557839218818,20000000.0,1,0,0.17
I1,I,11,,0.0025405410038538,0.0025405410038538,40095669.8814453,1,0,0.17
I2,I,11,,0.0012702705019269,0.0012702705019269,36130669.20087839,1,0,0.17
I3,I,11,,0.0006351352509634,0.0006351352509634,35263849.535537176,1,0,0.17
P1,P,12,-0.0010958808444648,-0.0008692181994141,-0.0019650990438789,20000000.0,1,0,0.17
P2,P,12,-0.0007283735305223,-0.0020063173663058,-0.0027346908968281,20000000.0,1,0,0.17
I1,I,12,,0.0025405410038538,0.0025405410038538,39322366.26323122,1,0,0.17
I2,I,12,,0.0012702705019269,0.0012702705019269,35393149.30658626,1,0,0.17
I3,I,12,,0.0006351352509634,0.0006351352509634,34516040.52826746,1,0,0.17
P1,P,13,-0.0009881127211818,-0.0009478259024164,-0.0019359386235983,20000000.0,1,0,0.17
P2,P,13,-0.0006553921908632,-0.0020586489839682,-0.0027140411748314,20000000.0,1,0,0.17
I1,I,13,,0.0025405410038538,0.0025405410038538,38650646.44146836,1,0,0.17
I2,I,13,,0.0012702705019269,0.0012702705019269,34755446.380563095,1,0,0.17
I3,I,13,,0.0006351352509634,0.0006351352509634,33868171.253346175,1,0,0.17
P1,P,14,-0.0008958211131814,-0.0010180621114439,-0.0019138832246254,20000000.0,1,0,0.17
P2,P,14,-0.0005948040617511,-0.0021007464602348,-0.0026955505219859,20000000.0,1,0,0.17
I1,I,14,,0.0025405410038538,0.0025405410038538,38066578.695901,1,0,0.17
I2,I,14,,0.0012702705019269,0.0012702705019269,34203634.32712768,1,0,0.17
I3,I,14,,0.0006351352509634,0.0006351352509634,33306459.95297,1,0,0.17
P1,P,15,-0.0008150111725061,-0.0010850124353194,-0.0019000236078255,20000000.0,1,0,0.17
P2,P,15,-0.000543629812828,-0.0021350120340892,-0.0026786418469172,20000000.0,1,0,0.17
I1,I,15,,0.0025405410038538,0.0025405410038538,37551950.484221615,1,0,0.17
I2,I,15,,0.0012702705019269,0.0012702705019269,33719919.662485465,1,0,0.17
I3,I,15,,0.0006351352509634,0.0006351352509634,32812959.98284063,1,0,0.17
P1,P,16,-0.0007439879455553,-0.0011491562991721,-0.0018931442447275,20000000.0,1,0,0.17
P2,P,16,-0.000499705587464,-0.0021627889654847,-0.0026624945529487,20000000.0,1,0,0.17
I1,I,16,,0.0025405410038538,0.0025405410038538,37091319.46573806,1,0,0.17
I2,I,16,,0.0012702705019269,0.0012702705019269,33289073.735800896,1,0,0.17
I3,I,16,,0.0006351352509634,0.0006351352509634,32372383.203072038,1,0,0.17
P1,P,17,-0.0006819012321964,-0.0012094989210639,-0.0018914001532604,20000000.0,1,0,0.17
P2,P,17,-0.0004616205647072,-0.0021847607979246,-0.0026463813626318,20000000.0,1,0,0.17
I1,I,17,,0.0025405410038538,0.0025405410038538,36674359.95909157,1,0,0.17
I2,I,17,,0.0012702705019269,0.0012702705019269,32900821.177960724,1,0,0.17
I3,I,17,,0.0006351352509634,0.0006351352509634,31974486.978224035,1,0,0.17
P1,P,18,-0.0006280817428874,-0.0012653638613946,-0.001893445604282,20000000.0,1,0,0.17
P2,P,18,-0.0004283555796155,-0.0022016013945339,-0.0026299569741495,20000000.0,1,0,0.17
I1,I,18,,0.0025405410038538,0.0025405410038538,36294302.815505125,1,0,0.17
I2,I,18,,0.0012702705019269,0.0012702705019269,32548364.229427066,1,0,0.17
I3,I,18,,0.0006351352509634,0.0006351352509634,31612539.98197618,1,0,0.17
P1,P,19,-0.0005816443636448,-0.0013161866328332,-0.0018978309964781,20000000.0,1,0,0.17
P2,P,19,-0.000399052772866,-0.0022144101582642,-0.0026134629311303,20000000.0,1,0,0.17
I1,I,19,,0.0025405410038538,0.0025405410038538,35946947.88625166,1,0,0.17
I2,I,19,,0.0012702705019269,0.0012702705019269,32227361.21139696,1,0,0.17
I3,I,19,,0.0006351352509634,0.0006351352509634,31282332.30200513,1,0,0.17
P1,P,20,-0.0005415777253007,-0.0013618677197372,-0.001903445445038,20000000.0,1,0,0.17
P2,P,20,-0.0003730907525015,-0.0022242467358843,-0.0025973374883859,20000000.0,1,0,0.17
I1,I,20,,0.0025405410038538,0.0025405410038538,35629441.76532871,1,0,0.17
I2,I,20,,0.0012702705019269,0.0012702705019269,31934829.098983325,1,0,0.17
I3,I,20,,0.0006351352509634,0.0006351352509634,30981004.69647563,1,0,0.17
P1,P,21,-0.0005068643029278,-0.0014027829551889,-0.0019096472581168,20000000.0,1,0,0.17
P2,P,21,-0.0003500112039261,-0.0022319261818696,-0.0025819373857958,20000000.0,1,0,0.17
I1,I,21,,0.0025405410038538,0.0025405410038538,35339341.61563133,1,0,0.17
I2,I,21,,0.0012702705019269,0.0012702705019269,31668267.836615022,1,0,0.17
I3,I,21,,0.0006351352509634,0.0006351352509634,30706129.987886757,1,0,0.17
P1,P,22,-0.0004765778601292,-0.0014393372504965,-0.0019159151106258,20000000.0,1,0,0.17
P2,P,22,-0.0003294474784455,-0.002238097421666,-0.0025675449001115,20000000.0,1,0,0.17
I1,I,22,,0.0025405410038538,0.0025405410038538,35074595.47127014,1,0,0.17
I2,I,22,,0.0012702705019269,0.0012702705019269,31425606.70806728,1,0,0.17
I3,I,22,,0.0006351352509634,0.0006351352509634,30455684.962375574,1,0,0.17
P1,P,23,-0.0004500164330979,-0.001472198700392,-0.00192221513349,20000000.0,1,0,0.17
P2,P,23,-0.0003110472591776,-0.0022431612456238,-0.0025542085048014,20000000.0,1,0,0.17
I1,I,23,,0.0025405410038538,0.0025405410038538,34832808.11853402,1,0,0.17
I2,I,23,,0.0012702705019269,0.0012702705019269,31204521.62503603,1,0,0.17
I3,I,23,,0.0006351352509634,0.0006351352509634,30227331.44800784,1,0,0.17
P1,P,24,-0.0004265590775479,-0.0015017993137873,-0.0019283583913352,20000000.0,1,0,0.17
P2,P,24,-0.0002944975539359,-0.0022475169763968,-0.0025420145303327,20000000.0,1,0,0.17
I1,I,24,,0.0025405410038538,0.0025405410038538,34611626.034174345,1,0,0.17
I2,I,24,,0.0012702705019269,0.0012702705019269,31002721.44541966,1,0,0.17
I3,I,24,,0.0006351352509634,0.0006351352509634,30018765.23571203,1,0,0.17
P1,P,25,-0.0004056609553387,-0.0015285736105539,-0.0019342345658926,20000000.0,1,0,0.17
P2,P,25,-0.0002795273695976,-0.0022514460282089,-0.0025309733978066,20000000.0,1,0,0.17
I1,I,25,,0.0025405410038538,0.0025405410038538,34408780.53098898,1,0,0.17
I2,I,25,,0.0012702705019269,0.0012702705019269,30818014.537105523,1,0,0.17
I3,I,25,,0.0006351352509634,0.0006351352509634,29827771.787186638,1,0,0.17
P1,P,26,-0.0003868584909117,-0.0015529280544346,-0.0019397865453464,20000000.0,1,0,0.17
P2,P,26,-0.000265884558002,-0.002255164944453,-0.002521049502455,20000000.0,1,0,0.17
I1,I,26,,0.0025405410038538,0.0025405410038538,34222114.35839642,1,0,0.17
I2,I,26,,0.0012702705019269,0.0012702705019269,30648330.26498434,1,0,0.17
I3,I,26,,0.0006351352509634,0.0006351352509634,29652249.270820186,1,0,0.17
P1,P,27,-0.0003697915259702,-0.0015751928532208,-0.001944984379191,20000000.0,1,0,0.17
P2,P,27,-0.0002533748065847,-0.0022587767802772,-0.0025121515868619,20000000.0,1,0,0.17
I1,I,27,,0.0025405410038538,0.0025405410038538,34049723.76222252,1,0,0.17
I2,I,27,,0.0012702705019269,0.0012702705019269,30491858.105977178,1,0,0.17
I3,I,27,,0.0006351352509634,0.0006351352509634,29490350.026080165,1,0,0.17
P1,P,28,-0.0003541838947312,-0.0015956164831688,-0.0019498003779,20000000.0,1,0,0.17
P2,P,28,-0.0002418634784672,-0.0022623043887249,-0.0025041678671922,20000000.0,1,0,0.17
I1,I,28,,0.0025405410038538,0.0025405410038538,33890075.48896602,1,0,0.17
I2,I,28,,0.0012702705019269,0.0012702705019269,30347158.534227237,1,0,0.17
I3,I,28,,0.0006351352509634,0.0006351352509634,29340595.18357266,1,0,0.17
P1,P,29,-0.000339818149722,-0.0016144249821688,-0.0019542431318908,20000000.0,1,0,0.17
P2,P,29,-0.0002312477129191,-0.002265740962286,-0.0024969886752052,20000000.0,1,0,0.17
I1,I,29,,0.0025405410038538,0.0025405410038538,33741919.810126275,1,0,0.17
I2,I,29,,0.0012702705019269,0.0012702705019269,30213069.418347143,1,0,0.17
I3,I,29,,0.0006351352509634,0.0006351352509634,29201785.100581907,1,0,0.17
P1,P,0,-0.0015509044244545,0.0,-0.0015509044244545,20000000.0,1,9,0.17
P2,P,0,-0.0018605475296671,0.0,-0.0018605475296671,20000000.0,1,9,0.17
I1,I,0,,0.0025417829031318,0.0025417829031318,39871084.995335706,1,9,0.17
I2,I,0,,0.0012708914515659,0.0012708914515659,36028776.4706984,1,9,0.17
I3,I,0,,,,,0,9,0.17
P1,P,1,-0.0014424121448451,0.0,-0.0014424121448451,20000000.0,1,9,0.17
P2,P,1,-0.001712366939023,0.0,-0.001712366939023,20000000.0,1,9,0.17
I1,I,1,,0.0025417829031318,0.0025417829031318,40007661.816766135,1,9,0.17
I2,I,1,,0.0012708914515659,0.0012708914515659,36180460.80157251,1,9,0.17
I3,I,1,,,,,0,9,0.17
P1,P,2,-0.001439917071271,0.0,-0.001439917071271,20000000.0,1,9,0.17
P2,P,2,-0.0016967487359174,0.0,-0.0016967487359174,20000000.0,1,9,0.17
I1,I,2,,0.0025417829031318,0.0025417829031318,40381739.02079408,1,9,0.17
I2,I,2,,0.0012708914515659,0.0012708914515659,36467186.28896342,1,9,0.17
I3,I,2,,,,,0,9,0.17
P1,P,3,-0.0014638438730807,0.0,-0.0014638438730807,20000000.0,1,9,0.17
P2,P,3,-0.0017171489978361,0.0,-0.0017171489978361,20000000.0,1,9,0.17
I1,I,3,,0.0025417829031318,0.0025417829031318,40659545.21725059,1,9,0.17
I2,I,3,,0.0012708914515659,0.0012708914515659,36686239.232649386,1,9,0.17
I3,I,3,,,,,0,9,0.17
P1,P,4,-0.0014951295222334,0.0,-0.0014951295222334,20000000.0,1,9,0.17
P2,P,4,-0.001749816279734,0.0,-0.001749816279734,20000000.0,1,9,0.17
I1,I,4,,0.0025417829031318,0.0025417829031318,40864668.1358828,1,9,0.17
I2,I,4,,0.0012708914515659,0.0012708914515659,36855937.62603408,1,9,0.17
I3,I,4,,,,,0,9,0.17
P1,P,5,-0.0016209570356793,0.0,-0.0016209570356793,20000000.0,1,9,0.17
P2,P,5,-0.0017522602216143,-6.62432754008554e-05,-0.0018185034970151,20000000.0,1,9,0.17
I1,I,5,,0.0025417829031318,0.0025417829031318,41527233.85672788,1,9,0.17
I2,I,5,,0.0012708914515659,0.0012708914515659,37465949.55413054,1,9,0.17
I3,I,5,,,,,0,9,0.17
P1,P,6,-0.0017016074721556,0.0,-0.0017016074721556,20000000.0,1,9,0.17
P2,P,6,-0.0015348359306615,-0.0004221810422912,-0.0019570169729528,20000000.0,1,9,0.17
I1,I,6,,0.0025417829031318,0.0025417829031318,41684653.95951361,1,9,0.17
I2,I,6,,0.0012708914515659,0.0012708914515659,37572888.84716841,1,9,0.17
I3,I,6,,,,,0,9,0.17
P1,P,7,-0.0017092187241869,-3.129346117938865e-06,-0.0017123480703048,20000000.0,1,9,0.17
P2,P,7,-0.0013205070740525,-0.0008347347514308,-0.0021552418254834,20000000.0,1,9,0.17
I1,I,7,,0.0025417829031318,0.0025417829031318,41424392.91817348,1,9,0.17
I2,I,7,,0.0012708914515659,0.0012708914515659,37271596.25844992,1,9,0.17
I3,I,7,,,,,0,9,0.17
P1,P,8,-0.0016033193704449,-9.278547015827052e-05,-0.0016961048406032,20000000.0,1,9,0.17
P2,P,8,-0.0011497887853642,-0.0011486849382978,-0.0022984737236621,20000000.0,1,9,0.17
I1,I,8,,0.0025417829031318,0.0025417829031318,40885005.74441397,1,9,0.17
I2,I,8,,0.0012708914515659,0.0012708914515659,36721392.842956,1,9,0.17
I3,I,8,,,,,0,9,0.17
P1,P,9,-0.0014599300809815,-0.0002669105473789,-0.0017268406283604,20000000.0,1,9,0.17
P2,P,9,-0.0010041702057791,-0.0013638294338327,-0.0023679996396118,20000000.0,1,9,0.17
I1,I,9,,0.0025417829031318,0.0025417829031318,40131299.288030736,1,9,0.17
I2,I,9,,0.0012708914515659,0.0012708914515659,35987109.88347865,1,9,0.17
I3,I,9,,,,,0,9,0.17
P1,P,10,-0.0013926512341978,-0.0004602161564276,-0.0018528673906254,20000000.0,1,9,0.17
P2,P,10,-0.0009201749144142,-0.001660114819873,-0.0025802897342873,20000000.0,1,9,0.17
I1,I,10,,0.0025417829031318,0.0025417829031318,40412647.204635166,1,9,0.17
I2,I,10,,0.0012708914515659,0.0012708914515659,36246788.04174633,1,9,0.17
I3,I,10,,0.0006354457257829,0.0006354457257829,36279831.604149126,1,9,0.17
P1,P,11,-0.0012787374611594,-0.0006240565657701,-0.0019027940269295,20000000.0,1,9,0.17
P2,P,11,-0.0008316527037989,-0.0018533574461555,-0.0026850101499545,20000000.0,1,9,0.17
I1,I,11,,0.0025417829031318,0.0025417829031318,39996595.38805013,1,9,0.17
I2,I,11,,0.0012708914515659,0.0012708914515659,35835527.693434745,1,9,0.17
I3,I,11,,0.0006354457257829,0.0006354457257829,35771877.47668781,1,9,0.17
P1,P,12,-0.0011498692328816,-0.0007609260542713,-0.001910795287153,20000000.0,1,9,0.17
P2,P,12,-0.0007489768763941,-0.0019777844539387,-0.0027267613303328,20000000.0,1,9,0.17
I1,I,12,,0.0025417829031318,0.0025417829031318,39420262.54771906,1,9,0.17
I2,I,12,,0.0012708914515659,0.0012708914515659,35281715.96140485,1,9,0.17
I3,I,12,,0.0006354457257829,0.0006354457257829,35180184.997779906,1,9,0.17
P1,P,13,-0.0010355147726807,-0.0008679574888103,-0.001903472261491,20000000.0,1,9,0.17
P2,P,13,-0.0006763257310587,-0.0020595709172978,-0.0027358966483566,20000000.0,1,9,0.17
I1,I,13,,0.0025417829031318,0.0025417829031318,38817376.137802176,1,9,0.17
I2,I,13,,0.0012708914515659,0.0012708914515659,34707549.40828882,1,9,0.17
I3,I,13,,0.0006354457257829,0.0006354457257829,34580882.064517505,1,9,0.17
P1,P,14,-0.0009405102714432,-0.0009507579014965,-0.0018912681729398,20000000.0,1,9,0.17
P2,P,14,-0.0006140275813481,-0.0021156701810015,-0.0027296977623496,20000000.0,1,9,0.17
I1,I,14,,0.0025417829031318,0.0025417829031318,38241934.80627992,1,9,0.17
I2,I,14,,0.0012708914515659,0.0012708914515659,34162704.086778745,1,9,0.17
I3,I,14,,0.0006354457257829,0.0006354457257829,34016341.81398196,1,9,0.17
P1,P,15,-0.0008603611075594,-0.0010185628632992,-0.0018789239708587,20000000.0,1,9,0.17
P2,P,15,-0.0005610127272196,-0.0021564522944377,-0.0027174650216573,20000000.0,1,9,0.17
I1,I,15,,0.0025417829031318,0.0025417829031318,37714195.04989991,1,9,0.17
I2,I,15,,0.0012708914515659,0.0012708914515659,33665412.12396356,1,9,0.17
I3,I,15,,0.0006354457257829,0.0006354457257829,33502456.318298142,1,9,0.17
P1,P,16,-0.0007907857125719,-0.001079102113339,-0.0018698878259109,20000000.0,1,9,0.17
P2,P,16,-0.0005157669798979,-0.0021873659134586,-0.0027031328933565,20000000.0,1,9,0.17
I1,I,16,,0.0025417829031318,0.0025417829031318,37236111.31797687,1,9,0.17
I2,I,16,,0.0012708914515659,0.0012708914515659,33216927.00025507,1,9,0.17
I3,I,16,,0.0006354457257829,0.0006354457257829,33039357.009118903,1,9,0.17
P1,P,17,-0.0007291572631727,-0.0011363033529766,-0.0018654606161494,20000000.0,1,9,0.17
P2,P,17,-0.0004768324295247,-0.0022109489508698,-0.0026877813803946,20000000.0,1,9,0.17
I1,I,17,,0.0025417829031318,0.0025417829031318,36802489.88100767,1,9,0.17
I2,I,17,,0.0012708914515659,0.0012708914515659,32811939.188742388,1,9,0.17
I3,I,17,,0.0006354457257829,0.0006354457257829,32621054.421304468,1,9,0.17
P1,P,18,-0.0006741039037436,-0.0011912884207969,-0.0018653923245406,20000000.0,1,9,0.17
P2,P,18,-0.0004429597558057,-0.0022287173620226,-0.0026716771178284,20000000.0,1,9,0.17
I1,I,18,,0.0025417829031318,0.0025417829031318,36406960.55150561,1,9,0.17
I2,I,18,,0.0012708914515659,0.0012708914515659,32444053.912206784,1,9,0.17
I3,I,18,,0.0006354457257829,0.0006354457257829,32240780.833830643,1,9,0.17
P1,P,19,-0.0006248960139556,-0.0012438916316613,-0.0018687876456169,20000000.0,1,9,0.17
P2,P,19,-0.0004131862490317,-0.0022418754634418,-0.0026550617124735,20000000.0,1,9,0.17
I1,I,19,,0.0025417829031318,0.0025417829031318,36044053.62769279,1,9,0.17
I2,I,19,,0.0012708914515659,0.0012708914515659,32107724.44131444,1,9,0.17
I3,I,19,,0.0006354457257829,0.0006354457257829,31892822.32646903,1,9,0.17
P1,P,20,-0.0005811162754397,-0.0012933538404578,-0.0018744701158976,20000000.0,1,9,0.17
P2,P,20,-0.0003867908974112,-0.0022514467150933,-0.0026382376125045,20000000.0,1,9,0.17
I1,I,20,,0.0025417829031318,0.0025417829031318,35710068.31651932,1,9,0.17
I2,I,20,,0.0012708914515659,0.0012708914515659,31799128.36466802,1,9,0.17
I3,I,20,,0.0006354457257829,0.0006354457257829,31573307.042851645,1,9,0.17
P1,P,21,-0.0005424452615909,-0.0013390592566277,-0.0018815045182186,20000000.0,1,9,0.17
P2,P,21,-0.0003632696642642,-0.0022582541412937,-0.0026215238055579,20000000.0,1,9,0.17
I1,I,21,,0.0025417829031318,0.0025417829031318,35402545.09122665,1,9,0.17
I2,I,21,,0.0012708914515659,0.0012708914515659,31515716.21288739,1,9,0.17
I3,I,21,,0.0006354457257829,0.0006354457257829,31279672.334928952,1,9,0.17
P1,P,22,-0.0005084311620191,-0.0013807067135065,-0.0018891378755256,20000000.0,1,9,0.17
P2,P,22,-0.0003422550565877,-0.002262998618841,-0.0026052536754288,20000000.0,1,9,0.17
I1,I,22,,0.0025417829031318,0.0025417829031318,35119849.18397092,1,9,0.17
I2,I,22,,0.0012708914515659,0.0012708914515659,31255782.10999255,1,9,0.17
I3,I,22,,0.0006354457257829,0.0006354457257829,31010218.1256432,1,9,0.17
P1,P,23,-0.0004784960858266,-0.0014182650817411,-0.0018967611675677,20000000.0,1,9,0.17
P2,P,23,-0.0003234520515768,-0.0022663672850443,-0.0025898193366212,20000000.0,1,9,0.17
I1,I,23,,0.0025417829031318,0.0025417829031318,34860719.041827254,1,9,0.17
I2,I,23,,0.0012708914515659,0.0012708914515659,31018014.395285208,1,9,0.17
I3,I,23,,0.0006354457257829,0.0006354457257829,30763643.204950288,1,9,0.17
P1,P,24,-0.0004520656307652,-0.00145214986326,-0.0019042154940253,20000000.0,1,9,0.17
P2,P,24,-0.000306571328442,-0.0022689036349173,-0.0025754749633593,20000000.0,1,9,0.17
I1,I,24,,0.0025417829031318,0.0025417829031318,34623351.6048153,1,9,0.17
I2,I,24,,0.0012708914515659,0.0012708914515659,30800639.078317847,1,9,0.17
I3,I,24,,0.0006354457257829,0.0006354457257829,30538144.427633952,1,9,0.17
P1,P,25,-0.0004286046338478,-0.0014827866362177,-0.0019113912700655,20000000.0,1,9,0.17
P2,P,25,-0.0002913302656072,-0.0022710097821568,-0.002562340047764,20000000.0,1,9,0.17
I1,I,25,,0.0025417829031318,0.0025417829031318,34405636.7760357,1,9,0.17
I2,I,25,,0.0012708914515659,0.0012708914515659,30601609.086931147,1,9,0.17
I3,I,25,,0.0006354457257829,0.0006354457257829,30331631.32242328,1,9,0.17
P1,P,26,-0.0004076293950011,-0.0015106036344294,-0.0019182330294306,20000000.0,1,9,0.17
P2,P,26,-0.0002774543505496,-0.0022729504243966,-0.0025504047749463,20000000.0,1,9,0.17
I1,I,26,,0.0025417829031318,0.0025417829031318,34205412.77554045,1,9,0.17
I2,I,26,,0.0012708914515659,0.0012708914515659,30418846.96945674,1,9,0.17
I3,I,26,,0.0006354457257829,0.0006354457257829,30141975.299608327,1,9,0.17
P1,P,27,-0.0003887108291613,-0.00153590889308,-0.0019246197222413,20000000.0,1,9,0.17
P2,P,27,-0.0002647307758044,-0.0022749288189791,-0.0025396595947836,20000000.0,1,9,0.17
I1,I,27,,0.0025417829031318,0.0025417829031318,34020740.87832604,1,9,0.17
I2,I,27,,0.0012708914515659,0.0012708914515659,30250492.637816105,1,9,0.17
I3,I,27,,0.0006354457257829,0.0006354457257829,29967274.23366559,1,9,0.17
P1,P,28,-0.0003715202609116,-0.001558951959801,-0.0019304722207127,20000000.0,1,9,0.17
P2,P,28,-0.0002530069651696,-0.0022770435299535,-0.0025300504951232,20000000.0,1,9,0.17
I1,I,28,,0.0025417829031318,0.0025417829031318,33849994.85452364,1,9,0.17
I2,I,28,,0.0012708914515659,0.0012708914515659,30095008.017146934,1,9,0.17
I3,I,28,,0.0006354457257829,0.0006354457257829,29805941.01242533,1,9,0.17
P1,P,29,-0.0003558110405167,-0.0015800356680476,-0.0019358467085643,20000000.0,1,9,0.17
P2,P,29,-0.000242167337628,-0.0022792570787841,-0.0025214244164122,20000000.0,1,9,0.17
I1,I,29,,0.0025417829031318,0.0025417829031318,33691780.72080988,1,9,0.17
I2,I,29,,0.0012708914515659,0.0012708914515659,29951109.252830032,1,9,0.17
I3,I,29,,0.0006354457257829,0.0006354457257829,29656631.270134117,1,9,0.17
P1,P,0,-0.0014856979169538,0.0,-0.0014856979169538,20000000.0,1,19,0.33
P2,P,0,-0.001940506370705,0.0,-0.001940506370705,20000000.0,1,19,0.33
I1,I,0,,0.0025496798690879,0.0025496798690879,40311418.27567181,1,19,0.33
I2,I,0,,0.0012748399345439,0.0012748399345439,35688705.11391598,1,19,0.33
I3,I,0,,,,,0,19,0.33
P1,P,1,-0.0013899342514029,0.0,-0.0013899342514029,20000000.0,1,19,0.33
P2,P,1,-0.0017760337125453,0.0,-0.0017760337125453,20000000.0,1,19,0.33
I1,I,1,,0.0025496798690879,0.0025496798690879,40377625.30677384,1,19,0.33
I2,I,1,,0.0012748399345439,0.0012748399345439,35875061.38773207,1,19,0.33
I3,I,1,,,,,0,19,0.33
P1,P,2,-0.0013901956710166,0.0,-0.0013901956710166,20000000.0,1,19,0.33
P2,P,2,-0.0017554430062426,0.0,-0.0017554430062426,20000000.0,1,19,0.33
I1,I,2,,0.0025496798690879,0.0025496798690879,40742984.83086448,1,19,0.33
I2,I,2,,0.0012748399345439,0.0012748399345439,36160826.26414018,1,19,0.33
I3,I,2,,,,,0,19,0.33
P1,P,3,-0.0014140565785828,0.0,-0.0014140565785828,20000000.0,1,19,0.33
P2,P,3,-0.0017747369060091,0.0,-0.0017747369060091,20000000.0,1,19,0.33
I1,I,3,,0.0025496798690879,0.0025496798690879,41021217.47062038,1,19,0.33
I2,I,3,,0.0012748399345439,0.0012748399345439,36376577.534816094,1,19,0.33
I3,I,3,,,,,0,19,0.33
P1,P,4,-0.0014444081573295,0.0,-0.0014444081573295,20000000.0,1,19,0.33
P2,P,4,-0.0018077976582207,0.0,-0.0018077976582207,20000000.0,1,19,0.33
I1,I,4,,0.0025496798690879,0.0025496798690879,41229188.1324096,1,19,0.33
I2,I,4,,0.0012748399345439,0.0012748399345439,36544112.780741714,1,19,0.33
I3,I,4,,,,,0,19,0.33
P1,P,5,-0.0015677127616646,0.0,-0.0015677127616646,20000000.0,1,19,0.33
P2,P,5,-0.0018037683190943,-6.329660851875573e-05,-0.0018670649276131,20000000.0,1,19,0.33
I1,I,5,,0.0025496798690879,0.0025496798690879,41927019.50754557,1,19,0.33
I2,I,5,,0.0012748399345439,0.0012748399345439,37176979.86556131,1,19,0.33
I3,I,5,,,,,0,19,0.33
P1,P,6,-0.0016471698431495,0.0,-0.0016471698431495,20000000.0,1,19,0.33
P2,P,6,-0.0015740430750271,-0.0004412971746094,-0.0020153402496366,20000000.0,1,19,0.33
I1,I,6,,0.0025496798690879,0.0025496798690879,42106226.57135533,1,19,0.33
I2,I,6,,0.0012748399345439,0.0012748399345439,37294260.40611128,1,19,0.33
I3,I,6,,,,,0,19,0.33
P1,P,7,-0.0016601944617882,-1.3277818302581862e-06,-0.0016615222436185,20000000.0,1,19,0.33
P2,P,7,-0.0013469420280773,-0.0008812259777726,-0.0022281680058499,20000000.0,1,19,0.33
I1,I,7,,0.0025496798690879,0.0025496798690879,41839257.59766191,1,19,0.33
I2,I,7,,0.0012748399345439,0.0012748399345439,36975852.90644127,1,19,0.33
I3,I,7,,,,,0,19,0.33
P1,P,8,-0.0015659576527999,-6.119653820228053e-05,-0.0016271541910022,20000000.0,1,19,0.33
P2,P,8,-0.0011707595987354,-0.0012098489232632,-0.0023806085219987,20000000.0,1,19,0.33
I1,I,8,,0.0025496798690879,0.0025496798690879,41304904.68865117,1,19,0.33
I2,I,8,,0.0012748399345439,0.0012748399345439,36424382.4147376,1,19,0.33
I3,I,8,,,,,0,19,0.33
P1,P,9,-0.0014174756939235,-0.0001982547169096,-0.0016157304108331,20000000.0,1,19,0.33
P2,P,9,-0.0010265734176698,-0.0014357325188744,-0.0024623059365443,20000000.0,1,19,0.33
I1,I,9,,0.0025496798690879,0.0025496798690879,40611454.038821466,1,19,0.33
I2,I,9,,0.0012748399345439,0.0012748399345439,35742873.206673265,1,19,0.33
I3,I,9,,,,,0,19,0.33
P1,P,10,-0.0012641472971871,-0.0003431428281925,-0.0016072901253796,20000000.0,1,19,0.33
P2,P,10,-0.0009039688130847,-0.0015889318556251,-0.0024929006687099,20000000.0,1,19,0.33
I1,I,10,,0.0025496798690879,0.0025496798690879,39855841.20247091,1,19,0.33
I2,I,10,,0.0012748399345439,0.0012748399345439,35014000.348528296,1,19,0.33
I3,I,10,,,,,0,19,0.33
P1,P,11,-0.001125721944655,-0.0004725223070831,-0.0015982442517381,20000000.0,1,19,0.33
P2,P,11,-0.0007999887007258,-0.0016921939155754,-0.0024921826163012,20000000.0,1,19,0.33
I1,I,11,,0.0025496798690879,0.0025496798690879,39104207.407115504,1,19,0.33
I2,I,11,,0.0012748399345439,0.0012748399345439,34296065.55283985,1,19,0.33
I3,I,11,,,,,0,19,0.33
P1,P,12,-0.0010063481885601,-0.0005770632548079,-0.0015834114433681,20000000.0,1,19,0.33
P2,P,12,-0.0007132645840104,-0.0017634599791118,-0.0024767245631222,20000000.0,1,19,0.33
I1,I,12,,0.0025496798690879,0.0025496798690879,38403745.39447342,1,19,0.33
I2,I,12,,0.0012748399345439,0.0012748399345439,33630677.511920765,1,19,0.33
I3,I,12,,,,,0,19,0.33
P1,P,13,-0.0009053487265496,-0.0006572821086124,-0.0015626308351621,20000000.0,1,19,0.33
P2,P,13,-0.0006418579036531,-0.0018158373875724,-0.0024576952912255,20000000.0,1,19,0.33
I1,I,13,,0.0025496798690879,0.0025496798690879,37781313.92780887,1,19,0.33
I2,I,13,,0.0012748399345439,0.0012748399345439,33041620.58499376,1,19,0.33
I3,I,13,,,,,0,19,0.33
P1,P,14,-0.0008231161692592,-0.000721996647677,-0.0015451128169362,20000000.0,1,19,0.33
P2,P,14,-0.0005829357384697,-0.0018564817330311,-0.0024394174715008,20000000.0,1,19,0.33
I1,I,14,,0.0025496798690879,0.0025496798690879,37234765.503837965,1,19,0.33
I2,I,14,,0.0012748399345439,0.0012748399345439,32526518.13250062,1,19,0.33
I3,I,14,,,,,0,19,0.33
P1,P,15,-0.0007559564391618,-0.0007770087850285,-0.0015329652241904,20000000.0,1,19,0.33
P2,P,15,-0.0005336993641758,-0.0018888419166473,-0.0024225412808232,20000000.0,1,19,0.33
I1,I,15,,0.0025496798690879,0.0025496798690879,36752428.30181611,1,19,0.33
I2,I,15,,0.0012748399345439,0.0012748399345439,32074125.153126925,1,19,0.33
I3,I,15,,,,,0,19,0.33
P1,P,16,-0.0006991808255966,-0.0008261034899302,-0.0015252843155268,20000000.0,1,19,0.33
P2,P,16,-0.0004919398653992,-0.0019150477799908,-0.0024069876453901,20000000.0,1,19,0.33
I1,I,16,,0.0025496798690879,0.0025496798690879,36323106.63616056,1,19,0.33
I2,I,16,,0.0012748399345439,0.0012748399345439,31673470.822592106,1,19,0.33
I3,I,16,,,,,0,19,0.33
P1,P,17,-0.0006493854503854,-0.0008721625914105,-0.0015215480417959,20000000.0,1,19,0.33
P2,P,17,-0.0004559970255791,-0.0019363714087217,-0.0023923684343009,20000000.0,1,19,0.33
I1,I,17,,0.0025496798690879,0.0025496798690879,35937053.032740854,1,19,0.33
I2,I,17,,0.0012748399345439,0.0012748399345439,31314982.983334094,1,19,0.33
I3,I,17,,,,,0,19,0.33
P1,P,18,-0.0006047645246414,-0.0009163855133633,-0.0015211500380047,20000000.0,1,19,0.33
P2,P,18,-0.0004246763024429,-0.0019535770904454,-0.0023782533928883,20000000.0,1,19,0.33
I1,I,18,,0.0025496798690879,0.0025496798690879,35586443.46087743,1,19,0.33
I2,I,18,,0.0012748399345439,0.0012748399345439,30990946.960049,1,19,0.33
I3,I,18,,,,,0,19,0.33
P1,P,19,-0.0005645352137544,-0.0009590503081352,-0.0015235855218897,20000000.0,1,19,0.33
P2,P,19,-0.0003970868842123,-0.001967141663134,-0.0023642285473464,20000000.0,1,19,0.33
I1,I,19,,0.0025496798690879,0.0025496798690879,35265304.08096625,1,19,0.33
I2,I,19,,0.0012748399345439,0.0012748399345439,30695447.187413637,1,19,0.33
I3,I,19,,,,,0,19,0.33
P1,P,20,-0.0006140260046009,-0.0012235673160144,-0.0018375933206154,20000000.0,1,19,0.33
P2,P,20,-0.0004296966663603,-0.0024337165537065,-0.0028634132200669,20000000.0,1,19,0.33
I1,I,20,,0.0025496798690879,0.0025496798690879,36964695.32398865,1,19,0.33
I2,I,20,,0.0012748399345439,0.0012748399345439,32300680.415464845,1,19,0.33
I3,I,20,,0.0012748399345439,0.0012748399345439,34380867.22397414,1,19,0.33
P1,P,21,-0.0006044891210768,-0.0013695502841814,-0.0019740394052582,20000000.0,1,19,0.33
P2,P,21,-0.0004228229209389,-0.0026138068712117,-0.0030366297921507,20000000.0,1,19,0.33
I1,I,21,,0.0025496798690879,0.0025496798690879,37163364.71455064,1,19,0.33
I2,I,21,,0.0012748399345439,0.0012748399345439,32481595.9708815,1,19,0.33
I3,I,21,,0.0012748399345439,0.0012748399345439,34427454.60894915,1,19,0.33
P1,P,22,-0.0005731611875698,-0.0014515375709814,-0.0020246987585512,20000000.0,1,19,0.33
P2,P,22,-0.0004027543530026,-0.002685547118297,-0.0030883014712997,20000000.0,1,19,0.33
I1,I,22,,0.0025496798690879,0.0025496798690879,37013539.62003961,1,19,0.33
I2,I,22,,0.0012748399345439,0.0012748399345439,32344467.12195877,1,19,0.33
I3,I,22,,0.0012748399345439,0.0012748399345439,34236166.44973051,1,19,0.33
P1,P,23,-0.0005378483860464,-0.0015066601764402,-0.0020445085624866,20000000.0,1,19,0.33
P2,P,23,-0.0003800013886468,-0.0027168443108622,-0.0030968456995091,20000000.0,1,19,0.33
I1,I,23,,0.0025496798690879,0.0025496798690879,36766260.60398732,1,19,0.33
I2,I,23,,0.0012748399345439,0.0012748399345439,32117301.48832385,1,19,0.33
I3,I,23,,0.0012748399345439,0.0012748399345439,33974971.00024881,1,19,0.33
P1,P,24,-0.0005044237960718,-0.0015502790634684,-0.0020547028595403,20000000.0,1,19,0.33
P2,P,24,-0.0003581054426046,-0.0027324103901906,-0.0030905158327952,20000000.0,1,19,0.33
I1,I,24,,0.0025496798690879,0.0025496798690879,36501468.855898775,1,19,0.33
I2,I,24,,0.0012748399345439,0.0012748399345439,31874236.722006798,1,19,0.33
I3,I,24,,0.0012748399345439,0.0012748399345439,33707160.432536386,1,19,0.33
P1,P,25,-0.000474259351226,-0.0015878807910748,-0.0020621401423008,20000000.0,1,19,0.33
P2,P,25,-0.00033800485959,-0.0027414390804871,-0.0030794439400772,20000000.0,1,19,0.33
I1,I,25,,0.0025496798690879,0.0025496798690879,36244973.28610002,1,19,0.33
I2,I,25,,0.0012748399345439,0.0012748399345439,31639199.768325254,1,19,0.33
I3,I,25,,0.0012748399345439,0.0012748399345439,33452634.567442644,1,19,0.33
P1,P,26,-0.0004473073440232,-0.0016214841976623,-0.0020687915416855,20000000.0,1,19,0.33
P2,P,26,-0.0003197728675305,-0.0027475409236397,-0.0030673137911703,20000000.0,1,19,0.33
I1,I,26,,0.0025496798690879,0.0025496798690879,36004208.08197171,1,19,0.33
I2,I,26,,0.0012748399345439,0.0012748399345439,31418973.902921118,1,19,0.33
I3,I,26,,0.0012748399345439,0.0012748399345439,33216312.308196947,1,19,0.33
P1,P,27,-0.0004231827723822,-0.0016519879384481,-0.0020751707108303,20000000.0,1,19,0.33
P2,P,27,-0.0003032349082428,-0.0027522072653153,-0.0030554421735582,20000000.0,1,19,0.33
I1,I,27,,0.0025496798690879,0.0025496798690879,35780345.377170965,1,19,0.33
I2,I,27,,0.0012748399345439,0.0012748399345439,31214536.43846133,1,19,0.33
I3,I,27,,0.0012748399345439,0.0012748399345439,32998156.91083609,1,19,0.33
P1,P,28,-0.0004014693060971,-0.001679897385644,-0.0020813666917411,20000000.0,1,19,0.33
P2,P,28,-0.0002881869658108,-0.0027560612914386,-0.0030442482572495,20000000.0,1,19,0.33
I1,I,28,,0.0025496798690879,0.0025496798690879,35572602.96733598,1,19,0.33
I2,I,28,,0.0012748399345439,0.0012748399345439,31025090.72551003,1,19,0.33
I3,I,28,,0.0012748399345439,0.0012748399345439,32796759.500377547,1,19,0.33
P1,P,29,-0.0003818070076965,-0.0017055942749152,-0.0020874012826117,20000000.0,1,19,0.33
P2,P,29,-0.0002744531270863,-0.0027593426469481,-0.0030337957740345,20000000.0,1,19,0.33
I1,I,29,,0.0025496798690879,0.0025496798690879,35379712.68226003,1,19,0.33
I2,I,29,,0.0012748399345439,0.0012748399345439,30849429.04021485,1,19,0.33
I3,I,29,,0.0012748399345439,0.0012748399345439,32610507.721634977,1,19,0.33
P1,P,0,-0.0014885041787049,0.0,-0.0014885041787049,20000000.0,1,21,0.33
P2,P,0,-0.0017953296292802,0.0,-0.0017953296292802,20000000.0,1,21,0.33
I1,I,0,,0.0025429300513688,0.0025429300513688,40758806.88339727,1,21,0.33
I2,I,0,,0.0012714650256844,0.0012714650256844,35706947.011172906,1,21,0.33
I3,I,0,,,,,0,21,0.33
P1,P,1,-0.0013886849444261,0.0,-0.0013886849444261,20000000.0,1,21,0.33
P2,P,1,-0.0016528980106834,0.0,-0.0016528980106834,20000000.0,1,21,0.33
I1,I,1,,0.0025429300513688,0.0025429300513688,40771047.99264259,1,21,0.33
I2,I,1,,0.0012714650256844,0.0012714650256844,35958375.2629804,1,21,0.33
I3,I,1,,,,,0,21,0.33
P1,P,2,-0.0013918462327121,0.0,-0.0013918462327121,20000000.0,1,21,0.33
P2,P,2,-0.0016416889926465,0.0,-0.0016416889926465,20000000.0,1,21,0.33
I1,I,2,,0.0025429300513688,0.0025429300513688,41159060.2987323,1,21,0.33
I2,I,2,,0.0012714650256844,0.0012714650256844,36302333.6978806,1,21,0.33
I3,I,2,,,,,0,21,0.33
P1,P,3,-0.0014200285965116,0.0,-0.0014200285965116,20000000.0,1,21,0.33
P2,P,3,-0.0016661438008601,0.0,-0.0016661438008601,20000000.0,1,21,0.33
I1,I,3,,0.0025429300513688,0.0025429300513688,41469606.09065312,1,21,0.33
I2,I,3,,0.0012714650256844,0.0012714650256844,36564634.31967242,1,21,0.33
I3,I,3,,,,,0,21,0.33
P1,P,4,-0.0014548595716009,0.0,-0.0014548595716009,20000000.0,1,21,0.33
P2,P,4,-0.0017026640937143,0.0,-0.0017026640937143,20000000.0,1,21,0.33
I1,I,4,,0.0025429300513688,0.0025429300513688,41711322.57838668,1,21,0.33
I2,I,4,,0.0012714650256844,0.0012714650256844,36773021.30421992,1,21,0.33
I3,I,4,,,,,0,21,0.33
P1,P,5,-0.0015932642331551,0.0,-0.0015932642331551,20000000.0,1,21,0.33
P2,P,5,-0.0017154049819856,-7.329376621804071e-05,-0.0017886987482036,20000000.0,1,21,0.33
I1,I,5,,0.0025429300513688,0.0025429300513688,42514771.88840556,1,21,0.33
I2,I,5,,0.0012714650256844,0.0012714650256844,37514196.86634416,1,21,0.33
I3,I,5,,,,,0,21,0.33
P1,P,6,-0.0016832664464315,0.0,-0.0016832664464315,20000000.0,1,21,0.33
P2,P,6,-0.001512105353971,-0.0004349823362335,-0.0019470876902046,20000000.0,1,21,0.33
I1,I,6,,0.0025429300513688,0.0025429300513688,42762413.54773635,1,21,0.33
I2,I,6,,0.0012714650256844,0.0012714650256844,37701815.303058766,1,21,0.33
I3,I,6,,,,,0,21,0.33
P1,P,7,-0.0016901756786492,-6.396028744427506e-06,-0.0016965717073936,20000000.0,1,21,0.33
P2,P,7,-0.0013139390152414,-0.0008396017056161,-0.0021535407208576,20000000.0,1,21,0.33
I1,I,7,,0.0025429300513688,0.0025429300513688,42568355.20264207,1,21,0.33
I2,I,7,,0.0012714650256844,0.0012714650256844,37460672.56343359,1,21,0.33
I3,I,7,,,,,0,21,0.33
P1,P,8,-0.0015861817744193,-0.000108255866701,-0.0016944376411204,20000000.0,1,21,0.33
P2,P,8,-0.0011618694702549,-0.0011307186007304,-0.0022925880709853,20000000.0,1,21,0.33
I1,I,8,,0.0025429300513688,0.0025429300513688,42077779.84581678,1,21,0.33
I2,I,8,,0.0012714650256844,0.0012714650256844,36958176.17218963,1,21,0.33
I3,I,8,,,,,0,21,0.33
P1,P,9,-0.0014499000228416,-0.0002817286212018,-0.0017316286440434,20000000.0,1,21,0.33
P2,P,9,-0.0010308233653357,-0.001323587496636,-0.0023544108619717,20000000.0,1,21,0.33
I1,I,9,,0.0025429300513688,0.0025429300513688,41373099.37829752,1,21,0.33
I2,I,9,,0.0012714650256844,0.0012714650256844,36271381.14550641,1,21,0.33
I3,I,9,,,,,0,21,0.33
P1,P,10,-0.0013083399801043,-0.000436745418895,-0.0017450853989994,20000000.0,1,21,0.33
P2,P,10,-0.0009121945625614,-0.0014575983947514,-0.0023697929573129,20000000.0,1,21,0.33
I1,I,10,,0.0025429300513688,0.0025429300513688,40582025.89155949,1,21,0.33
I2,I,10,,0.0012714650256844,0.0012714650256844,35508825.199533045,1,21,0.33
I3,I,10,,,,,0,21,0.33
P1,P,11,-0.0011703902285998,-0.0005644340423102,-0.0017348242709101,20000000.0,1,21,0.33
P2,P,11,-0.0008078409407753,-0.0015552803286881,-0.0023631212694634,20000000.0,1,21,0.33
I1,I,11,,0.0025429300513688,0.0025429300513688,39801060.04417299,1,21,0.33
I2,I,11,,0.0012714650256844,0.0012714650256844,34757956.83359431,1,21,0.33
I3,I,11,,,,,0,21,0.33
P1,P,12,-0.0010449170510138,-0.0006654425109615,-0.0017103595619753,20000000.0,1,21,0.33
P2,P,12,-0.0007194577892315,-0.0016295290243633,-0.0023489868135948,20000000.0,1,21,0.33
I1,I,12,,0.0025429300513688,0.0025429300513688,39084972.31388244,1,21,0.33
I2,I,12,,0.0012714650256844,0.0012714650256844,34070413.163063176,1,21,0.33
I3,I,12,,,,,0,21,0.33
P1,P,13,-0.0009414390369978,-0.0007443953180979,-0.0016858343550957,20000000.0,1,21,0.33
P2,P,13,-0.0006458166560759,-0.0016876549523224,-0.0023334716083984,20000000.0,1,21,0.33
I1,I,13,,0.0025429300513688,0.0025429300513688,38446061.98823944,1,21,0.33
I2,I,13,,0.0012714650256844,0.0012714650256844,33458653.090314023,1,21,0.33
I3,I,13,,,,,0,21,0.33
P1,P,14,-0.0008574785376931,-0.000806993516568,-0.0016644720542612,20000000.0,1,21,0.33
P2,P,14,-0.0005845626827053,-0.0017341971318512,-0.0023187598145565,20000000.0,1,21,0.33
I1,I,14,,0.0025429300513688,0.0025429300513688,37881388.29249676,1,21,0.33
I2,I,14,,0.0012714650256844,0.0012714650256844,32919914.474538915,1,21,0.33
I3,I,14,,,,,0,21,0.33
P1,P,15,-0.0007877595406028,-0.0008592237095879,-0.0016469832501907,20000000.0,1,21,0.33
P2,P,15,-0.0005332809749747,-0.0017722138130714,-0.0023054947880461,20000000.0,1,21,0.33
I1,I,15,,0.0025429300513688,0.0025429300513688,37383053.017263584,1,21,0.33
I2,I,15,,0.0012714650256844,0.0012714650256844,32446364.848590832,1,21,0.33
I3,I,15,,,,,0,21,0.33
P1,P,16,-0.0007280095218389,-0.0009057675779003,-0.0016337770997392,20000000.0,1,21,0.33
P2,P,16,-0.0004898255373886,-0.0018037912464506,-0.0022936167838392,20000000.0,1,21,0.33
I1,I,16,,0.0025429300513688,0.0025429300513688,36941018.30146202,1,21,0.33
I2,I,16,,0.0012714650256844,0.0012714650256844,32028111.59394717,1,21,0.33
I3,I,16,,,,,0,21,0.33
P1,P,17,-0.0006755166814711,-0.0009492709320512,-0.0016247876135224,20000000.0,1,21,0.33
P2,P,17,-0.0004525343449828,-0.0018302743951007,-0.0022828087400836,20000000.0,1,21,0.33
I1,I,17,,0.0025429300513688,0.0025429300513688,36545114.38218672,1,21,0.33
I2,I,17,,0.0012714650256844,0.0012714650256844,31655113.84818549,1,21,0.33
I3,I,17,,,,,0,21,0.33
P1,P,18,-0.0006288279973131,-0.0009905503167596,-0.0016193783140727,20000000.0,1,21,0.33
P2,P,18,-0.0004202437545786,-0.001852278344478,-0.0022725220990567,20000000.0,1,21,0.33
I1,I,18,,0.0025429300513688,0.0025429300513688,36187161.97204472,1,21,0.33
I2,I,18,,0.0012714650256844,0.0012714650256844,31319288.261014964,1,21,0.33
I3,I,18,,,,,0,21,0.33
P1,P,19,-0.0005869661062923,-0.0010296074397708,-0.0016165735460631,20000000.0,1,21,0.33
P2,P,19,-0.0003920640347207,-0.0018704092929568,-0.0022624733276775,20000000.0,1,21,0.33
I1,I,19,,0.0025429300513688,0.0025429300513688,35861623.518069714,1,21,0.33
I2,I,19,,0.0012714650256844,0.0012714650256844,31015060.34784589,1,21,0.33
I3,I,19,,,,,0,21,0.33
P1,P,20,-0.0005493566456553,-0.0010663957736502,-0.0016157524193055,20000000.0,1,21,0.33
P2,P,20,-0.0003672745630304,-0.0018853736242214,-0.0022526481872518,20000000.0,1,21,0.33
I1,I,20,,0.0025429300513688,0.0025429300513688,35564268.03267973,1,21,0.33
I2,I,20,,0.0012714650256844,0.0012714650256844,30738126.451599486,1,21,0.33
I3,I,20,,,,,0,21,0.33
P1,P,21,-0.0005156860726728,-0.0011013000558543,-0.0016169861285271,20000000.0,1,21,0.33
P2,P,21,-0.0003452627686391,-0.0018975255232155,-0.0022427882918547,20000000.0,1,21,0.33
I1,I,21,,0.0025429300513688,0.0025429300513688,35290974.67060953,1,21,0.33
I2,I,21,,0.0012714650256844,0.0012714650256844,30484402.906158675,1,21,0.33
I3,I,21,,,,,0,21,0.33
P1,P,22,-0.0005693751335807,-0.0013938307942295,-0.0019632059278102,20000000.0,1,21,0.33
P2,P,22,-0.0003781420892532,-0.0023535470992011,-0.0027316891884544,20000000.0,1,21,0.33
I1,I,22,,0.0025429300513688,0.0025429300513688,37061416.49515604,1,21,0.33
I2,I,22,,0.0012714650256844,0.0012714650256844,32143677.4650254,1,21,0.33
I3,I,22,,0.0012714650256844,0.0012714650256844,34416603.25429582,1,21,0.33
P1,P,23,-0.0005628737233342,-0.0015380808259304,-0.0021009545492646,20000000.0,1,21,0.33
P2,P,23,-0.000373203923103,-0.0025230428224006,-0.0028962467455037,20000000.0,1,21,0.33
I1,I,23,,0.0025429300513688,0.0025429300513688,37284833.54585594,1,21,0.33
I2,I,23,,0.0012714650256844,0.0012714650256844,32350857.509501364,1,21,0.33
I3,I,23,,0.0012714650256844,0.0012714650256844,34482263.440872826,1,21,0.33
P1,P,24,-0.0005352821058602,-0.0016128991781829,-0.0021481812840431,20000000.0,1,21,0.33
P2,P,24,-0.0003562257420634,-0.0025877475438329,-0.0029439732858964,20000000.0,1,21,0.33
I1,I,24,,0.0025429300513688,0.0025429300513688,37161256.4824141,1,21,0.33
I2,I,24,,0.0012714650256844,0.0012714650256844,32237654.34205714,1,21,0.33
I3,I,24,,0.0012714650256844,0.0012714650256844,34314143.64502002,1,21,0.33
P1,P,25,-0.0005038745151716,-0.0016615635430468,-0.0021654380582185,20000000.0,1,21,0.33
P2,P,25,-0.0003369690837032,-0.0026152485474122,-0.0029522176311154,20000000.0,1,21,0.33
I1,I,25,,0.0025429300513688,0.0025429300513688,36943527.95805125,1,21,0.33
I2,I,25,,0.0012714650256844,0.0012714650256844,32036342.351629283,1,21,0.33
I3,I,25,,0.0012714650256844,0.0012714650256844,34079667.515810415,1,21,0.33
P1,P,26,-0.0004739232673085,-0.0016993716026153,-0.0021732948699239,20000000.0,1,21,0.33
P2,P,26,-0.0003185016959903,-0.0026292998460422,-0.0029478015420326,20000000.0,1,21,0.33
I1,I,26,,0.0025429300513688,0.0025429300513688,36709503.37953536,1,21,0.33
I2,I,26,,0.0012714650256844,0.0012714650256844,31819828.25787446,1,21,0.33
I3,I,26,,0.0012714650256844,0.0012714650256844,33839839.33445369,1,21,0.33
P1,P,27,-0.0004466429233809,-0.0017318917464832,-0.0021785346698641,20000000.0,1,21,0.33
P2,P,27,-0.0003015247522763,-0.0026382052653598,-0.0029397300176361,20000000.0,1,21,0.33
I1,I,27,,0.0025429300513688,0.0025429300513688,36482559.6667409,1,21,0.33
I2,I,27,,0.0012714650256844,0.0012714650256844,31610031.830150425,1,21,0.33
I3,I,27,,0.0012714650256844,0.0012714650256844,33612156.04677147,1,21,0.33
P1,P,28,-0.0004220582169278,-0.0017609564844055,-0.0021830147013334,20000000.0,1,21,0.33
P2,P,28,-0.0002860456508556,-0.0026449201542113,-0.0029309658050669,20000000.0,1,21,0.33
I1,I,28,,0.0025429300513688,0.0025429300513688,36268953.391161546,1,21,0.33
I2,I,28,,0.0012714650256844,0.0012714650256844,31412770.396481488,1,21,0.33
I3,I,28,,0.0012714650256844,0.0012714650256844,33400403.870876636,1,21,0.33
P1,P,29,-0.0003998961992177,-0.0017873273593065,-0.0021872235585243,20000000.0,1,21,0.33
P2,P,29,-0.000271937737962,-0.0026504736186014,-0.0029224113565634,20000000.0,1,21,0.33
I1,I,29,,0.0025429300513688,0.0025429300513688,36069781.83739108,1,21,0.33
I2,I,29,,0.0012714650256844,0.0012714650256844,31229051.149812248,1,21,0.33
I3,I,29,,0.0012714650256844,0.0012714650256844,33204502.22210721,1,21,0.33
P1,P,0,-0.0016263201703604,0.0,-0.0016263201703604,20000000.0,1,17,0.33
P2,P,0,-0.0017856153731246,0.0,-0.0017856153731246,20000000.0,1,17,0.33
I1,I,0,,0.0025433168705508,0.0025433168705508,40290311.259613134,1,17,0.33
I2,I,0,,0.0012716584352754,0.0012716584352754,36084037.3183359,1,17,0.33
I3,I,0,,,,,0,17,0.33
P1,P,1,-0.0015063768733846,0.0,-0.0015063768733846,20000000.0,1,17,0.33
P2,P,1,-0.001646951528464,0.0,-0.001646951528464,20000000.0,1,17,0.33
I1,I,1,,0.0025433168705508,0.0025433168705508,40379259.46968578,1,17,0.33
I2,I,1,,0.0012716584352754,0.0012716584352754,36265447.97118009,1,17,0.33
I3,I,1,,,,,0,17,0.33
P1,P,2,-0.0015012010708362,0.0,-0.0015012010708362,20000000.0,1,17,0.33
P2,P,2,-0.0016325649171234,0.0,-0.0016325649171234,20000000.0,1,17,0.33
I1,I,2,,0.0025433168705508,0.0025433168705508,40751653.98274751,1,17,0.33
I2,I,2,,0.0012716584352754,0.0012716584352754,36565478.8719343,1,17,0.33
I3,I,2,,,,,0,17,0.33
P1,P,3,-0.0015253115659862,0.0,-0.0015253115659862,20000000.0,1,17,0.33
P2,P,3,-0.0016523649707127,0.0,-0.0016523649707127,20000000.0,1,17,0.33
I1,I,3,,0.0025433168705508,0.0025433168705508,41031506.228802025,1,17,0.33
I2,I,3,,0.0012716584352754,0.0012716584352754,36790640.234119445,1,17,0.33
I3,I,3,,,,,0,17,0.33
P1,P,4,-0.0015578160507018,0.0,-0.0015578160507018,20000000.0,1,17,0.33
P2,P,4,-0.0016839879660677,0.0,-0.0016839879660677,20000000.0,1,17,0.33
I1,I,4,,0.0025433168705508,0.0025433168705508,41239946.88944623,1,17,0.33
I2,I,4,,0.0012716584352754,0.0012716584352754,36964508.20437835,1,17,0.33
I3,I,4,,,,,0,17,0.33
P1,P,5,-0.0016890292563425,0.0,-0.0016890292563425,20000000.0,1,17,0.33
P2,P,5,-0.0016899399445621,-6.349081052079007e-05,-0.0017534307550829,20000000.0,1,17,0.33
I1,I,5,,0.0025433168705508,0.0025433168705508,41913409.0599128,1,17,0.33
I2,I,5,,0.0012716584352754,0.0012716584352754,37578193.6809109,1,17,0.33
I3,I,5,,,,,0,17,0.33
P1,P,6,-0.0017737022756649,0.0,-0.0017737022756649,20000000.0,1,17,0.33
P2,P,6,-0.0014990865958662,-0.0003886470273111,-0.0018877336231774,20000000.0,1,17,0.33
I1,I,6,,0.0025433168705508,0.0025433168705508,42075623.85026483,1,17,0.33
I2,I,6,,0.0012716584352754,0.0012716584352754,37691143.09664036,1,17,0.33
I3,I,6,,,,,0,17,0.33
P1,P,7,-0.0017866542596713,-1.8160262649053025e-06,-0.0017884702859362,20000000.0,1,17,0.33
P2,P,7,-0.0013091768351467,-0.0007612215377898,-0.0020703983729366,20000000.0,1,17,0.33
I1,I,7,,0.0025433168705508,0.0025433168705508,41840836.31891277,1,17,0.33
I2,I,7,,0.0012716584352754,0.0012716584352754,37420644.19725833,1,17,0.33
I3,I,7,,,,,0,17,0.33
P1,P,8,-0.0016672610729933,-9.780870279123574e-05,-0.0017650697757846,20000000.0,1,17,0.33
P2,P,8,-0.0011542147123765,-0.0010516380640274,-0.002205852776404,20000000.0,1,17,0.33
I1,I,8,,0.0025433168705508,0.0025433168705508,41350442.62105258,1,17,0.33
I2,I,8,,0.0012716584352754,0.0012716584352754,36923269.02856106,1,17,0.33
I3,I,8,,,,,0,17,0.33
P1,P,9,-0.0015040611582004,-0.0003032157322934,-0.0018072768904939,20000000.0,1,17,0.33
P2,P,9,-0.0010151990857212,-0.0012593655192818,-0.0022745646050031,20000000.0,1,17,0.33
I1,I,9,,0.0025433168705508,0.0025433168705508,40626920.99461407,1,17,0.33
I2,I,9,,0.0012716584352754,0.0012716584352754,36221808.17255968,1,17,0.33
I3,I,9,,,,,0,17,0.33
P1,P,10,-0.001346767771907,-0.0004866493610796,-0.0018334171329866,20000000.0,1,17,0.33
P2,P,10,-0.0008896801505681,-0.0014013864260304,-0.0022910665765986,20000000.0,1,17,0.33
I1,I,10,,0.0025433168705508,0.0025433168705508,39790900.989634,1,17,0.33
I2,I,10,,0.0012716584352754,0.0012716584352754,35419881.16816694,1,17,0.33
I3,I,10,,,,,0,17,0.33
P1,P,11,-0.0012044736428122,-0.0006274757146051,-0.0018319493574174,20000000.0,1,17,0.33
P2,P,11,-0.0007812668633046,-0.0014972139079977,-0.0022784807713023,20000000.0,1,17,0.33
I1,I,11,,0.0025433168705508,0.0025433168705508,38958356.419346325,1,17,0.33
I2,I,11,,0.0012716584352754,0.0012716584352754,34623670.67482111,1,17,0.33
I3,I,11,,,,,0,17,0.33
P1,P,12,-0.0010779234883904,-0.0007311824987064,-0.0018091059870969,20000000.0,1,17,0.33
P2,P,12,-0.0006914348984961,-0.0015649969287234,-0.0022564318272195,20000000.0,1,17,0.33
I1,I,12,,0.0025433168705508,0.0025433168705508,38204097.3227291,1,17,0.33
I2,I,12,,0.0012716584352754,0.0012716584352754,33903213.48451801,1,17,0.33
I3,I,12,,,,,0,17,0.33
P1,P,13,-0.0009704085407907,-0.000808993750029,-0.0017794022908198,20000000.0,1,17,0.33
P2,P,13,-0.000618567420469,-0.0016168203105007,-0.0022353877309697,20000000.0,1,17,0.33
I1,I,13,,0.0025433168705508,0.0025433168705508,37552748.1868624,1,17,0.33
I2,I,13,,0.0012716584352754,0.0012716584352754,33282075.021375798,1,17,0.33
I3,I,13,,,,,0,17,0.33
P1,P,14,-0.0008845380937284,-0.0008717187264332,-0.0017562568201616,20000000.0,1,17,0.33
P2,P,14,-0.0005591566890177,-0.0016581417243303,-0.0022172984133481,20000000.0,1,17,0.33
I1,I,14,,0.0025433168705508,0.0025433168705508,36991466.35112506,1,17,0.33
I2,I,14,,0.0012716584352754,0.0012716584352754,32748567.150054622,1,17,0.33
I3,I,14,,,,,0,17,0.33
P1,P,15,-0.0008149404931048,-0.0009245319028254,-0.0017394723959302,20000000.0,1,17,0.33
P2,P,15,-0.0005099505506589,-0.0016919723222947,-0.0022019228729536,20000000.0,1,17,0.33
I1,I,15,,0.0025433168705508,0.0025433168705508,36503247.17081546,1,17,0.33
I2,I,15,,0.0012716584352754,0.0012716584352754,32286304.212221663,1,17,0.33
I3,I,15,,,,,0,17,0.33
P1,P,16,-0.0007557209553186,-0.0009709452800525,-0.0017266662353711,20000000.0,1,17,0.33
P2,P,16,-0.0004686357061588,-0.0017204192813867,-0.0021890549875456,20000000.0,1,17,0.33
I1,I,16,,0.0025433168705508,0.0025433168705508,36075360.738323726,1,17,0.33
I2,I,16,,0.0012716584352754,0.0012716584352754,31882740.38079864,1,17,0.33
I3,I,16,,,,,0,17,0.33
P1,P,17,-0.0007035915800348,-0.0010140131682422,-0.0017176047482771,20000000.0,1,17,0.33
P2,P,17,-0.0004334786632877,-0.0017445618318276,-0.0021780404951153,20000000.0,1,17,0.33
I1,I,17,,0.0025433168705508,0.0025433168705508,35696550.44605449,1,17,0.33
I2,I,17,,0.0012716584352754,0.0012716584352754,31526908.107218955,1,17,0.33
I3,I,17,,,,,0,17,0.33
P1,P,18,-0.0007611198564273,-0.0012890127248965,-0.0020501325813238,20000000.0,1,17,0.33
P2,P,18,-0.0004628737195513,-0.0021641859571342,-0.0026270596766856,20000000.0,1,17,0.33
I1,I,18,,0.0025433168705508,0.0025433168705508,37414705.45950745,1,17,0.33
I2,I,18,,0.0012716584352754,0.0012716584352754,33144071.96712865,1,17,0.33
I3,I,18,,0.0012716584352754,0.0012716584352754,34460780.99949855,1,17,0.33
P1,P,19,-0.0007479713756266,-0.0014482001286707,-0.0021961715042974,20000000.0,1,17,0.33
P2,P,19,-0.00045275694716,-0.0023456872995344,-0.0027984442466944,20000000.0,1,17,0.33
I1,I,19,,0.0025433168705508,0.0025433168705508,37614813.63629806,1,17,0.33
I2,I,19,,0.0012716584352754,0.0012716584352754,33328262.062749453,1,17,0.33
I3,I,19,,0.0012716584352754,0.0012716584352754,34525060.09231608,1,17,0.33
P1,P,20,-0.0007063667608176,-0.001541622753583,-0.0022479895144007,20000000.0,1,17,0.33
P2,P,20,-0.0004289799857831,-0.0024262553629162,-0.0028552353486994,20000000.0,1,17,0.33
I1,I,20,,0.0025433168705508,0.0025433168705508,37450054.57167099,1,17,0.33
I2,I,20,,0.0012716584352754,0.0012716584352754,33174766.63552163,1,17,0.33
I3,I,20,,0.0012716584352754,0.0012716584352754,34322702.914443694,1,17,0.33
P1,P,21,-0.0006585611578648,-0.0016076650570632,-0.002266226214928,20000000.0,1,17,0.33
P2,P,21,-0.0004025478414336,-0.0024658838804668,-0.0028684317219004,20000000.0,1,17,0.33
I1,I,21,,0.0025433168705508,0.0025433168705508,37177396.46333638,1,17,0.33
I2,I,21,,0.0012716584352754,0.0012716584352754,32920249.78329608,1,17,0.33
I3,I,21,,0.0012716584352754,0.0012716584352754,34037128.88039654,1,17,0.33
P1,P,22,-0.000612458419599,-0.0016618587488637,-0.0022743171684628,20000000.0,1,17,0.33
P2,P,22,-0.0003772372336747,-0.0024879620891815,-0.0028651993228562,20000000.0,1,17,0.33
I1,I,22,,0.0025433168705508,0.0025433168705508,36882346.695686,1,17,0.33
I2,I,22,,0.0012716584352754,0.0012716584352754,32645152.32539429,1,17,0.33
I3,I,22,,0.0012716584352754,0.0012716584352754,33739220.256991215,1,17,0.33
P1,P,23,-0.0005704099534604,-0.001709377676462,-0.0022797876299224,20000000.0,1,17,0.33
P2,P,23,-0.0003541213372356,-0.0025017868109258,-0.0028559081481614,20000000.0,1,17,0.33
I1,I,23,,0.0025433168705508,0.0025433168705508,36594676.05290453,1,17,0.33
I2,I,23,,0.0012716584352754,0.0012716584352754,32377446.248611413,1,17,0.33
I3,I,23,,0.0012716584352754,0.0012716584352754,33453403.758080777,1,17,0.33
P1,P,24,-0.0005329109337097,-0.0017521999774135,-0.0022851109111232,20000000.0,1,17,0.33
P2,P,24,-0.0003332930002929,-0.0025112334199824,-0.0028445264202753,20000000.0,1,17,0.33
I1,I,24,,0.0025433168705508,0.0025433168705508,36323563.82610859,1,17,0.33
I2,I,24,,0.0012716584352754,0.0012716584352754,32125647.97730264,1,17,0.33
I3,I,24,,0.0012716584352754,0.0012716584352754,33186532.4890342,1,17,0.33
P1,P,25,-0.0004996941333443,-0.0017910491218132,-0.0022907432551576,20000000.0,1,17,0.33
P2,P,25,-0.0003145324658691,-0.0025181727902497,-0.0028327052561189,20000000.0,1,17,0.33
I1,I,25,,0.0025433168705508,0.0025433168705508,36070935.99840798,1,17,0.33
I2,I,25,,0.0012716584352754,0.0012716584352754,31891429.46505736,1,17,0.33
I3,I,25,,0.0012716584352754,0.0012716584352754,32939389.03914363,1,17,0.33
P1,P,26,-0.00047021009805,-0.0018262306942812,-0.0022964407923312,20000000.0,1,17,0.33
P2,P,26,-0.0002975658923291,-0.0025236707248791,-0.0028212366172083,20000000.0,1,17,0.33
I1,I,26,,0.0025433168705508,0.0025433168705508,35836551.48774261,1,17,0.33
I2,I,26,,0.0012716584352754,0.0012716584352754,31674445.65903771,1,17,0.33
I3,I,26,,0.0012716584352754,0.0012716584352754,32711114.652922228,1,17,0.33
P1,P,27,-0.0004438912959412,-0.0018581906311629,-0.0023020819271041,20000000.0,1,17,0.33
P2,P,27,-0.0002821384593998,-0.0025283139506615,-0.0028104524100614,20000000.0,1,17,0.33
I1,I,27,,0.0025433168705508,0.0025433168705508,35619201.84819515,1,17,0.33
I2,I,27,,0.0012716584352754,0.0012716584352754,31473488.79098965,1,17,0.33
I3,I,27,,0.0012716584352754,0.0012716584352754,32500159.15955861,1,17,0.33
P1,P,28,-0.0004202322638357,-0.0018872953439769,-0.0023075276078126,20000000.0,1,17,0.33
P2,P,28,-0.0002680485019601,-0.0025324267427259,-0.002800475244686,20000000.0,1,17,0.33
I1,I,28,,0.0025433168705508,0.0025433168705508,35417534.05089408,1,17,0.33
I2,I,28,,0.0012716584352754,0.0012716584352754,31287243.514701936,1,17,0.33
I3,I,28,,0.0012716584352754,0.0012716584352754,32304969.335883677,1,17,0.33
P1,P,29,-0.0003987815845797,-0.0019140336614213,-0.0023128152460011,20000000.0,1,17,0.33
P2,P,29,-0.0002551382974981,-0.0025361115212729,-0.002791249818771,20000000.0,1,17,0.33
I1,I,29,,0.0025433168705508,0.0025433168705508,35230102.508259065,1,17,0.33
I2,I,29,,0.0012716584352754,0.0012716584352754,31114339.93918214,1,17,0.33
I3,I,29,,0.0012716584352754,0.0012716584352754,32123987.0753084,1,17,0.33
P1,P,0,-0.0016999457603185,0.0,-0.0016999457603185,20000000.0,1,16,0.33
P2,P,0,-0.0016102866520327,0.0,-0.0016102866520327,20000000.0,1,16,0.33
I1,I,0,,0.0025353378286494,0.0025353378286494,41139748.67021596,1,16,0.33
I2,I,0,,0.0012676689143247,0.0012676689143247,35821052.17495329,1,16,0.33
I3,I,0,,,,,0,16,0.33
P1,P,1,-0.0015683893291876,0.0,-0.0015683893291876,20000000.0,1,16,0.33
P2,P,1,-0.0015018491663431,0.0,-0.0015018491663431,20000000.0,1,16,0.33
I1,I,1,,0.0025353378286494,0.0025353378286494,41106949.67200049,1,16,0.33
I2,I,1,,0.0012676689143247,0.0012676689143247,36061594.32824477,1,16,0.33
I3,I,1,,,,,0,16,0.33
P1,P,2,-0.0015643929330506,0.0,-0.0015643929330506,20000000.0,1,16,0.33
P2,P,2,-0.0014986968820478,0.0,-0.0014986968820478,20000000.0,1,16,0.33
I1,I,2,,0.0025353378286494,0.0025353378286494,41463042.461611226,1,16,0.33
I2,I,2,,0.0012676689143247,0.0012676689143247,36394142.99194646,1,16,0.33
I3,I,2,,,,,0,16,0.33
P1,P,3,-0.0015924052623065,0.0,-0.0015924052623065,20000000.0,1,16,0.33
P2,P,3,-0.0015227392167811,0.0,-0.0015227392167811,20000000.0,1,16,0.33
I1,I,3,,0.0025353378286494,0.0025353378286494,41747579.82197888,1,16,0.33
I2,I,3,,0.0012676689143247,0.0012676689143247,36646418.25711372,1,16,0.33
I3,I,3,,,,,0,16,0.33
P1,P,4,-0.0016292406185013,0.0,-0.0016292406185013,20000000.0,1,16,0.33
P2,P,4,-0.001555560124794,0.0,-0.001555560124794,20000000.0,1,16,0.33
I1,I,4,,0.0025353378286494,0.0025353378286494,41968044.60727544,1,16,0.33
I2,I,4,,0.0012676689143247,0.0012676689143247,36845149.18818147,1,16,0.33
I3,I,4,,,,,0,16,0.33
P1,P,5,-0.0017746549006113,0.0,-0.0017746549006113,20000000.0,1,16,0.33
P2,P,5,-0.0015811712314695,-5.400528699444097e-05,-0.001635176518464,20000000.0,1,16,0.33
I1,I,5,,0.0025353378286494,0.0025353378286494,42700291.62680087,1,16,0.33
I2,I,5,,0.0012676689143247,0.0012676689143247,37535442.49651052,1,16,0.33
I3,I,5,,,,,0,16,0.33
P1,P,6,-0.0018709330931205,0.0,-0.0018709330931205,20000000.0,1,16,0.33
P2,P,6,-0.0014118919757818,-0.0003467777397788,-0.0017586697155606,20000000.0,1,16,0.33
I1,I,6,,0.0025353378286494,0.0025353378286494,42916865.54869589,1,16,0.33
I2,I,6,,0.0012676689143247,0.0012676689143247,37716464.57866536,1,16,0.33
I3,I,6,,,,,0,16,0.33
P1,P,7,-0.0018659966330932,-2.137543644694579e-05,-0.0018873720695401,20000000.0,1,16,0.33
P2,P,7,-0.0012384043563528,-0.0006945780955114,-0.0019329824518643,20000000.0,1,16,0.33
I1,I,7,,0.0025353378286494,0.0025353378286494,42738314.58638587,1,16,0.33
I2,I,7,,0.0012676689143247,0.0012676689143247,37511184.074060224,1,16,0.33
I3,I,7,,,,,0,16,0.33
P1,P,8,-0.0017445509983984,-0.0001824124977684,-0.0019269634961669,20000000.0,1,16,0.33
P2,P,8,-0.001094488844443,-0.0009581561887746,-0.0020526450332176,20000000.0,1,16,0.33
I1,I,8,,0.0025353378286494,0.0025353378286494,42230264.87997054,1,16,0.33
I2,I,8,,0.0012676689143247,0.0012676689143247,37007003.44439677,1,16,0.33
I3,I,8,,,,,0,16,0.33
P1,P,9,-0.0015888671314231,-0.0003839813463589,-0.001972848477782,20000000.0,1,16,0.33
P2,P,9,-0.0009641243596053,-0.0011441234694916,-0.0021082478290969,20000000.0,1,16,0.33
I1,I,9,,0.0025353378286494,0.0025353378286494,41497978.14199787,1,16,0.33
I2,I,9,,0.0012676689143247,0.0012676689143247,36299251.36320956,1,16,0.33
I3,I,9,,,,,0,16,0.33
P1,P,10,-0.0014172148786012,-0.0005536350767207,-0.001970849955322,20000000.0,1,16,0.33
P2,P,10,-0.0008462737255594,-0.0012800696187829,-0.0021263433443423,20000000.0,1,16,0.33
I1,I,10,,0.0025353378286494,0.0025353378286494,40698464.945581146,1,16,0.33
I2,I,10,,0.0012676689143247,0.0012676689143247,35528456.23715368,1,16,0.33
I3,I,10,,,,,0,16,0.33
P1,P,11,-0.0012527382960787,-0.0006999240656929,-0.0019526623617717,20000000.0,1,16,0.33
P2,P,11,-0.0007447330311239,-0.0013808919634053,-0.0021256249945292,20000000.0,1,16,0.33
I1,I,11,,0.0025353378286494,0.0025353378286494,39914672.3744367,1,16,0.33
I2,I,11,,0.0012676689143247,0.0012676689143247,34773216.37266067,1,16,0.33
I3,I,11,,,,,0,16,0.33
P1,P,12,-0.0011110498579044,-0.0008104307696385,-0.001921480627543,20000000.0,1,16,0.33
P2,P,12,-0.0006604901114801,-0.0014570593544408,-0.002117549465921,20000000.0,1,16,0.33
I1,I,12,,0.0025353378286494,0.0025353378286494,39199699.66700952,1,16,0.33
I2,I,12,,0.0012676689143247,0.0012676689143247,34084402.26952628,1,16,0.33
I3,I,12,,,,,0,16,0.33
P1,P,13,-0.0009992399961947,-0.0008944827924258,-0.0018937227886205,20000000.0,1,16,0.33
P2,P,13,-0.0005911999570204,-0.0015154958705309,-0.0021066958275513,20000000.0,1,16,0.33
I1,I,13,,0.0025353378286494,0.0025353378286494,38561230.71646506,1,16,0.33
I2,I,13,,0.0012676689143247,0.0012676689143247,33470703.827567022,1,16,0.33
I3,I,13,,,,,0,16,0.33
P1,P,14,-0.000909539114183,-0.0009618224049136,-0.0018713615190967,20000000.0,1,16,0.33
P2,P,14,-0.0005339237549161,-0.0015609483073645,-0.0020948720622806,20000000.0,1,16,0.33
I1,I,14,,0.0025353378286494,0.0025353378286494,37994217.32190431,1,16,0.33
I2,I,14,,0.0012676689143247,0.0012676689143247,32927588.626340084,1,16,0.33
I3,I,14,,,,,0,16,0.33
P1,P,15,-0.0008344537965679,-0.0010198494647376,-0.0018543032613055,20000000.0,1,16,0.33
P2,P,15,-0.0004861296668372,-0.001596860524114,-0.0020829901909512,20000000.0,1,16,0.33
I1,I,15,,0.0025353378286494,0.0025353378286494,37490383.5779729,1,16,0.33
I2,I,15,,0.0012676689143247,0.0012676689143247,32446900.568116173,1,16,0.33
I3,I,15,,,,,0,16,0.33
P1,P,16,-0.0007693146136399,-0.0010729384040164,-0.0018422530176564,20000000.0,1,16,0.33
P2,P,16,-0.0004457695251985,-0.0016256745797792,-0.0020714441049777,20000000.0,1,16,0.33
I1,I,16,,0.0025353378286494,0.0025353378286494,37040279.3997895,1,16,0.33
I2,I,16,,0.0012676689143247,0.0012676689143247,32019206.465989683,1,16,0.33
I3,I,16,,,,,0,16,0.33
P1,P,17,-0.0008186042677432,-0.0013692481529499,-0.0021878524206931,20000000.0,1,16,0.33
P2,P,17,-0.000467512410107,-0.0020136685062493,-0.0024811809163564,20000000.0,1,16,0.33
I1,I,17,,0.0025353378286494,0.0025353378286494,38746332.91874451,1,16,0.33
I2,I,17,,0.0012676689143247,0.0012676689143247,33610054.079963826,1,16,0.33
I3,I,17,,0.0012676689143247,0.0012676689143247,35358652.10642742,1,16,0.33
P1,P,18,-0.0007971281052287,-0.0015491805739423,-0.0023463086791711,20000000.0,1,16,0.33
P2,P,18,-0.0004535342595642,-0.0021907155840773,-0.0026442498436416,20000000.0,1,16,0.33
I1,I,18,,0.0025353378286494,0.0025353378286494,38919949.59862725,1,16,0.33
I2,I,18,,0.0012676689143247,0.0012676689143247,33771887.0898418,1,16,0.33
I3,I,18,,0.0012676689143247,0.0012676689143247,35378632.10620555,1,16,0.33
P1,P,19,-0.000748001206838,-0.0016582778533733,-0.0024062790602114,20000000.0,1,16,0.33
P2,P,19,-0.0004270912789208,-0.0022714112243175,-0.0026985025032384,20000000.0,1,16,0.33
I1,I,19,,0.0025353378286494,0.0025353378286494,38714250.17248562,1,16,0.33
I2,I,19,,0.0012676689143247,0.0012676689143247,33579259.505509675,1,16,0.33
I3,I,19,,0.0012676689143247,0.0012676689143247,35130551.00493844,1,16,0.33
P1,P,20,-0.000694143776702,-0.0017345679613898,-0.0024287117380919,20000000.0,1,16,0.33
P2,P,20,-0.0003985029518049,-0.0023109947980957,-0.0027094977499006,20000000.0,1,16,0.33
I1,I,20,,0.0025353378286494,0.0025353378286494,38393350.13302712,1,16,0.33
I2,I,20,,0.0012676689143247,0.0012676689143247,33277329.560715973,1,16,0.33
I3,I,20,,0.0012676689143247,0.0012676689143247,34794757.97738545,1,16,0.33
P1,P,21,-0.0006436178789415,-0.0017946062801346,-0.0024382241590762,20000000.0,1,16,0.33
P2,P,21,-0.0003714150665989,-0.0023326201723141,-0.0027040352389131,20000000.0,1,16,0.33
I1,I,21,,0.0025353378286494,0.0025353378286494,38050060.69757254,1,16,0.33
I2,I,21,,0.0012676689143247,0.0012676689143247,32954328.408017933,1,16,0.33
I3,I,21,,0.0012676689143247,0.0012676689143247,34447468.71435167,1,16,0.33
P1,P,22,-0.0005984517339861,-0.0018450819681526,-0.0024435337021387,20000000.0,1,16,0.33
P2,P,22,-0.0003468999798352,-0.0023458960955314,-0.0026927960753666,20000000.0,1,16,0.33
I1,I,22,,0.0025353378286494,0.0025353378286494,37718263.472049445,1,16,0.33
I2,I,22,,0.0012676689143247,0.0012676689143247,32642514.723483287,1,16,0.33
I3,I,22,,0.0012676689143247,0.0012676689143247,34116687.46848259,1,16,0.33
P1,P,23,-0.0005586090458933,-0.0018892983130989,-0.0024479073589923,20000000.0,1,16,0.33
P2,P,23,-0.0003250694694994,-0.0023548344089587,-0.0026799038784581,20000000.0,1,16,0.33
I1,I,23,,0.0025353378286494,0.0025353378286494,37408743.78006079,1,16,0.33
I2,I,23,,0.0012676689143247,0.0012676689143247,32352117.024955988,1,16,0.33
I3,I,23,,0.0012676689143247,0.0012676689143247,33810702.06755369,1,16,0.33
P1,P,24,-0.0005234316584605,-0.0019288341891921,-0.0024522658476527,20000000.0,1,16,0.33
P2,P,24,-0.0003056896431788,-0.0023613197627579,-0.0026670094059367,20000000.0,1,16,0.33
I1,I,24,,0.0025353378286494,0.0025353378286494,37123625.09070293,1,16,0.33
I2,I,24,,0.0012676689143247,0.0012676689143247,32085085.89600505,1,16,0.33
I3,I,24,,0.0012676689143247,0.0012676689143247,33530435.468715824,1,16,0.33
P1,P,25,-0.0004922095445176,-0.0019644685978837,-0.0024566781424014,20000000.0,1,16,0.33
P2,P,25,-0.0002884065280902,-0.0023664638211641,-0.0026548703492543,20000000.0,1,16,0.33
I1,I,25,,0.0025353378286494,0.0025353378286494,36861887.769171454,1,16,0.33
I2,I,25,,0.0012676689143247,0.0012676689143247,31840346.98386409,1,16,0.33
I3,I,25,,0.0012676689143247,0.0012676689143247,33274226.79771712,1,16,0.33
P1,P,26,-0.000464329292465,-0.0019967933372767,-0.0024611226297418,20000000.0,1,16,0.33
P2,P,26,-0.0002728797674766,-0.002370824622787,-0.0026437043902636,20000000.0,1,16,0.33
I1,I,26,,0.0025353378286494,0.0025353378286494,36621463.68513404,1,16,0.33
I2,I,26,,0.0012676689143247,0.0012676689143247,31615873.427888453,1,16,0.33
I3,I,26,,0.0012676689143247,0.0012676689143247,33039656.575144064,1,16,0.33
P1,P,27,-0.0004392827481976,-0.0020262168538532,-0.0024654996020508,20000000.0,1,16,0.33
P2,P,27,-0.0002588363726962,-0.0023747549813561,-0.0026335913540524,20000000.0,1,16,0.33
I1,I,27,,0.0025353378286494,0.0025353378286494,36400000.79933804,1,16,0.33
I2,I,27,,0.0012676689143247,0.0012676689143247,31409365.721082207,1,16,0.33
I3,I,27,,0.0012676689143247,0.0012676689143247,32824163.518691428,1,16,0.33
P1,P,28,-0.0004166069399695,-0.0020531759519266,-0.0024697828918961,20000000.0,1,16,0.33
P2,P,28,-0.0002460585304178,-0.0023783643864228,-0.0026244229168407,20000000.0,1,16,0.33
I1,I,28,,0.0025353378286494,0.0025353378286494,36195347.22018284,1,16,0.33
I2,I,28,,0.0012676689143247,0.0012676689143247,31218757.663427837,1,16,0.33
I3,I,28,,0.0012676689143247,0.0012676689143247,32625477.91323846,1,16,0.33
P1,P,29,-0.0003959025342799,-0.0020781489822114,-0.0024740515164914,20000000.0,1,16,0.33
P2,P,29,-0.0002343740057259,-0.0023816385748419,-0.0026160125805679,20000000.0,1,16,0.33
I1,I,29,,0.0025353378286494,0.0025353378286494,36005522.71707679,1,16,0.33
I2,I,29,,0.0012676689143247,0.0012676689143247,31042169.56330946,1,16,0.33
I3,I,29,,0.0012676689143247,0.0012676689143247,32441554.00692762,1,16,0.33
P1,P,0,-0.0017769163718873,0.0,-0.0017769163718873,20000000.0,1,2,0.33
P2,P,0,-0.0017085958538969,0.0,-0.0017085958538969,20000000.0,1,2,0.33
I1,I,0,,0.0025400411830852,0.0025400411830852,42280768.507977456,1,2,0.33
I2,I,0,,0.0012700205915426,0.0012700205915426,36261601.76525778,1,2,0.33
I3,I,0,,,,,0,2,0.33
P1,P,1,-0.0016359139034327,0.0,-0.0016359139034327,20000000.0,1,2,0.33
P2,P,1,-0.0015881416555729,0.0,-0.0015881416555729,20000000.0,1,2,0.33
I1,I,1,,0.0025400411830852,0.0025400411830852,42068995.51430274,1,2,0.33
I2,I,1,,0.0012700205915426,0.0012700205915426,36374408.22246676,1,2,0.33
I3,I,1,,,,,0,2,0.33
P1,P,2,-0.0016243207934019,0.0,-0.0016243207934019,20000000.0,1,2,0.33
P2,P,2,-0.0015778198540356,0.0,-0.0015778198540356,20000000.0,1,2,0.33
I1,I,2,,0.0025400411830852,0.0025400411830852,42353694.12650735,1,2,0.33
I2,I,2,,0.0012700205915426,0.0012700205915426,36638416.70990334,1,2,0.33
I3,I,2,,,,,0,2,0.33
P1,P,3,-0.001675243611585,0.0,-0.001675243611585,20000000.0,1,2,0.33
P2,P,3,-0.0016347609449656,0.0,-0.0016347609449656,20000000.0,1,2,0.33
I1,I,3,,0.0025400411830852,0.0025400411830852,43601463.46882474,1,2,0.33
I2,I,3,,0.0012700205915426,0.0012700205915426,37862197.69371829,1,2,0.33
I3,I,3,,0.0012700205915426,0.0012700205915426,38792510.892980725,1,2,0.33
P1,P,4,-0.0017564601457438,0.0,-0.0017564601457438,20000000.0,1,2,0.33
P2,P,4,-0.0017182337537708,0.0,-0.0017182337537708,20000000.0,1,2,0.33
I1,I,4,,0.0025400411830852,0.0025400411830852,44386671.60132207,1,2,0.33
I2,I,4,,0.0012700205915426,0.0012700205915426,38576942.45434517,1,2,0.33
I3,I,4,,0.0012700205915426,0.0012700205915426,39160279.59092455,1,2,0.33
P1,P,5,-0.0021193281474289,0.0,-0.0021193281474289,20000000.0,1,2,0.33
P2,P,5,-0.0018222828092145,-0.0001307724417029,-0.0019530552509175,20000000.0,1,2,0.33
I1,I,5,,0.0025400411830852,0.0025400411830852,46469465.44566602,1,2,0.33
I2,I,5,,0.0012700205915426,0.0012700205915426,40543635.52100544,1,2,0.33
I3,I,5,,0.0012700205915426,0.0012700205915426,41005660.80653783,1,2,0.33
P1,P,6,-0.0023276898934087,-1.0469131715824892e-05,-0.0023381590251246,20000000.0,1,2,0.33
P2,P,6,-0.0016262517973097,-0.0006723538192112,-0.0022986056165209,20000000.0,1,2,0.33
I1,I,6,,0.0025400411830852,0.0025400411830852,47303630.568180345,1,2,0.33
I2,I,6,,0.0012700205915426,0.0012700205915426,41287721.39081077,1,2,0.33
I3,I,6,,0.0012700205915426,0.0012700205915426,41768707.84992654,1,2,0.33
P1,P,7,-0.0022871189683734,-0.0001823660410797,-0.0024694850094532,20000000.0,1,2,0.33
P2,P,7,-0.0014171120337899,-0.0012046068130419,-0.0026217188468318,20000000.0,1,2,0.33
I1,I,7,,0.0025400411830852,0.0025400411830852,47233561.448076464,1,2,0.33
I2,I,7,,0.0012700205915426,0.0012700205915426,41170225.38056564,1,2,0.33
I3,I,7,,0.0012700205915426,0.0012700205915426,41675825.89054761,1,2,0.33
P1,P,8,-0.0020452391644087,-0.0004836003142376,-0.0025288394786463,20000000.0,1,2,0.33
P2,P,8,-0.0012307788961745,-0.0015861436405221,-0.0028169225366967,20000000.0,1,2,0.33
I1,I,8,,0.0025400411830852,0.0025400411830852,46612157.24218432,1,2,0.33
I2,I,8,,0.0012700205915426,0.0012700205915426,40543375.27887354,1,2,0.33
I3,I,8,,0.0012700205915426,0.0012700205915426,41057168.54520664,1,2,0.33
P1,P,9,-0.0017616524703097,-0.0007933784596373,-0.0025550309299471,20000000.0,1,2,0.33
P2,P,9,-0.001064629646633,-0.0018459241640485,-0.0029105538106815,20000000.0,1,2,0.33
I1,I,9,,0.0025400411830852,0.0025400411830852,45689224.07391071,1,2,0.33
I2,I,9,,0.0012700205915426,0.0012700205915426,39639147.26679944,1,2,0.33
I3,I,9,,0.0012700205915426,0.0012700205915426,40148688.47399793,1,2,0.33
P1,P,10,-0.0015204958379784,-0.0010313835975115,-0.0025518794354899,20000000.0,1,2,0.33
P2,P,10,-0.0009218715512078,-0.0020158589664953,-0.0029377305177031,20000000.0,1,2,0.33
I1,I,10,,0.0025400411830852,0.0025400411830852,44656254.13266493,1,2,0.33
I2,I,10,,0.0012700205915426,0.0012700205915426,38636558.95551394,1,2,0.33
I3,I,10,,0.0012700205915426,0.0012700205915426,39135041.27692438,1,2,0.33
P1,P,11,-0.0013296760305615,-0.0011971586730925,-0.0025268347036541,20000000.0,1,2,0.33
P2,P,11,-0.0008036894127818,-0.0021251542339967,-0.0029288436467786,20000000.0,1,2,0.33
I1,I,11,,0.0025400411830852,0.0025400411830852,43647613.669581786,1,2,0.33
I2,I,11,,0.0012700205915426,0.0012700205915426,37662413.7984458,1,2,0.33
I3,I,11,,0.0012700205915426,0.0012700205915426,38147107.11729993,1,2,0.33
P1,P,12,-0.0011772872459113,-0.0013178437302035,-0.0024951309761149,20000000.0,1,2,0.33
P2,P,12,-0.0007075036373622,-0.0021973954234595,-0.0029048990608217,20000000.0,1,2,0.33
I1,I,12,,0.0025400411830852,0.0025400411830852,42728714.74002044,1,2,0.33
I2,I,12,,0.0012700205915426,0.0012700205915426,36778552.69767071,1,2,0.33
I3,I,12,,0.0012700205915426,0.0012700205915426,37248793.44754316,1,2,0.33
P1,P,13,-0.0010523713675265,-0.0014149164876378,-0.0024672878551643,20000000.0,1,2,0.33
P2,P,13,-0.0006292592886176,-0.0022474244042525,-0.0028766836928701,20000000.0,1,2,0.33
I1,I,13,,0.0025400411830852,0.0025400411830852,41916167.13680162,1,2,0.33
I2,I,13,,0.0012700205915426,0.0012700205915426,36000242.048293814,1,2,0.33
I3,I,13,,0.0012700205915426,0.0012700205915426,36456159.021822274,1,2,0.33
P1,P,14,-0.0009481237128037,-0.0014993098608793,-0.0024474335736831,20000000.0,1,2,0.33
P2,P,14,-0.000565089303853,-0.0022833010762514,-0.0028483903801045,20000000.0,1,2,0.33
I1,I,14,,0.0025400411830852,0.0025400411830852,41203078.63687702,1,2,0.33
I2,I,14,,0.0012700205915426,0.0012700205915426,35320137.71180856,1,2,0.33
I3,I,14,,0.0012700205915426,0.0012700205915426,35762129.40228497,1,2,0.33
P1,P,15,-0.0008602481108444,-0.0015751044854023,-0.0024353525962468,20000000.0,1,2,0.33
P2,P,15,-0.0005118554564204,-0.0023094935279381,-0.0028213489843586,20000000.0,1,2,0.33
I1,I,15,,0.0025400411830852,0.0025400411830852,40575929.44039504,1,2,0.33
I2,I,15,,0.0012700205915426,0.0012700205915426,34724494.20697609,1,2,0.33
I3,I,15,,0.0012700205915426,0.0012700205915426,35153110.290099554,1,2,0.33
P1,P,16,-0.0007856353563901,-0.001643525049658,-0.0024291604060482,20000000.0,1,2,0.33
P2,P,16,-0.0004671658457775,-0.0023288675305943,-0.0027960333763719,20000000.0,1,2,0.33
I1,I,16,,0.0025400411830852,0.0025400411830852,40021807.92293575,1,2,0.33
I2,I,16,,0.0012700205915426,0.0012700205915426,34200215.237008154,1,2,0.33
I3,I,16,,0.0012700205915426,0.0012700205915426,34616141.407861024,1,2,0.33
P1,P,17,-0.0007218700239585,-0.0017051191461119,-0.0024269891700705,20000000.0,1,2,0.33
P2,P,17,-0.0004291780126683,-0.0023434317431586,-0.002772609755827,20000000.0,1,2,0.33
I1,I,17,,0.0025400411830852,0.0025400411830852,39530141.81162522,1,2,0.33
I2,I,17,,0.0012700205915426,0.0012700205915426,33736617.247137174,1,2,0.33
I3,I,17,,0.0012700205915426,0.0012700205915426,34140634.60871091,1,2,0.33
P1,P,18,-0.0006669791424185,-0.001760469444692,-0.0024274485871106,20000000.0,1,2,0.33
P2,P,18,-0.0003965650624921,-0.0023547113117766,-0.0027512763742688,20000000.0,1,2,0.33
I1,I,18,,0.0025400411830852,0.0025400411830852,39091998.20808428,1,2,0.33
I2,I,18,,0.0012700205915426,0.0012700205915426,33324715.3441279,1,2,0.33
I3,I,18,,0.0012700205915426,0.0012700205915426,33717660.882669635,1,2,0.33
P1,P,19,-0.0006193610071363,-0.0018102570021172,-0.0024296180092536,20000000.0,1,2,0.33
P2,P,19,-0.0003683369441669,-0.0023635730891457,-0.0027319100333127,20000000.0,1,2,0.33
I1,I,19,,0.0025400411830852,0.0025400411830852,38700100.27166509,1,2,0.33
I2,I,19,,0.0012700205915426,0.0012700205915426,32957302.232658792,1,2,0.33
I3,I,19,,0.0012700205915426,0.0012700205915426,33339991.66733736,1,2,0.33
P1,P,20,-0.0005777484240317,-0.0018551113344326,-0.0024328597584643,20000000.0,1,2,0.33
P2,P,20,-0.0003437432274492,-0.0023706281375955,-0.0027143713650447,20000000.0,1,2,0.33
I1,I,20,,0.0025400411830852,0.0025400411830852,38348468.236078605,1,2,0.33
I2,I,20,,0.0012700205915426,0.0012700205915426,32628516.87547226,1,2,0.33
I3,I,20,,0.0012700205915426,0.0012700205915426,33001713.787691373,1,2,0.33
P1,P,21,-0.0005411073675338,-0.001895622372097,-0.0024367297396308,20000000.0,1,2,0.33
P2,P,21,-0.0003221645764409,-0.0023763431480014,-0.0026985077244423,20000000.0,1,2,0.33
I1,I,21,,0.0025400411830852,0.0025400411830852,38032195.346681744,1,2,0.33
I2,I,21,,0.0012700205915426,0.0012700205915426,32333585.45373167,1,2,0.33
I3,I,21,,0.0012700205915426,0.0012700205915426,32697990.601574987,1,2,0.33
P1,P,22,-0.0005085167179876,-0.0019325196939128,-0.0024410364119005,20000000.0,1,2,0.33
P2,P,22,-0.000303085705718,-0.0023812393859837,-0.0026843250917017,20000000.0,1,2,0.33
I1,I,22,,0.0025400411830852,0.0025400411830852,37746322.69891554,1,2,0.33
I2,I,22,,0.0012700205915426,0.0012700205915426,32067653.467113946,1,2,0.33
I3,I,22,,0.0012700205915426,0.0012700205915426,32423917.75317512,1,2,0.33
P1,P,23,-0.0004792782467959,-0.001966205203431,-0.0024454834502269,20000000.0,1,2,0.33
P2,P,23,-0.0002860735168419,-0.0023856516315477,-0.0026717251483896,20000000.0,1,2,0.33
I1,I,23,,0.0025400411830852,0.0025400411830852,37486603.219047606,1,2,0.33
I2,I,23,,0.0012700205915426,0.0012700205915426,31826585.840259064,1,2,0.33
I3,I,23,,0.0012700205915426,0.0012700205915426,32175306.007416047,1,2,0.33
P1,P,24,-0.000452876658163,-0.0019969291748109,-0.0024498058329739,20000000.0,1,2,0.33
P2,P,24,-0.0002707803822649,-0.0023898326561593,-0.0026606130384242,20000000.0,1,2,0.33
I1,I,24,,0.0025400411830852,0.0025400411830852,37249583.57027868,1,2,0.33
I2,I,24,,0.0012700205915426,0.0012700205915426,31607025.966612563,1,2,0.33
I3,I,24,,0.0012700205915426,0.0012700205915426,31948753.08342662,1,2,0.33
P1,P,25,-0.0004288963317023,-0.0020249969707631,-0.0024538933024654,20000000.0,1,2,0.33
P2,P,25,-0.0002569315822124,-0.0023939105110075,-0.00265084209322,20000000.0,1,2,0.33
I1,I,25,,0.0025400411830852,0.0025400411830852,37032387.0272882,1,2,0.33
I2,I,25,,0.0012700205915426,0.0012700205915426,31406191.9767008,1,2,0.33
I3,I,25,,0.0012700205915426,0.0012700205915426,31741429.4856806,1,2,0.33
P1,P,26,-0.0004069422418788,-0.002050902934115,-0.0024578451759938,20000000.0,1,2,0.33
P2,P,26,-0.0002443141827117,-0.0023978446034947,-0.0026421587862065,20000000.0,1,2,0.33
I1,I,26,,0.0025400411830852,0.0025400411830852,36832427.66168198,1,2,0.33
I2,I,26,,0.0012700205915426,0.0012700205915426,31221612.60594553,1,2,0.33
I3,I,26,,0.0012700205915426,0.0012700205915426,31550801.67760988,1,2,0.33
P1,P,27,-0.0003866916261244,-0.0020750650768802,-0.0024617567030047,20000000.0,1,2,0.33
P2,P,27,-0.0002327606991987,-0.0024015439348427,-0.0026343046340415,20000000.0,1,2,0.33
I1,I,27,,0.0025400411830852,0.0025400411830852,36647481.783628814,1,2,0.33
I2,I,27,,0.0012700205915426,0.0012700205915426,31051178.494062565,1,2,0.33
I3,I,27,,0.0012700205915426,0.0012700205915426,31374697.5193708,1,2,0.33
P1,P,28,-0.0003679122789356,-0.0020977488013915,-0.0024656610803272,20000000.0,1,2,0.33
P2,P,28,-0.0002221397380553,-0.0024049393743139,-0.0026270791123693,20000000.0,1,2,0.33
I1,I,28,,0.0025400411830852,0.0025400411830852,36475767.83951584,1,2,0.33
I2,I,28,,0.0012700205915426,0.0012700205915426,30893203.4656216,1,2,0.33
I3,I,28,,0.0012700205915426,0.0012700205915426,31211380.573679853,1,2,0.33
P1,P,29,-0.0003504390740933,-0.0021191084825853,-0.0024695475566787,20000000.0,1,2,0.33
P2,P,29,-0.0002123449572535,-0.002408014475899,-0.0026203594331525,20000000.0,1,2,0.33
I1,I,29,,0.0025400411830852,0.0025400411830852,36315883.1297942,1,2,0.33
I2,I,29,,0.0012700205915426,0.0012700205915426,30746358.35566505,1,2,0.33
I3,I,29,,0.0012700205915426,0.0012700205915426,31059484.81026133,1,2,0.33
P1,P,0,-0.0016796798146821,0.0,-0.0016796798146821,20000000.0,1,3,0.33
P2,P,0,-0.0017197613595674,0.0,-0.0017197613595674,20000000.0,1,3,0.33
I1,I,0,,0.0025368860879198,0.0025368860879198,41004607.17282942,1,3,0.33
I2,I,0,,0.0012684430439599,0.0012684430439599,36359485.18135198,1,3,0.33
I3,I,0,,,,,0,3,0.33
P1,P,1,-0.0015514986178481,0.0,-0.0015514986178481,20000000.0,1,3,0.33
P2,P,1,-0.00159213446738,0.0,-0.00159213446738,20000000.0,1,3,0.33
I1,I,1,,0.0025368860879198,0.0025368860879198,40985370.92511474,1,3,0.33
I2,I,1,,0.0012684430439599,0.0012684430439599,36490620.99474645,1,3,0.33
I3,I,1,,,,,0,3,0.33
P1,P,2,-0.0015448559361759,0.0,-0.0015448559361759,20000000.0,1,3,0.33
P2,P,2,-0.0015813342157414,0.0,-0.0015813342157414,20000000.0,1,3,0.33
I1,I,2,,0.0025368860879198,0.0025368860879198,41331985.26505139,1,3,0.33
I2,I,2,,0.0012684430439599,0.0012684430439599,36783705.13446797,1,3,0.33
I3,I,2,,,,,0,3,0.33
P1,P,3,-0.001569341574117,0.0,-0.001569341574117,20000000.0,1,3,0.33
P2,P,3,-0.0016020390906155,0.0,-0.0016020390906155,20000000.0,1,3,0.33
I1,I,3,,0.0025368860879198,0.0025368860879198,41601346.02482236,1,3,0.33
I2,I,3,,0.0012684430439599,0.0012684430439599,37007860.40644727,1,3,0.33
I3,I,3,,,,,0,3,0.33
P1,P,4,-0.0016304559794505,0.0,-0.0016304559794505,20000000.0,1,3,0.33
P2,P,4,-0.0016730969765245,0.0,-0.0016730969765245,20000000.0,1,3,0.33
I1,I,4,,0.0025368860879198,0.0025368860879198,42829860.45244179,1,3,0.33
I2,I,4,,0.0012684430439599,0.0012684430439599,38223552.84550539,1,3,0.33
I3,I,4,,0.0012684430439599,0.0012684430439599,39650008.395542055,1,3,0.33
P1,P,5,-0.0019920193104097,0.0,-0.0019920193104097,20000000.0,1,3,0.33
P2,P,5,-0.0018047889317089,-0.0001377756356104,-0.0019425645673193,20000000.0,1,3,0.33
I1,I,5,,0.0025368860879198,0.0025368860879198,45338415.04289755,1,3,0.33
I2,I,5,,0.0012684430439599,0.0012684430439599,40574304.26573673,1,3,0.33
I3,I,5,,0.0012684430439599,0.0012684430439599,41494748.25024992,1,3,0.33
P1,P,6,-0.0022266595181569,-1.5008486411306072e-06,-0.002228160366798,20000000.0,1,3,0.33
P2,P,6,-0.00162673981899,-0.0006974696553043,-0.0023242094742943,20000000.0,1,3,0.33
I1,I,6,,0.0025368860879198,0.0025368860879198,46364468.99971696,1,3,0.33
I2,I,6,,0.0012684430439599,0.0012684430439599,41491581.57757758,1,3,0.33
I3,I,6,,0.0012684430439599,0.0012684430439599,42383494.74602874,1,3,0.33
P1,P,7,-0.0021838162488723,-0.0001455138229368,-0.0023293300718092,20000000.0,1,3,0.33
P2,P,7,-0.0014245413639196,-0.0012691058507542,-0.0026936472146738,20000000.0,1,3,0.33
I1,I,7,,0.0025368860879198,0.0025368860879198,46427685.19220665,1,3,0.33
I2,I,7,,0.0012684430439599,0.0012684430439599,41491015.29423779,1,3,0.33
I3,I,7,,0.0012684430439599,0.0012684430439599,42400106.25321865,1,3,0.33
P1,P,8,-0.0019879846534079,-0.0004593663575974,-0.0024473510110053,20000000.0,1,3,0.33
P2,P,8,-0.0012460597313875,-0.0016597284000622,-0.0029057881314497,20000000.0,1,3,0.33
I1,I,8,,0.0025368860879198,0.0025368860879198,45809908.66772278,1,3,0.33
I2,I,8,,0.0012684430439599,0.0012684430439599,40866911.85406888,1,3,0.33
I3,I,8,,0.0012684430439599,0.0012684430439599,41777253.29680583,1,3,0.33
P1,P,9,-0.001731875983334,-0.0007482951661823,-0.0024801711495163,20000000.0,1,3,0.33
P2,P,9,-0.0010896087104689,-0.0019047956978623,-0.0029944044083313,20000000.0,1,3,0.33
I1,I,9,,0.0025368860879198,0.0025368860879198,44873573.84182409,1,3,0.33
I2,I,9,,0.0012684430439599,0.0012684430439599,39952440.6600509,1,3,0.33
I3,I,9,,0.0012684430439599,0.0012684430439599,40853039.73352629,1,3,0.33
P1,P,10,-0.0015030508504312,-0.000969892650169,-0.0024729435006003,20000000.0,1,3,0.33
P2,P,10,-0.0009539701267372,-0.0020597815625237,-0.003013751689261,20000000.0,1,3,0.33
I1,I,10,,0.0025368860879198,0.0025368860879198,43847726.07882271,1,3,0.33
I2,I,10,,0.0012684430439599,0.0012684430439599,38959731.95039255,1,3,0.33
I3,I,10,,0.0012684430439599,0.0012684430439599,39845605.47536352,1,3,0.33
P1,P,11,-0.0013238335079355,-0.001126726493558,-0.0024505600014936,20000000.0,1,3,0.33
P2,P,11,-0.000838606293776,-0.0021609569365311,-0.0029995632303072,20000000.0,1,3,0.33
I1,I,11,,0.0025368860879198,0.0025368860879198,42851689.10520061,1,3,0.33
I2,I,11,,0.0012684430439599,0.0012684430439599,38000491.9265788,1,3,0.33
I3,I,11,,0.0012684430439599,0.0012684430439599,38869912.52409,1,3,0.33
P1,P,12,-0.0011816049687657,-0.0012406697185918,-0.0024222746873575,20000000.0,1,3,0.33
P2,P,12,-0.000742223034527,-0.0022305321760905,-0.0029727552106176,20000000.0,1,3,0.33
I1,I,12,,0.0025368860879198,0.0025368860879198,41942637.16158988,1,3,0.33
I2,I,12,,0.0012684430439599,0.0012684430439599,37128029.13333605,1,3,0.33
I3,I,12,,0.0012684430439599,0.0012684430439599,37981193.618804544,1,3,0.33
P1,P,13,-0.0010634334899894,-0.001332591621804,-0.0023960251117934,20000000.0,1,3,0.33
P2,P,13,-0.0006624164623072,-0.0022812539549126,-0.0029436704172198,20000000.0,1,3,0.33
I1,I,13,,0.0025368860879198,0.0025368860879198,41135906.96257301,1,3,0.33
I2,I,13,,0.0012684430439599,0.0012684430439599,36356293.16111693,1,3,0.33
I3,I,13,,0.0012684430439599,0.0012684430439599,37194081.49093428,1,3,0.33
P1,P,14,-0.0009619360042752,-0.0014144081617151,-0.0023763441659903,20000000.0,1,3,0.33
P2,P,14,-0.0005961933377677,-0.0023194936315825,-0.0029156869693502,20000000.0,1,3,0.33
I1,I,14,,0.0025368860879198,0.0025368860879198,40424850.95593209,1,3,0.33
I2,I,14,,0.0012684430439599,0.0012684430439599,35678532.36602642,1,3,0.33
I3,I,14,,0.0012684430439599,0.0012684430439599,36501819.985541165,1,3,0.33
P1,P,15,-0.0008734306120581,-0.0014904389051999,-0.0023638695172581,20000000.0,1,3,0.33
P2,P,15,-0.0005407250251201,-0.0023485623594249,-0.002889287384545,20000000.0,1,3,0.33
I1,I,15,,0.0025368860879198,0.0025368860879198,39796526.727243625,1,3,0.33
I2,I,15,,0.0012684430439599,0.0012684430439599,35081964.44825836,1,3,0.33
I3,I,15,,0.0012684430439599,0.0012684430439599,35891491.80116048,1,3,0.33
P1,P,16,-0.0007959923819374,-0.0015618185059141,-0.0023578108878516,20000000.0,1,3,0.33
P2,P,16,-0.0004937160127336,-0.0023708046178457,-0.0028645206305794,20000000.0,1,3,0.33
I1,I,16,,0.0025368860879198,0.0025368860879198,39237193.2942123,1,3,0.33
I2,I,16,,0.0012684430439599,0.0012684430439599,34552859.01808199,1,3,0.33
I3,I,16,,0.0012684430439599,0.0012684430439599,35349328.11609379,1,3,0.33
P1,P,17,-0.0007284291723062,-0.0016282258747594,-0.0023566550470657,20000000.0,1,3,0.33
P2,P,17,-0.0004534440976844,-0.0023876401646271,-0.0028410842623115,20000000.0,1,3,0.33
I1,I,17,,0.0025368860879198,0.0025368860879198,38735714.78811066,1,3,0.33
I2,I,17,,0.0012684430439599,0.0012684430439599,34080050.85744079,1,3,0.33
I3,I,17,,0.0012684430439599,0.0012684430439599,34864160.539839126,1,3,0.33
P1,P,18,-0.0006698179207802,-0.0016888670297384,-0.0023586849505187,20000000.0,1,3,0.33
P2,P,18,-0.0004186509707475,-0.00240020099371,-0.0028188519644575,20000000.0,1,3,0.33
I1,I,18,,0.0025368860879198,0.0025368860879198,38284323.92909543,1,3,0.33
I2,I,18,,0.0012684430439599,0.0012684430439599,33655706.98531074,1,3,0.33
I3,I,18,,0.0012684430439599,0.0012684430439599,34428193.241415635,1,3,0.33
P1,P,19,-0.0006191058378062,-0.0017433793024053,-0.0023624851402115,20000000.0,1,3,0.33
P2,P,19,-0.0003884332155634,-0.0024095764229203,-0.0027980096384837,20000000.0,1,3,0.33
I1,I,19,,0.0025368860879198,0.0025368860879198,37877563.65283439,1,3,0.33
I2,I,19,,0.0012684430439599,0.0012684430439599,33274311.639248013,1,3,0.33
I3,I,19,,0.0012684430439599,0.0012684430439599,34035954.14451531,1,3,0.33
P1,P,20,-0.0005752135639198,-0.0017921768408702,-0.0023673904047901,20000000.0,1,3,0.33
P2,P,20,-0.0003620466184255,-0.0024166731456373,-0.0027787197640628,20000000.0,1,3,0.33
I1,I,20,,0.0025368860879198,0.0025368860879198,37510488.271279454,1,3,0.33
I2,I,20,,0.0012684430439599,0.0012684430439599,32930943.219904948,1,3,0.33
I3,I,20,,0.0012684430439599,0.0012684430439599,33682520.0992785,1,3,0.33
P1,P,21,-0.0005370863340156,-0.0018356731529981,-0.0023727594870137,20000000.0,1,3,0.33
P2,P,21,-0.0003388722457305,-0.0024223189046834,-0.002761191150414,20000000.0,1,3,0.33
I1,I,21,,0.0025368860879198,0.0025368860879198,37178625.08230639,1,3,0.33
I2,I,21,,0.0012684430439599,0.0012684430439599,32621170.57217246,1,3,0.33
I3,I,21,,0.0012684430439599,0.0012684430439599,33363448.96091017,1,3,0.33
P1,P,22,-0.0005037566877483,-0.0018744125520599,-0.0023781692398083,20000000.0,1,3,0.33
P2,P,22,-0.0003183683314127,-0.0024271519285709,-0.0027455202599836,20000000.0,1,3,0.33
I1,I,22,,0.0025368860879198,0.0025368860879198,36877859.95380219,1,3,0.33
I2,I,22,,0.0012684430439599,0.0012684430439599,32340952.348107312,1,3,0.33
I3,I,22,,0.0012684430439599,0.0012684430439599,33074668.886412475,1,3,0.33
P1,P,23,-0.0004743460692916,-0.0019090299538887,-0.0023833760231803,20000000.0,1,3,0.33
P2,P,23,-0.0003000781617716,-0.0024315870666788,-0.0027316652284505,20000000.0,1,3,0.33
I1,I,23,,0.0025368860879198,0.0025368860879198,36604456.0036154,1,3,0.33
I2,I,23,,0.0012684430439599,0.0012684430439599,32086645.02330053,1,3,0.33
I3,I,23,,0.0012684430439599,0.0012684430439599,32812492.05486312,1,3,0.33
P1,P,24,-0.0004481546712967,-0.0019402473435557,-0.0023884020148524,20000000.0,1,3,0.33
P2,P,24,-0.0002836408048059,-0.0024357434945938,-0.0027193842993998,20000000.0,1,3,0.33
I1,I,24,,0.0025368860879198,0.0025368860879198,36354958.48853795,1,3,0.33
I2,I,24,,0.0012684430439599,0.0012684430439599,31854935.781874977,1,3,0.33
I3,I,24,,0.0012684430439599,0.0012684430439599,32573531.353575107,1,3,0.33
P1,P,25,-0.0004246145471668,-0.0019686696306752,-0.002393284177842,20000000.0,1,3,0.33
P2,P,25,-0.0002688008403873,-0.0024395739980916,-0.0027083748384789,20000000.0,1,3,0.33
I1,I,25,,0.0025368860879198,0.0025368860879198,36126467.4826463,1,3,0.33
I2,I,25,,0.0012684430439599,0.0012684430439599,31643076.50688394,1,3,0.33
I3,I,25,,0.0012684430439599,0.0012684430439599,32354956.97139584,1,3,0.33
P1,P,26,-0.0004032631428996,-0.0019947784127595,-0.0023980415556591,20000000.0,1,3,0.33
P2,P,26,-0.0002553485554829,-0.0024430738501326,-0.0026984224056155,20000000.0,1,3,0.33
I1,I,26,,0.0025368860879198,0.0025368860879198,35916511.637097456,1,3,0.33
I2,I,26,,0.0012684430439599,0.0012684430439599,31448724.7315274,1,3,0.33
I3,I,26,,0.0012684430439599,0.0012684430439599,32154357.562025115,1,3,0.33
P1,P,27,-0.000383732871807,-0.0020189218980061,-0.0024026547698132,20000000.0,1,3,0.33
P2,P,27,-0.0002431135475592,-0.0024462579205938,-0.0026893714681531,20000000.0,1,3,0.33
I1,I,27,,0.0025368860879198,0.0025368860879198,35723053.24006572,1,3,0.33
I2,I,27,,0.0012684430439599,0.0012684430439599,31269949.04218391,1,3,0.33
I3,I,27,,0.0012684430439599,0.0012684430439599,31969746.42613875,1,3,0.33
P1,P,28,-0.0003657713877175,-0.0020413464178645,-0.002407117805582,20000000.0,1,3,0.33
P2,P,28,-0.0002319532139031,-0.0024491438151817,-0.0026810970290849,20000000.0,1,3,0.33
I1,I,28,,0.0025368860879198,0.0025368860879198,35544379.684397414,1,3,0.33
I2,I,28,,0.0012684430439599,0.0012684430439599,31105127.742646728,1,3,0.33
I3,I,28,,0.0012684430439599,0.0012684430439599,31799455.072378352,1,3,0.33
P1,P,29,-0.0003491782353163,-0.0020622822890466,-0.0024114605243629,20000000.0,1,3,0.33
P2,P,29,-0.0002217430729207,-0.0024517568292874,-0.0026734999022081,20000000.0,1,3,0.33
I1,I,29,,0.0025368860879198,0.0025368860879198,35378895.01539514,1,3,0.33
I2,I,29,,0.0012684430439599,0.0012684430439599,30952744.37099812,1,3,0.33
I3,I,29,,0.0012684430439599,0.0012684430439599,31641926.3793448,1,3,0.33
P1,P,0,-0.0018555547145273,0.0,-0.0018555547145273,20000000.0,1,4,0.33
P2,P,0,-0.0016978948667594,0.0,-0.0016978948667594,20000000.0,1,4,0.33
I1,I,0,,0.002537113274454,0.002537113274454,41676325.00804092,1,4,0.33
I2,I,0,,0.001268556637227,0.001268556637227,36144130.03416584,1,4,0.33
I3,I,0,,,,,0,4,0.33
P1,P,1,-0.0016994665978503,0.0,-0.0016994665978503,20000000.0,1,4,0.33
P2,P,1,-0.0015835027927598,0.0,-0.0015835027927598,20000000.0,1,4,0.33
I1,I,1,,0.002537113274454,0.002537113274454,41550171.07970256,1,4,0.33
I2,I,1,,0.001268556637227,0.001268556637227,36265762.35588229,1,4,0.33
I3,I,1,,,,,0,4,0.33
P1,P,2,-0.001681820109596,0.0,-0.001681820109596,20000000.0,1,4,0.33
P2,P,2,-0.0015731229317481,0.0,-0.0015731229317481,20000000.0,1,4,0.33
I1,I,2,,0.002537113274454,0.002537113274454,41839742.14626386,1,4,0.33
I2,I,2,,0.001268556637227,0.001268556637227,36517234.81780306,1,4,0.33
I3,I,2,,,,,0,4,0.33
P1,P,3,-0.0017005760607079,0.0,-0.0017005760607079,20000000.0,1,4,0.33
P2,P,3,-0.0015900287406175,0.0,-0.0015900287406175,20000000.0,1,4,0.33
I1,I,3,,0.002537113274454,0.002537113274454,42058758.43661758,1,4,0.33
I2,I,3,,0.001268556637227,0.001268556637227,36696662.9084105,1,4,0.33
I3,I,3,,,,,0,4,0.33
P1,P,4,-0.0017300957605366,0.0,-0.0017300957605366,20000000.0,1,4,0.33
P2,P,4,-0.0016161382197932,0.0,-0.0016161382197932,20000000.0,1,4,0.33
I1,I,4,,0.002537113274454,0.002537113274454,42216266.70582255,1,4,0.33
I2,I,4,,0.001268556637227,0.001268556637227,36828046.618287295,1,4,0.33
I3,I,4,,,,,0,4,0.33
P1,P,5,-0.0020785019334812,0.0,-0.0020785019334812,20000000.0,1,4,0.33
P2,P,5,-0.0017627348550362,-8.998657076140055e-05,-0.0018527214257976,20000000.0,1,4,0.33
I1,I,5,,0.002537113274454,0.002537113274454,45216253.9837858,1,4,0.33
I2,I,5,,0.001268556637227,0.001268556637227,39713797.69430159,1,4,0.33
I3,I,5,,0.001268556637227,0.001268556637227,40461183.265883856,1,4,0.33
P1,P,6,-0.0023354859811723,-1.5326021304131493e-06,-0.0023370185833027,20000000.0,1,4,0.33
P2,P,6,-0.0016107268450023,-0.0005616345356736,-0.002172361380676,20000000.0,1,4,0.33
I1,I,6,,0.002537113274454,0.002537113274454,46340749.80576685,1,4,0.33
I2,I,6,,0.001268556637227,0.001268556637227,40736306.30273154,1,4,0.33
I3,I,6,,0.001268556637227,0.001268556637227,41344183.71576207,1,4,0.33
P1,P,7,-0.0023120202375016,-0.0001535418132647,-0.0024655620507663,20000000.0,1,4,0.33
P2,P,7,-0.0014096923684471,-0.0011012763734722,-0.0025109687419194,20000000.0,1,4,0.33
I1,I,7,,0.002537113274454,0.002537113274454,46467254.42783233,1,4,0.33
I2,I,7,,0.001268556637227,0.001268556637227,40806789.14732085,1,4,0.33
I3,I,7,,0.001268556637227,0.001268556637227,41411053.33716999,1,4,0.33
P1,P,8,-0.002079686380498,-0.0004787949056113,-0.0025584812861093,20000000.0,1,4,0.33
P2,P,8,-0.0012186632768215,-0.0015178727869357,-0.0027365360637572,20000000.0,1,4,0.33
I1,I,8,,0.002537113274454,0.002537113274454,45929002.04773733,1,4,0.33
I2,I,8,,0.001268556637227,0.001268556637227,40255018.59181012,1,4,0.33
I3,I,8,,0.001268556637227,0.001268556637227,40861539.72925224,1,4,0.33
P1,P,9,-0.001788963182099,-0.0008039666940979,-0.002592929876197,20000000.0,1,4,0.33
P2,P,9,-0.0010487635502143,-0.001802566103,-0.0028513296532144,20000000.0,1,4,0.33
I1,I,9,,0.002537113274454,0.002537113274454,45026895.43315358,1,4,0.33
I2,I,9,,0.001268556637227,0.001268556637227,39365623.46393098,1,4,0.33
I3,I,9,,0.001268556637227,0.001268556637227,39967511.8904248,1,4,0.33
P1,P,10,-0.0015359655807935,-0.0010557820795055,-0.0025917476602991,20000000.0,1,4,0.33
P2,P,10,-0.0009044389670582,-0.0019839195459216,-0.0028883585129799,20000000.0,1,4,0.33
I1,I,10,,0.002537113274454,0.002537113274454,43987429.49340291,1,4,0.33
I2,I,10,,0.001268556637227,0.001268556637227,38353558.79138148,1,4,0.33
I3,I,10,,0.001268556637227,0.001268556637227,38944576.5770408,1,4,0.33
P1,P,11,-0.0013354425794296,-0.0012334022113085,-0.0025688447907381,20000000.0,1,4,0.33
P2,P,11,-0.0007855665301401,-0.002096265013399,-0.0028818315435391,20000000.0,1,4,0.33
I1,I,11,,0.002537113274454,0.002537113274454,42961654.84643527,1,4,0.33
I2,I,11,,0.001268556637227,0.001268556637227,37361608.930167,1,4,0.33
I3,I,11,,0.001268556637227,0.001268556637227,37938628.14273583,1,4,0.33
P1,P,12,-0.0011765382519533,-0.0013627551122976,-0.002539293364251,20000000.0,1,4,0.33
P2,P,12,-0.0006892204576578,-0.0021670984699322,-0.00285631892759,20000000.0,1,4,0.33
I1,I,12,,0.002537113274454,0.002537113274454,42025017.62140665,1,4,0.33
I2,I,12,,0.001268556637227,0.001268556637227,36460446.97987409,1,4,0.33
I3,I,12,,0.001268556637227,0.001268556637227,37022627.46730516,1,4,0.33
P1,P,13,-0.00104759616608,-0.0014652549092503,-0.0025128510753304,20000000.0,1,4,0.33
P2,P,13,-0.0006113344370108,-0.0022140606671205,-0.0028253951041313,20000000.0,1,4,0.33
I1,I,13,,0.002537113274454,0.002537113274454,41199542.1347676,1,4,0.33
I2,I,13,,0.001268556637227,0.001268556637227,35669829.99884801,1,4,0.33
I3,I,13,,0.001268556637227,0.001268556637227,36217478.32437507,1,4,0.33
P1,P,14,-0.0009410933294443,-0.0015526339265337,-0.002493727255978,20000000.0,1,4,0.33
P2,P,14,-0.0005478709900194,-0.0022468349780972,-0.0027947059681166,20000000.0,1,4,0.33
I1,I,14,,0.002537113274454,0.002537113274454,40479782.51147297,1,4,0.33
I2,I,14,,0.001268556637227,0.001268556637227,34983494.112677954,1,4,0.33
I3,I,14,,0.001268556637227,0.001268556637227,35517295.38262867,1,4,0.33
P1,P,15,-0.0008521350163064,-0.0016298007373475,-0.002481935753654,20000000.0,1,4,0.33
P2,P,15,-0.000495478975809,-0.0022704938905701,-0.0027659728663792,20000000.0,1,4,0.33
I1,I,15,,0.002537113274454,0.002537113274454,39851667.67578479,1,4,0.33
I2,I,15,,0.001268556637227,0.001268556637227,34387125.1918848,1,4,0.33
I3,I,15,,0.001268556637227,0.001268556637227,34907856.86979566,1,4,0.33
P1,P,16,-0.0007771608825562,-0.001698780870658,-0.0024759417532143,20000000.0,1,4,0.33
P2,P,16,-0.0004516709665943,-0.0022879372576619,-0.0027396082242562,20000000.0,1,4,0.33
I1,I,16,,0.002537113274454,0.002537113274454,39300719.10439294,1,4,0.33
I2,I,16,,0.001268556637227,0.001268556637227,33866149.6510346,1,4,0.33
I3,I,16,,0.001268556637227,0.001268556637227,34374625.99282656,1,4,0.33
P1,P,17,-0.0007134053977765,-0.001760807851988,-0.0024742132497645,20000000.0,1,4,0.33
P2,P,17,-0.0004146060478898,-0.0023009949373962,-0.002715600985286,20000000.0,1,4,0.33
I1,I,17,,0.002537113274454,0.002537113274454,38814199.08645655,1,4,0.33
I2,I,17,,0.001268556637227,0.001268556637227,33407808.024771087,1,4,0.33
I3,I,17,,0.001268556637227,0.001268556637227,33904849.4840714,1,4,0.33
P1,P,18,-0.0006587011795538,-0.0018165559058343,-0.0024752570853881,20000000.0,1,4,0.33
P2,P,18,-0.0003829041217837,-0.0023109261533919,-0.0026938302751756,20000000.0,1,4,0.33
I1,I,18,,0.002537113274454,0.002537113274454,38382038.038010426,1,4,0.33
I2,I,18,,0.001268556637227,0.001268556637227,33002054.74368212,1,4,0.33
I3,I,18,,0.001268556637227,0.001268556637227,33488471.91823004,1,4,0.33
P1,P,19,-0.0006113530547477,-0.0018666520920794,-0.0024780051468272,20000000.0,1,4,0.33
P2,P,19,-0.0003555225723796,-0.0023186849014527,-0.0026742074738323,20000000.0,1,4,0.33
I1,I,19,,0.002537113274454,0.002537113274454,37996206.038117774,1,4,0.33
I2,I,19,,0.001268556637227,0.001268556637227,32640902.332711022,1,4,0.33
I3,I,19,,0.001268556637227,0.001268556637227,33117489.864964623,1,4,0.33
P1,P,20,-0.0005699866531218,-0.0019118693856913,-0.0024818560388131,20000000.0,1,4,0.33
P2,P,20,-0.0003316702994647,-0.0023248696041211,-0.0026565399035859,20000000.0,1,4,0.33
I1,I,20,,0.002537113274454,0.002537113274454,37650039.63484668,1,4,0.33
I2,I,20,,0.001268556637227,0.001268556637227,32317785.812685035,1,4,0.33
I3,I,20,,0.001268556637227,0.001268556637227,32785287.52600273,1,4,0.33
P1,P,21,-0.0005335039487137,-0.0019529216238097,-0.0024864255725234,20000000.0,1,4,0.33
P2,P,21,-0.0003107375679347,-0.0023298478468881,-0.0026405854148229,20000000.0,1,4,0.33
I1,I,21,,0.002537113274454,0.002537113274454,37338007.73534551,1,4,0.33
I2,I,21,,0.001268556637227,0.001268556637227,32027304.27894986,1,4,0.33
I3,I,21,,0.001268556637227,0.001268556637227,32486395.93956593,1,4,0.33
P1,P,22,-0.0005010434101887,-0.0019903560347021,-0.0024913994448908,20000000.0,1,4,0.33
P2,P,22,-0.0002922468982236,-0.0023339026339038,-0.0026261495321275,20000000.0,1,4,0.33
I1,I,22,,0.002537113274454,0.002537113274454,37055595.70835362,1,4,0.33
I2,I,22,,0.001268556637227,0.001268556637227,31765065.960184533,1,4,0.33
I3,I,22,,0.001268556637227,0.001268556637227,32216361.31784385,1,4,0.33
P1,P,23,-0.000471937711028,-0.0020246405866653,-0.0024965782976934,20000000.0,1,4,0.33
P2,P,23,-0.0002758124813671,-0.0023372656620485,-0.0026130781434156,20000000.0,1,4,0.33
I1,I,23,,0.002537113274454,0.002537113274454,36798978.12218594,1,4,0.33
I2,I,23,,0.001268556637227,0.001268556637227,31527363.94273153,1,4,0.33
I3,I,23,,0.001268556637227,0.001268556637227,31971416.426802937,1,4,0.33
P1,P,24,-0.0004456776892914,-0.0020561159323914,-0.0025017936216829,20000000.0,1,4,0.33
P2,P,24,-0.0002611103134472,-0.0023401492785544,-0.0026012595920017,20000000.0,1,4,0.33
I1,I,24,,0.002537113274454,0.002537113274454,36564894.16467753,1,4,0.33
I2,I,24,,0.001268556637227,0.001268556637227,31311040.34713136,1,4,0.33
I3,I,24,,0.001268556637227,0.001268556637227,31748351.657699265,1,4,0.33
P1,P,25,-0.0004218461206813,-0.0020850666092092,-0.0025069127298905,20000000.0,1,4,0.33
P2,P,25,-0.0002478665399291,-0.0023427526730655,-0.0025906192129946,20000000.0,1,4,0.33
I1,I,25,,0.002537113274454,0.002537113274454,36350494.2193471,1,4,0.33
I2,I,25,,0.001268556637227,0.001268556637227,31113329.99265517,1,4,0.33
I3,I,25,,0.001268556637227,0.001268556637227,31544361.687334284,1,4,0.33
P1,P,26,-0.0004000823759285,-0.0021117695797273,-0.0025118519556558,20000000.0,1,4,0.33
P2,P,26,-0.0002358536618452,-0.0023452080136568,-0.0025810616755021,20000000.0,1,4,0.33
I1,I,26,,0.002537113274454,0.002537113274454,36153307.586333096,1,4,0.33
I2,I,26,,0.001268556637227,0.001268556637227,30931842.656851217,1,4,0.33
I3,I,26,,0.001268556637227,0.001268556637227,31357017.818057857,1,4,0.33
P1,P,27,-0.0003800816192376,-0.0021365196369814,-0.002516601256219,20000000.0,1,4,0.33
P2,P,27,-0.0002248842977114,-0.0023475626327258,-0.0025724469304373,20000000.0,1,4,0.33
I1,I,27,,0.002537113274454,0.002537113274454,35971200.30351767,1,4,0.33
I2,I,27,,0.001268556637227,0.001268556637227,30764528.817269944,1,4,0.33
I3,I,27,,0.001268556637227,0.001268556637227,31184228.00834789,1,4,0.33
P1,P,28,-0.0003615983180491,-0.0021595809974334,-0.0025211793154826,20000000.0,1,4,0.33
P2,P,28,-0.0002148037970885,-0.0023498401034716,-0.0025646439005602,20000000.0,1,4,0.33
I1,I,28,,0.002537113274454,0.002537113274454,35802283.069287494,1,4,0.33
I2,I,28,,0.001268556637227,0.001268556637227,30609575.434052512,1,4,0.33
I3,I,28,,0.001268556637227,0.001268556637227,31024141.03035809,1,4,0.33
P1,P,29,-0.000344433150131,-0.0021811603069846,-0.0025255934571157,20000000.0,1,4,0.33
P2,P,29,-0.0002054993999631,-0.0023520119371723,-0.0025575113371354,20000000.0,1,4,0.33
I1,I,29,,0.002537113274454,0.002537113274454,35645035.76224324,1,4,0.33
I2,I,29,,0.001268556637227,0.001268556637227,30465536.54081953,1,4,0.33
I3,I,29,,0.001268556637227,0.001268556637227,30875274.016468644,1,4,0.33
P1,P,0,-0.0015720811192072,0.0,-0.0015720811192072,20000000.0,1,22,0.33
P2,P,0,-0.0020456794391153,0.0,-0.0020456794391153,20000000.0,1,22,0.33
I1,I,0,,0.0025489634769492,0.0025489634769492,40737336.52418451,1,22,0.33
I2,I,0,,0.0012744817384746,0.0012744817384746,36907864.37489945,1,22,0.33
I3,I,0,,,,,0,22,0.33
P1,P,1,-0.00146555334581,0.0,-0.00146555334581,20000000.0,1,22,0.33
P2,P,1,-0.0018583404707165,0.0,-0.0018583404707165,20000000.0,1,22,0.33
I1,I,1,,0.0025489634769492,0.0025489634769492,40716517.12553339,1,22,0.33
I2,I,1,,0.0012744817384746,0.0012744817384746,36871514.56920603,1,22,0.33
I3,I,1,,,,,0,22,0.33
P1,P,2,-0.0014583675412984,0.0,-0.0014583675412984,20000000.0,1,22,0.33
P2,P,2,-0.0018243794368514,0.0,-0.0018243794368514,20000000.0,1,22,0.33
I1,I,2,,0.0025489634769492,0.0025489634769492,41030170.78274961,1,22,0.33
I2,I,2,,0.0012744817384746,0.0012744817384746,37076582.07435061,1,22,0.33
I3,I,2,,,,,0,22,0.33
P1,P,3,-0.001476728960565,0.0,-0.001476728960565,20000000.0,1,22,0.33
P2,P,3,-0.0018347765388313,0.0,-0.0018347765388313,20000000.0,1,22,0.33
I1,I,3,,0.0025489634769492,0.0025489634769492,41260040.48518012,1,22,0.33
I2,I,3,,0.0012744817384746,0.0012744817384746,37234205.105875626,1,22,0.33
I3,I,3,,,,,0,22,0.33
P1,P,4,-0.0015025938892568,0.0,-0.0015025938892568,20000000.0,1,22,0.33
P2,P,4,-0.001861275218708,0.0,-0.001861275218708,20000000.0,1,22,0.33
I1,I,4,,0.0025489634769492,0.0025489634769492,41421588.45163897,1,22,0.33
I2,I,4,,0.0012744817384746,0.0012744817384746,37352270.47434701,1,22,0.33
I3,I,4,,,,,0,22,0.33
P1,P,5,-0.0016079543191365,0.0,-0.0016079543191365,20000000.0,1,22,0.33
P2,P,5,-0.001851368793364,-6.10967014569028e-05,-0.0019124654948209,20000000.0,1,22,0.33
I1,I,5,,0.0025489634769492,0.0025489634769492,41932557.776783936,1,22,0.33
I2,I,5,,0.0012744817384746,0.0012744817384746,37801803.51783549,1,22,0.33
I3,I,5,,,,,0,22,0.33
P1,P,6,-0.0016739275790878,0.0,-0.0016739275790878,20000000.0,1,22,0.33
P2,P,6,-0.0016155276118252,-0.0004179284925297,-0.002033456104355,20000000.0,1,22,0.33
I1,I,6,,0.0025489634769492,0.0025489634769492,41986993.93126722,1,22,0.33
I2,I,6,,0.0012744817384746,0.0012744817384746,37804205.47587562,1,22,0.33
I3,I,6,,,,,0,22,0.33
P1,P,7,-0.0016754371567521,-1.2633958804920996e-06,-0.0016767005526326,20000000.0,1,22,0.33
P2,P,7,-0.0013782825845674,-0.0008474879620148,-0.0022257705465822,20000000.0,1,22,0.33
I1,I,7,,0.0025489634769492,0.0025489634769492,41652224.503954,1,22,0.33
I2,I,7,,0.0012744817384746,0.0012744817384746,37423714.67360024,1,22,0.33
I3,I,7,,,,,0,22,0.33
P1,P,8,-0.0015710025417724,-6.12122374749467e-05,-0.0016322147792474,20000000.0,1,22,0.33
P2,P,8,-0.0011943874106479,-0.0011710413081304,-0.0023654287187783,20000000.0,1,22,0.33
I1,I,8,,0.0025489634769492,0.0025489634769492,41100964.29063333,1,22,0.33
I2,I,8,,0.0012744817384746,0.0012744817384746,36853888.86376619,1,22,0.33
I3,I,8,,,,,0,22,0.33
P1,P,9,-0.0014275124985587,-0.0002073366902852,-0.0016348491888439,20000000.0,1,22,0.33
P2,P,9,-0.0010445603323037,-0.0013919675362978,-0.0024365278686016,20000000.0,1,22,0.33
I1,I,9,,0.0025489634769492,0.0025489634769492,40394065.92975305,1,22,0.33
I2,I,9,,0.0012744817384746,0.0012744817384746,36158396.20034282,1,22,0.33
I3,I,9,,,,,0,22,0.33
P1,P,10,-0.0012888413800653,-0.0003544005496566,-0.001643241929722,20000000.0,1,22,0.33
P2,P,10,-0.0009167025221716,-0.0015393321344968,-0.0024560346566684,20000000.0,1,22,0.33
I1,I,10,,0.0025489634769492,0.0025489634769492,39615323.193316855,1,22,0.33
I2,I,10,,0.0012744817384746,0.0012744817384746,35407850.41321927,1,22,0.33
I3,I,10,,,,,0,22,0.33
P1,P,11,-0.0011506986478082,-0.0004725246020882,-0.0016232232498965,20000000.0,1,22,0.33
P2,P,11,-0.0008092101763628,-0.0016418915773712,-0.002451101753734,20000000.0,1,22,0.33
I1,I,11,,0.0025489634769492,0.0025489634769492,38868972.47921042,1,22,0.33
I2,I,11,,0.0012744817384746,0.0012744817384746,34693446.58185405,1,22,0.33
I3,I,11,,,,,0,22,0.33
P1,P,12,-0.001024447713092,-0.0005733739451593,-0.0015978216582513,20000000.0,1,22,0.33
P2,P,12,-0.0007202975246407,-0.0017172113435118,-0.0024375088681526,20000000.0,1,22,0.33
I1,I,12,,0.0025489634769492,0.0025489634769492,38195557.66651439,1,22,0.33
I2,I,12,,0.0012744817384746,0.0012744817384746,34052001.553555995,1,22,0.33
I3,I,12,,,,,0,22,0.33
P1,P,13,-0.0009207300107354,-0.0006577658989191,-0.0015784959096545,20000000.0,1,22,0.33
P2,P,13,-0.0006467880305259,-0.0017741588382287,-0.0024209468687547,20000000.0,1,22,0.33
I1,I,13,,0.0025489634769492,0.0025489634769492,37596342.300911486,1,22,0.33
I2,I,13,,0.0012744817384746,0.0012744817384746,33484371.159519847,1,22,0.33
I3,I,13,,,,,0,22,0.33
P1,P,14,-0.0008365678546255,-0.0007265158055868,-0.0015630836602124,20000000.0,1,22,0.33
P2,P,14,-0.0005856663597888,-0.0018185500964914,-0.0024042164562803,20000000.0,1,22,0.33
I1,I,14,,0.0025489634769492,0.0025489634769492,37066885.24866162,1,22,0.33
I2,I,14,,0.0012744817384746,0.0012744817384746,32985549.30022436,1,22,0.33
I3,I,14,,,,,0,22,0.33
P1,P,15,-0.0007665000584458,-0.0007838269086375,-0.0015503269670834,20000000.0,1,22,0.33
P2,P,15,-0.0005345019099318,-0.0018546557250174,-0.0023891576349492,20000000.0,1,22,0.33
I1,I,15,,0.0025489634769492,0.0025489634769492,36600620.25215713,1,22,0.33
I2,I,15,,0.0012744817384746,0.0012744817384746,32548453.042005945,1,22,0.33
I3,I,15,,,,,0,22,0.33
P1,P,16,-0.0007068276998151,-0.0008339715610973,-0.0015407992609124,20000000.0,1,22,0.33
P2,P,16,-0.0004912841681287,-0.0018847235555258,-0.0023760077236545,20000000.0,1,22,0.33
I1,I,16,,0.0025489634769492,0.0025489634769492,36188399.459844194,1,22,0.33
I2,I,16,,0.0012744817384746,0.0012744817384746,32163889.66381462,1,22,0.33
I3,I,16,,,,,0,22,0.33
P1,P,17,-0.0006551073383183,-0.0008797952384302,-0.0015349025767486,20000000.0,1,22,0.33
P2,P,17,-0.0004543486772149,-0.001909860857701,-0.0023642095349159,20000000.0,1,22,0.33
I1,I,17,,0.0025489634769492,0.0025489634769492,35820323.57354137,1,22,0.33
I2,I,17,,0.0012744817384746,0.0012744817384746,31822137.398384158,1,22,0.33
I3,I,17,,,,,0,22,0.33
P1,P,18,-0.0006095964110021,-0.0009225107118915,-0.0015321071228936,20000000.0,1,22,0.33
P2,P,18,-0.0004224172988482,-0.001930741474674,-0.0023531587735222,20000000.0,1,22,0.33
I1,I,18,,0.0025489634769492,0.0025489634769492,35488347.07790531,1,22,0.33
I2,I,18,,0.0012744817384746,0.0012744817384746,31515288.7794228,1,22,0.33
I3,I,18,,,,,0,22,0.33
P1,P,19,-0.0005692022119588,-0.0009625264248228,-0.0015317286367816,20000000.0,1,22,0.33
P2,P,19,-0.0003945491064904,-0.0019478862738136,-0.0023424353803041,20000000.0,1,22,0.33
I1,I,19,,0.0025489634769492,0.0025489634769492,35186729.72037882,1,22,0.33
I2,I,19,,0.0012744817384746,0.0012744817384746,31237660.3234122,1,22,0.33
I3,I,19,,,,,0,22,0.33
P1,P,20,-0.0005332453227406,-0.0009999133627922,-0.0015331586855328,20000000.0,1,22,0.33
P2,P,20,-0.0003700304934096,-0.0019617857018326,-0.0023318161952422,20000000.0,1,22,0.33
I1,I,20,,0.0025489634769492,0.0025489634769492,34911512.89908688,1,22,0.33
I2,I,20,,0.0012744817384746,0.0012744817384746,30985319.989569627,1,22,0.33
I3,I,20,,,,,0,22,0.33
P1,P,21,-0.0005012695073359,-0.001034802302167,-0.0015360718095029,20000000.0,1,22,0.33
P2,P,21,-0.0003482928300314,-0.001973000285079,-0.0023212931151105,20000000.0,1,22,0.33
I1,I,21,,0.0025489634769492,0.0025489634769492,34659283.66495,1,22,0.33
I2,I,21,,0.0012744817384746,0.0012744817384746,30754876.249846943,1,22,0.33
I3,I,21,,,,,0,22,0.33
P1,P,22,-0.0004727520644193,-0.0010672355470435,-0.0015399876114628,20000000.0,1,22,0.33
P2,P,22,-0.0003288842772242,-0.0019820755220952,-0.0023109597993194,20000000.0,1,22,0.33
I1,I,22,,0.0025489634769492,0.0025489634769492,34427384.35641912,1,22,0.33
I2,I,22,,0.0012744817384746,0.0012744817384746,30543672.9097296,1,22,0.33
I3,I,22,,,,,0,22,0.33
P1,P,23,-0.0005282656596403,-0.0013536297481536,-0.001881895407794,20000000.0,1,22,0.33
P2,P,23,-0.0003660068866845,-0.0024731530143198,-0.0028391599010043,20000000.0,1,22,0.33
I1,I,23,,0.0025489634769492,0.0025489634769492,36131410.554789215,1,22,0.33
I2,I,23,,0.0012744817384746,0.0012744817384746,32156600.78763728,1,22,0.33
I3,I,23,,0.0012744817384746,0.0012744817384746,32254607.169653304,1,22,0.33
P1,P,24,-0.0005249294007705,-0.00148468728143,-0.0020096166822006,20000000.0,1,22,0.33
P2,P,24,-0.0003614674438904,-0.0026403103536608,-0.0030017777975513,20000000.0,1,22,0.33
I1,I,24,,0.0025489634769492,0.0025489634769492,36324867.67990992,1,22,0.33
I2,I,24,,0.0012744817384746,0.0012744817384746,32334440.51947693,1,22,0.33
I3,I,24,,0.0012744817384746,0.0012744817384746,32335746.32261528,1,22,0.33
P1,P,25,-0.0005015912516684,-0.0015494788613043,-0.0020510701129728,20000000.0,1,22,0.33
P2,P,25,-0.0003449847056433,-0.0026999258705541,-0.0030449105761974,20000000.0,1,22,0.33
I1,I,25,,0.0025489634769492,0.0025489634769492,36206750.39401809,1,22,0.33
I2,I,25,,0.0012744817384746,0.0012744817384746,32227604.70161721,1,22,0.33
I3,I,25,,0.0012744817384746,0.0012744817384746,32186514.342620477,1,22,0.33
P1,P,26,-0.000474346039109,-0.0015915532782032,-0.0020658993173123,20000000.0,1,22,0.33
P2,P,26,-0.0003265492666071,-0.002724467622154,-0.0030510168887611,20000000.0,1,22,0.33
I1,I,26,,0.0025489634769492,0.0025489634769492,36012720.32295789,1,22,0.33
I2,I,26,,0.0012744817384746,0.0012744817384746,32050651.669546444,1,22,0.33
I3,I,26,,0.0012744817384746,0.0012744817384746,31981244.368434787,1,22,0.33
P1,P,27,-0.0004480142601473,-0.0016252511933131,-0.0020732654534605,20000000.0,1,22,0.33
P2,P,27,-0.0003090106049703,-0.0027370785585885,-0.0030460891635588,20000000.0,1,22,0.33
I1,I,27,,0.0025489634769492,0.0025489634769492,35808867.791703016,1,22,0.33
I2,I,27,,0.0012744817384746,0.0012744817384746,31864730.64902782,1,22,0.33
I3,I,27,,0.0012744817384746,0.0012744817384746,31774322.84641917,1,22,0.33
P1,P,28,-0.0004237945593305,-0.0016549762633118,-0.0020787708226424,20000000.0,1,22,0.33
P2,P,28,-0.0002929418125138,-0.0027452686036906,-0.0030382104162045,20000000.0,1,22,0.33
I1,I,28,,0.0025489634769492,0.0025489634769492,35613201.1614909,1,22,0.33
I2,I,28,,0.0012744817384746,0.0012744817384746,31686480.54636213,1,22,0.33
I3,I,28,,0.0012744817384746,0.0012744817384746,31579466.73619336,1,22,0.33
P1,P,29,-0.000401812811704,-0.0016821165397338,-0.0020839293514379,20000000.0,1,22,0.33
P2,P,29,-0.0002782962861578,-0.002751491789228,-0.0030297880753859,20000000.0,1,22,0.33
I1,I,29,,0.0025489634769492,0.0025489634769492,35429615.01671789,1,22,0.33
I2,I,29,,0.0012744817384746,0.0012744817384746,31519448.798604697,1,22,0.33
I3,I,29,,0.0012744817384746,0.0012744817384746,31398711.206696685,1,22,0.33
P1,P,0,-0.001502931961175,0.0,-0.001502931961175,20000000.0,1,13,0.33
P2,P,0,-0.0020023545526546,0.0,-0.0020023545526546,20000000.0,1,13,0.33
I1,I,0,,0.0025485462358361,0.0025485462358361,40240226.46979291,1,13,0.33
I2,I,0,,0.001274273117918,0.001274273117918,36032302.539238185,1,13,0.33
I3,I,0,,,,,0,13,0.33
P1,P,1,-0.0014027404331138,0.0,-0.0014027404331138,20000000.0,1,13,0.33
P2,P,1,-0.0018277202780569,0.0,-0.0018277202780569,20000000.0,1,13,0.33
I1,I,1,,0.0025485462358361,0.0025485462358361,40307697.48178841,1,13,0.33
I2,I,1,,0.001274273117918,0.001274273117918,36138522.32116129,1,13,0.33
I3,I,1,,,,,0,13,0.33
P1,P,2,-0.0013991812202747,0.0,-0.0013991812202747,20000000.0,1,13,0.33
P2,P,2,-0.0018021138295349,0.0,-0.0018021138295349,20000000.0,1,13,0.33
I1,I,2,,0.0025485462358361,0.0025485462358361,40666139.16845726,1,13,0.33
I2,I,2,,0.001274273117918,0.001274273117918,36395292.473084494,1,13,0.33
I3,I,2,,,,,0,13,0.33
P1,P,3,-0.0014199533703172,0.0,-0.0014199533703172,20000000.0,1,13,0.33
P2,P,3,-0.0018185740910757,0.0,-0.0018185740910757,20000000.0,1,13,0.33
I1,I,3,,0.0025485462358361,0.0025485462358361,40933385.04431246,1,13,0.33
I2,I,3,,0.001274273117918,0.001274273117918,36589748.2157892,1,13,0.33
I3,I,3,,,,,0,13,0.33
P1,P,4,-0.0014477118809951,0.0,-0.0014477118809951,20000000.0,1,13,0.33
P2,P,4,-0.0018499033327026,0.0,-0.0018499033327026,20000000.0,1,13,0.33
I1,I,4,,0.0025485462358361,0.0025485462358361,41127424.82099264,1,13,0.33
I2,I,4,,0.001274273117918,0.001274273117918,36738321.9039717,1,13,0.33
I3,I,4,,,,,0,13,0.33
P1,P,5,-0.0015617140578939,0.0,-0.0015617140578939,20000000.0,1,13,0.33
P2,P,5,-0.0018368896491197,-6.938002549915212e-05,-0.0019062696746189,20000000.0,1,13,0.33
I1,I,5,,0.0025485462358361,0.0025485462358361,41755943.62059996,1,13,0.33
I2,I,5,,0.001274273117918,0.001274273117918,37299602.80302484,1,13,0.33
I3,I,5,,,,,0,13,0.33
P1,P,6,-0.001633973840445,0.0,-0.001633973840445,20000000.0,1,13,0.33
P2,P,6,-0.0015944867793821,-0.0004554604247962,-0.0020499472041783,20000000.0,1,13,0.33
I1,I,6,,0.0025485462358361,0.0025485462358361,41876192.82809868,1,13,0.33
I2,I,6,,0.001274273117918,0.001274273117918,37358546.08104348,1,13,0.33
I3,I,6,,,,,0,13,0.33
P1,P,7,-0.0016447005370732,-8.87953707379854e-07,-0.0016455884907806,20000000.0,1,13,0.33
P2,P,7,-0.0013547362668291,-0.0008988297103033,-0.0022535659771324,20000000.0,1,13,0.33
I1,I,7,,0.0025485462358361,0.0025485462358361,41568363.71906318,1,13,0.33
I2,I,7,,0.001274273117918,0.001274273117918,37002080.01359473,1,13,0.33
I3,I,7,,,,,0,13,0.33
P1,P,8,-0.0015545264994916,-6.396646111670897e-05,-0.0016184929606083,20000000.0,1,13,0.33
P2,P,8,-0.0011693686331407,-0.0012273293002777,-0.0023966979334184,20000000.0,1,13,0.33
I1,I,8,,0.0025485462358361,0.0025485462358361,40999707.09206741,1,13,0.33
I2,I,8,,0.001274273117918,0.001274273117918,36418473.83887954,1,13,0.33
I3,I,8,,,,,0,13,0.33
P1,P,9,-0.0014215545698596,-0.0002028903021689,-0.0016244448720286,20000000.0,1,13,0.33
P2,P,9,-0.0010217187964843,-0.0014442592062136,-0.002465978002698,20000000.0,1,13,0.33
I1,I,9,,0.0025485462358361,0.0025485462358361,40268116.83192733,1,13,0.33
I2,I,9,,0.001274273117918,0.001274273117918,35702662.80249941,1,13,0.33
I3,I,9,,,,,0,13,0.33
P1,P,10,-0.0012811755087175,-0.0003254015506742,-0.0016065770593917,20000000.0,1,13,0.33
P2,P,10,-0.0009008505295365,-0.0015879025753459,-0.0024887531048824,20000000.0,1,13,0.33
I1,I,10,,0.0025485462358361,0.0025485462358361,39508270.19826715,1,13,0.33
I2,I,10,,0.001274273117918,0.001274273117918,34970707.14940921,1,13,0.33
I3,I,10,,,,,0,13,0.33
P1,P,11,-0.0011421524440271,-0.0004361839701018,-0.0015783364141289,20000000.0,1,13,0.33
P2,P,11,-0.0008011898878486,-0.0016877990390418,-0.0024889889268905,20000000.0,1,13,0.33
I1,I,11,,0.0025485462358361,0.0025485462358361,38792623.487144604,1,13,0.33
I2,I,11,,0.001274273117918,0.001274273117918,34286452.89775098,1,13,0.33
I3,I,11,,,,,0,13,0.33
P1,P,12,-0.0010157987980037,-0.00053792360599,-0.0015537224039938,20000000.0,1,13,0.33
P2,P,12,-0.000718647493849,-0.0017604877954442,-0.0024791352892933,20000000.0,1,13,0.33
I1,I,12,,0.0025485462358361,0.0025485462358361,38141746.59834476,1,13,0.33
I2,I,12,,0.001274273117918,0.001274273117918,33668181.51944137,1,13,0.33
I3,I,12,,,,,0,13,0.33
P1,P,13,-0.0009115960469154,-0.0006204348851353,-0.0015320309320508,20000000.0,1,13,0.33
P2,P,13,-0.00065004677677,-0.0018159035669636,-0.0024659503437337,20000000.0,1,13,0.33
I1,I,13,,0.0025485462358361,0.0025485462358361,37561546.86271836,1,13,0.33
I2,I,13,,0.001274273117918,0.001274273117918,33120168.49364581,1,13,0.33
I3,I,13,,,,,0,13,0.33
P1,P,14,-0.0009358930018665,-0.000830156717824,-0.0017660497196906,20000000.0,1,13,0.33
P2,P,14,-0.0006641773723595,-0.0022610753275533,-0.0029252526999128,20000000.0,1,13,0.33
I1,I,14,,0.0025485462358361,0.0025485462358361,39152291.9071478,1,13,0.33
I2,I,14,,0.001274273117918,0.001274273117918,34629955.90728472,1,13,0.33
I3,I,14,,0.001274273117918,0.001274273117918,36019138.348754905,1,13,0.33
P1,P,15,-0.0009038143109271,-0.0009840608686412,-0.0018878751795683,20000000.0,1,13,0.33
P2,P,15,-0.0006396792090534,-0.00249056593435,-0.0031302451434034,20000000.0,1,13,0.33
I1,I,15,,0.0025485462358361,0.0025485462358361,39304337.45425056,1,13,0.33
I2,I,15,,0.001274273117918,0.001274273117918,34755762.81805522,1,13,0.33
I3,I,15,,0.001274273117918,0.001274273117918,36024870.92675081,1,13,0.33
P1,P,16,-0.0008456133244511,-0.0010875141420686,-0.0019331274665198,20000000.0,1,13,0.33
P2,P,16,-0.000600473439876,-0.0026129344881432,-0.0032134079280193,20000000.0,1,13,0.33
I1,I,16,,0.0025485462358361,0.0025485462358361,39072224.02203196,1,13,0.33
I2,I,16,,0.001274273117918,0.001274273117918,34534541.04219905,1,13,0.33
I3,I,16,,0.001274273117918,0.001274273117918,35755092.123667054,1,13,0.33
P1,P,17,-0.0007818125799701,-0.0011656250360183,-0.0019474376159885,20000000.0,1,13,0.33
P2,P,17,-0.0005584729143545,-0.0026827447860784,-0.0032412177004329,20000000.0,1,13,0.33
I1,I,17,,0.0025485462358361,0.0025485462358361,38709271.93824037,1,13,0.33
I2,I,17,,0.001274273117918,0.001274273117918,34194901.27409884,1,13,0.33
I3,I,17,,0.001274273117918,0.001274273117918,35383017.82545315,1,13,0.33
P1,P,18,-0.0007200908995027,-0.0012330396982357,-0.0019531305977384,20000000.0,1,13,0.33
P2,P,18,-0.0005184218214761,-0.0027250574066178,-0.0032434792280939,20000000.0,1,13,0.33
I1,I,18,,0.0025485462358361,0.0025485462358361,38310372.57108618,1,13,0.33
I2,I,18,,0.001274273117918,0.001274273117918,33824253.79695431,1,13,0.33
I3,I,18,,0.001274273117918,0.001274273117918,34986733.34015173,1,13,0.33
P1,P,19,-0.0006631145772681,-0.0012951419907572,-0.0019582565680253,20000000.0,1,13,0.33
P2,P,19,-0.0004818108355345,-0.002751771435974,-0.0032335822715086,20000000.0,1,13,0.33
I1,I,19,,0.0025485462358361,0.0025485462358361,37913557.97329821,1,13,0.33
I2,I,19,,0.001274273117918,0.001274273117918,33457424.0551379,1,13,0.33
I3,I,19,,0.001274273117918,0.001274273117918,34598005.167324774,1,13,0.33
P1,P,20,-0.0006118932994744,-0.0013529858604212,-0.0019648791598957,20000000.0,1,13,0.33
P2,P,20,-0.0004488595600862,-0.0027689644778502,-0.0032178240379365,20000000.0,1,13,0.33
I1,I,20,,0.0025485462358361,0.0025485462358361,37534292.37792858,1,13,0.33
I2,I,20,,0.001274273117918,0.001274273117918,33108233.81892353,1,13,0.33
I3,I,20,,0.001274273117918,0.001274273117918,34229450.71096452,1,13,0.33
P1,P,21,-0.0005665924322615,-0.0014065349521124,-0.0019731273843739,20000000.0,1,13,0.33
P2,P,21,-0.0004193930568195,-0.0027798946176005,-0.0031992876744201,20000000.0,1,13,0.33
I1,I,21,,0.0025485462358361,0.0025485462358361,37178774.52067501,1,13,0.33
I2,I,21,,0.001274273117918,0.001274273117918,32782028.647755668,1,13,0.33
I3,I,21,,0.001274273117918,0.001274273117918,33885836.499847315,1,13,0.33
P1,P,22,-0.0005268203585569,-0.0014556142568153,-0.0019824346153723,20000000.0,1,13,0.33
P2,P,22,-0.0003931259390137,-0.0027867175970376,-0.0031798435360514,20000000.0,1,13,0.33
I1,I,22,,0.0025485462358361,0.0025485462358361,36848994.88321865,1,13,0.33
I2,I,22,,0.001274273117918,0.001274273117918,32480308.535567746,1,13,0.33
I3,I,22,,0.001274273117918,0.001274273117918,33568363.35320059,1,13,0.33
P1,P,23,-0.0004919598153258,-0.0015002126522438,-0.0019921724675697,20000000.0,1,13,0.33
P2,P,23,-0.0003696896317794,-0.0027909385909394,-0.0031606282227189,20000000.0,1,13,0.33
I1,I,23,,0.0025485462358361,0.0025485462358361,36545014.63024577,1,13,0.33
I2,I,23,,0.001274273117918,0.001274273117918,32202887.84792819,1,13,0.33
I3,I,23,,0.001274273117918,0.001274273117918,33276650.60023796,1,13,0.33
P1,P,24,-0.0004613155811049,-0.001540580383952,-0.0020018959650569,20000000.0,1,13,0.33
P2,P,24,-0.0003486783165124,-0.0027937227448022,-0.0031424010613146,20000000.0,1,13,0.33
I1,I,24,,0.0025485462358361,0.0025485462358361,36265528.8913082,1,13,0.33
I2,I,24,,0.001274273117918,0.001274273117918,31948355.51868098,1,13,0.33
I3,I,24,,0.001274273117918,0.001274273117918,33009139.88995642,1,13,0.33
P1,P,25,-0.0004342535076542,-0.0015771209181167,-0.002011374425771,20000000.0,1,13,0.33
P2,P,25,-0.0003297309839199,-0.0027957631176257,-0.0031254941015456,20000000.0,1,13,0.33
I1,I,25,,0.0025485462358361,0.0025485462358361,36008508.07936464,1,13,0.33
I2,I,25,,0.001274273117918,0.001274273117918,31714685.91665378,1,13,0.33
I3,I,25,,0.001274273117918,0.001274273117918,32763669.465303425,1,13,0.33
P1,P,26,-0.000410199188241,-0.0016102670827077,-0.0020204662709488,20000000.0,1,13,0.33
P2,P,26,-0.0003125492167899,-0.0027974259045005,-0.0031099751212904,20000000.0,1,13,0.33
I1,I,26,,0.0025485462358361,0.0025485462358361,35771792.40913988,1,13,0.33
I2,I,26,,0.001274273117918,0.001274273117918,31499795.882399995,1,13,0.33
I3,I,26,,0.001274273117918,0.001274273117918,32538019.5604378,1,13,0.33
P1,P,27,-0.000388654950802,-0.0016404903256669,-0.0020291452764689,20000000.0,1,13,0.33
P2,P,27,-0.0002968926764585,-0.0027988582383842,-0.0030957509148428,20000000.0,1,13,0.33
I1,I,27,,0.0025485462358361,0.0025485462358361,35553323.37287828,1,13,0.33
I2,I,27,,0.001274273117918,0.001274273117918,31301746.69728148,1,13,0.33
I3,I,27,,0.001274273117918,0.001274273117918,32330120.315998003,1,13,0.33
P1,P,28,-0.0003692274064206,-0.0016681678640857,-0.0020373952705064,20000000.0,1,13,0.33
P2,P,28,-0.0002825740091195,-0.0028001257615782,-0.0030826997706978,20000000.0,1,13,0.33
I1,I,28,,0.0025485462358361,0.0025485462358361,35351296.09558064,1,13,0.33
I2,I,28,,0.001274273117918,0.001274273117918,31118859.2514018,1,13,0.33
I3,I,28,,0.001274273117918,0.001274273117918,32138177.33075524,1,13,0.33
P1,P,29,-0.0003516010745155,-0.0016936203581171,-0.0020452214326327,20000000.0,1,13,0.33
P2,P,29,-0.000269442512457,-0.0028012562663545,-0.0030706987788116,20000000.0,1,13,0.33
I1,I,29,,0.0025485462358361,0.0025485462358361,35164142.246916935,1,13,0.33
I2,I,29,,0.001274273117918,0.001274273117918,30949681.301603243,1,13,0.33
I3,I,29,,0.001274273117918,0.001274273117918,31960642.723168023,1,13,0.33
P1,P,0,-0.0016295700630996,0.0,-0.0016295700630996,20000000.0,1,15,0.33
P2,P,0,-0.0018789112006896,0.0,-0.0018789112006896,20000000.0,1,15,0.33
I1,I,0,,0.0025446512317736,0.0025446512317736,39558476.66180045,1,15,0.33
I2,I,0,,0.0012723256158868,0.0012723256158868,36187947.3853632,1,15,0.33
I3,I,0,,,,,0,15,0.33
P1,P,1,-0.0015037297212479,0.0,-0.0015037297212479,20000000.0,1,15,0.33
P2,P,1,-0.0017376498209905,0.0,-0.0017376498209905,20000000.0,1,15,0.33
I1,I,1,,0.0025446512317736,0.0025446512317736,39752079.02448722,1,15,0.33
I2,I,1,,0.0012723256158868,0.0012723256158868,36270560.113399886,1,15,0.33
I3,I,1,,,,,0,15,0.33
P1,P,2,-0.0014938553095941,0.0,-0.0014938553095941,20000000.0,1,15,0.33
P2,P,2,-0.0017219530915438,0.0,-0.0017219530915438,20000000.0,1,15,0.33
I1,I,2,,0.0025446512317736,0.0025446512317736,40139187.52933325,1,15,0.33
I2,I,2,,0.0012723256158868,0.0012723256158868,36529639.37272766,1,15,0.33
I3,I,2,,,,,0,15,0.33
P1,P,3,-0.0015137680521883,0.0,-0.0015137680521883,20000000.0,1,15,0.33
P2,P,3,-0.0017402084668315,0.0,-0.0017402084668315,20000000.0,1,15,0.33
I1,I,3,,0.0025446512317736,0.0025446512317736,40412392.48868612,1,15,0.33
I2,I,3,,0.0012723256158868,0.0012723256158868,36724475.89073299,1,15,0.33
I3,I,3,,,,,0,15,0.33
P1,P,4,-0.001542344972047,0.0,-0.001542344972047,20000000.0,1,15,0.33
P2,P,4,-0.0017702247289577,0.0,-0.0017702247289577,20000000.0,1,15,0.33
I1,I,4,,0.0025446512317736,0.0025446512317736,40605982.65977564,1,15,0.33
I2,I,4,,0.0012723256158868,0.0012723256158868,36871824.16494244,1,15,0.33
I3,I,4,,,,,0,15,0.33
P1,P,5,-0.0016596579620495,0.0,-0.0016596579620495,20000000.0,1,15,0.33
P2,P,5,-0.0017698855824358,-5.630900295006837e-05,-0.0018261945853858,20000000.0,1,15,0.33
I1,I,5,,0.0025446512317736,0.0025446512317736,41214262.0541687,1,15,0.33
I2,I,5,,0.0012723256158868,0.0012723256158868,37416355.25521222,1,15,0.33
I3,I,5,,,,,0,15,0.33
P1,P,6,-0.001737181548249,0.0,-0.001737181548249,20000000.0,1,15,0.33
P2,P,6,-0.0015361719105388,-0.0003981652431978,-0.0019343371537366,20000000.0,1,15,0.33
I1,I,6,,0.0025446512317736,0.0025446512317736,41350632.46403715,1,15,0.33
I2,I,6,,0.0012723256158868,0.0012723256158868,37501496.16057668,1,15,0.33
I3,I,6,,,,,0,15,0.33
P1,P,7,-0.001742336528992,-2.2816116799983677e-06,-0.001744618140672,20000000.0,1,15,0.33
P2,P,7,-0.0013092291734449,-0.000811945466088,-0.002121174639533,20000000.0,1,15,0.33
I1,I,7,,0.0025446512317736,0.0025446512317736,41087605.3803234,1,15,0.33
I2,I,7,,0.0012723256158868,0.0012723256158868,37195157.57248188,1,15,0.33
I3,I,7,,,,,0,15,0.33
P1,P,8,-0.0016234950952658,-8.581562347959356e-05,-0.0017093107187454,20000000.0,1,15,0.33
P2,P,8,-0.0011349303595149,-0.0011298085526952,-0.0022647389122101,20000000.0,1,15,0.33
I1,I,8,,0.0025446512317736,0.0025446512317736,40577733.29952254,1,15,0.33
I2,I,8,,0.0012723256158868,0.0012723256158868,36670371.43180932,1,15,0.33
I3,I,8,,,,,0,15,0.33
P1,P,9,-0.0014634044291892,-0.0002690951917189,-0.0017324996209081,20000000.0,1,15,0.33
P2,P,9,-0.0009901878875612,-0.0013500563472873,-0.0023402442348485,20000000.0,1,15,0.33
I1,I,9,,0.0025446512317736,0.0025446512317736,39862713.26967555,1,15,0.33
I2,I,9,,0.0012723256158868,0.0012723256158868,35971591.146797895,1,15,0.33
I3,I,9,,,,,0,15,0.33
P1,P,10,-0.0013116511766315,-0.000442872415513,-0.0017545235921446,20000000.0,1,15,0.33
P2,P,10,-0.0008657185509143,-0.0014945743302551,-0.0023602928811695,20000000.0,1,15,0.33
I1,I,10,,0.0025446512317736,0.0025446512317736,39042852.23357176,1,15,0.33
I2,I,10,,0.0012723256158868,0.0012723256158868,35185306.16742262,1,15,0.33
I3,I,10,,,,,0,15,0.33
P1,P,11,-0.0011742873492253,-0.000575179536471,-0.0017494668856964,20000000.0,1,15,0.33
P2,P,11,-0.0007611577484432,-0.0015883494877007,-0.0023495072361439,20000000.0,1,15,0.33
I1,I,11,,0.0025446512317736,0.0025446512317736,38233423.32987718,1,15,0.33
I2,I,11,,0.0012723256158868,0.0012723256158868,34414806.13042056,1,15,0.33
I3,I,11,,,,,0,15,0.33
P1,P,12,-0.0010498383377986,-0.0006706014216877,-0.0017204397594864,20000000.0,1,15,0.33
P2,P,12,-0.0006762030678053,-0.0016536873312441,-0.0023298903990494,20000000.0,1,15,0.33
I1,I,12,,0.0025446512317736,0.0025446512317736,37512114.80973449,1,15,0.33
I2,I,12,,0.0012723256158868,0.0012723256158868,33731016.37468537,1,15,0.33
I3,I,12,,,,,0,15,0.33
P1,P,13,-0.000946859518596,-0.0007454183075202,-0.0016922778261163,20000000.0,1,15,0.33
P2,P,13,-0.0006076216087106,-0.0017030033762577,-0.0023106249849683,20000000.0,1,15,0.33
I1,I,13,,0.0025446512317736,0.0025446512317736,36888839.877645575,1,15,0.33
I2,I,13,,0.0012723256158868,0.0012723256158868,33143021.72493861,1,15,0.33
I3,I,13,,,,,0,15,0.33
P1,P,14,-0.0008643597503406,-0.0008078198182007,-0.0016721795685413,20000000.0,1,15,0.33
P2,P,14,-0.000551466880284,-0.0017419065713185,-0.0022933734516025,20000000.0,1,15,0.33
I1,I,14,,0.0025446512317736,0.0025446512317736,36347662.698976144,1,15,0.33
I2,I,14,,0.0012723256158868,0.0012723256158868,32635325.17928044,1,15,0.33
I3,I,14,,,,,0,15,0.33
P1,P,15,-0.0007956267367185,-0.0008625248363545,-0.0016581515730731,20000000.0,1,15,0.33
P2,P,15,-0.0005047695068302,-0.0017732155773932,-0.0022779850842234,20000000.0,1,15,0.33
I1,I,15,,0.0025446512317736,0.0025446512317736,35873554.56871348,1,15,0.33
I2,I,15,,0.0012723256158868,0.0012723256158868,32192999.266509145,1,15,0.33
I3,I,15,,,,,0,15,0.33
P1,P,16,-0.0008445527361024,-0.0011121863528689,-0.0019567390889713,20000000.0,1,15,0.33
P2,P,16,-0.0005282782303765,-0.0021971558370231,-0.0027254340673997,20000000.0,1,15,0.33
I1,I,16,,0.0025446512317736,0.0025446512317736,37514693.58955871,1,15,0.33
I2,I,16,,0.0012723256158868,0.0012723256158868,33736109.15158572,1,15,0.33
I3,I,16,,0.0012723256158868,0.0012723256158868,34578889.55860109,1,15,0.33
P1,P,17,-0.0008223911325742,-0.001274401919186,-0.0020967930517603,20000000.0,1,15,0.33
P2,P,17,-0.0005140648435363,-0.0023921141733459,-0.0029061790168823,20000000.0,1,15,0.33
I1,I,17,,0.0025446512317736,0.0025446512317736,37680324.8042696,1,15,0.33
I2,I,17,,0.0012723256158868,0.0012723256158868,33884551.090249166,1,15,0.33
I3,I,17,,0.0012723256158868,0.0012723256158868,34606770.22145011,1,15,0.33
P1,P,18,-0.0007698004284047,-0.0013799805442115,-0.0021497809726162,20000000.0,1,15,0.33
P2,P,18,-0.0004858197318321,-0.0024840808089598,-0.002969900540792,20000000.0,1,15,0.33
I1,I,18,,0.0025446512317736,0.0025446512317736,37473890.43372076,1,15,0.33
I2,I,18,,0.0012723256158868,0.0012723256158868,33693631.526645534,1,15,0.33
I3,I,18,,0.0012723256158868,0.0012723256158868,34365362.49251866,1,15,0.33
P1,P,19,-0.000711173292553,-0.0014588175835865,-0.0021699908761395,20000000.0,1,15,0.33
P2,P,19,-0.0004545402420845,-0.0025307987486233,-0.0029853389907078,20000000.0,1,15,0.33
I1,I,19,,0.0025446512317736,0.0025446512317736,37151857.59723913,1,15,0.33
I2,I,19,,0.0012723256158868,0.0012723256158868,33395819.66473174,1,15,0.33
I3,I,19,,0.0012723256158868,0.0012723256158868,34034087.967680976,1,15,0.33
P1,P,20,-0.0006554913838442,-0.0015242230057938,-0.0021797143896381,20000000.0,1,15,0.33
P2,P,20,-0.0004245395119914,-0.0025565594682756,-0.002981098980267,20000000.0,1,15,0.33
I1,I,20,,0.0025446512317736,0.0025446512317736,36805177.330631845,1,15,0.33
I2,I,20,,0.0012723256158868,0.0012723256158868,33075743.001940686,1,15,0.33
I3,I,20,,0.0012723256158868,0.0012723256158868,33688448.08639221,1,15,0.33
P1,P,21,-0.0006055431242562,-0.0015815842544237,-0.00218712737868,20000000.0,1,15,0.33
P2,P,21,-0.0003971652683736,-0.0025716565514238,-0.0029688218197974,20000000.0,1,15,0.33
I1,I,21,,0.0025446512317736,0.0025446512317736,36467190.09344532,1,15,0.33
I2,I,21,,0.0012723256158868,0.0012723256158868,32764494.262872502,1,15,0.33
I3,I,21,,0.0012723256158868,0.0012723256158868,33356203.16545336,1,15,0.33
P1,P,22,-0.0005616675767378,-0.0016329427876137,-0.0021946103643516,20000000.0,1,15,0.33
P2,P,22,-0.0003725874076166,-0.0025809217371273,-0.0029535091447439,20000000.0,1,15,0.33
I1,I,22,,0.0025446512317736,0.0025446512317736,36149150.70777108,1,15,0.33
I2,I,22,,0.0012723256158868,0.0012723256158868,32472386.8850063,1,15,0.33
I3,I,22,,0.0012723256158868,0.0012723256158868,33046168.12438233,1,15,0.33
P1,P,23,-0.0005232566957925,-0.0016792891341596,-0.0022025458299522,20000000.0,1,15,0.33
P2,P,23,-0.0003505768988478,-0.0025868097304747,-0.0029373866293225,20000000.0,1,15,0.33
I1,I,23,,0.0025446512317736,0.0025446512317736,35854000.40436711,1,15,0.33
I2,I,23,,0.0012723256158868,0.0012723256158868,32201958.18176687,1,15,0.33
I3,I,23,,0.0012723256158868,0.0012723256158868,32760086.46528638,1,15,0.33
P1,P,24,-0.0004895293719849,-0.0017212469689685,-0.0022107763409534,20000000.0,1,15,0.33
P2,P,24,-0.0003308453011648,-0.0025906075247571,-0.002921452825922,20000000.0,1,15,0.33
I1,I,24,,0.0025446512317736,0.0025446512317736,35581707.45359193,1,15,0.33
I2,I,24,,0.0012723256158868,0.0012723256158868,31953028.574273687,1,15,0.33
I3,I,24,,0.0012723256158868,0.0012723256158868,32497294.988458443,1,15,0.33
P1,P,25,-0.0004597604143754,-0.0017593461320092,-0.0022191065463847,20000000.0,1,15,0.33
P2,P,25,-0.0003131357460037,-0.0025930154909013,-0.002906151236905,20000000.0,1,15,0.33
I1,I,25,,0.0025446512317736,0.0025446512317736,35331153.35346974,1,15,0.33
I2,I,25,,0.0012723256158868,0.0012723256158868,31724467.90596117,1,15,0.33
I3,I,25,,0.0012723256158868,0.0012723256158868,32256330.13002633,1,15,0.33
P1,P,26,-0.0004333272321458,-0.0017940571990195,-0.0022273844311653,20000000.0,1,15,0.33
P2,P,26,-0.0002972151193031,-0.0025944761702434,-0.0028916912895466,20000000.0,1,15,0.33
I1,I,26,,0.0025446512317736,0.0025446512317736,35100782.259668946,1,15,0.33
I2,I,26,,0.0012723256158868,0.0012723256158868,31514769.457075916,1,15,0.33
I3,I,26,,0.0012723256158868,0.0012723256158868,32035442.058317285,1,15,0.33
P1,P,27,-0.0004096938626733,-0.0018257294275102,-0.0022354232901836,20000000.0,1,15,0.33
P2,P,27,-0.0002828563672044,-0.0025953636113398,-0.0028782199785443,20000000.0,1,15,0.33
I1,I,27,,0.0025446512317736,0.0025446512317736,34888951.286001764,1,15,0.33
I2,I,27,,0.0012723256158868,0.0012723256158868,31322346.08372569,1,15,0.33
I3,I,27,,0.0012723256158868,0.0012723256158868,31832872.25394696,1,15,0.33
P1,P,28,-0.0003884151031374,-0.0018547386505401,-0.0022431537536776,20000000.0,1,15,0.33
P2,P,28,-0.0002698171997258,-0.0025959976415126,-0.0028658148412384,20000000.0,1,15,0.33
I1,I,28,,0.0025446512317736,0.0025446512317736,34693792.67852866,1,15,0.33
I2,I,28,,0.0012723256158868,0.0012723256158868,31145401.356127303,1,15,0.33
I3,I,28,,0.0012723256158868,0.0012723256158868,31646687.63356264,1,15,0.33
P1,P,29,-0.0003691116552134,-0.0018814822850129,-0.0022505939402264,20000000.0,1,15,0.33
P2,P,29,-0.0002578546924273,-0.0025966381202506,-0.0028544928126779,20000000.0,1,15,0.33
I1,I,29,,0.0025446512317736,0.0025446512317736,34513080.15646237,1,15,0.33
I2,I,29,,0.0012723256158868,0.0012723256158868,30981789.00159673,1,15,0.33
I3,I,29,,0.0012723256158868,0.0012723256158868,31474626.589931343,1,15,0.33
P1,P,0,-0.0015411264098172,0.0,-0.0015411264098172,20000000.0,1,12,0.33
P2,P,0,-0.0019878776356912,0.0,-0.0019878776356912,20000000.0,1,12,0.33
I1,I,0,,0.0025451453599834,0.0025451453599834,39497726.35977841,1,12,0.33
I2,I,0,,0.0012725726799917,0.0012725726799917,36284453.885201216,1,12,0.33
I3,I,0,,,,,0,12,0.33
P1,P,1,-0.0014329243050227,0.0,-0.0014329243050227,20000000.0,1,12,0.33
P2,P,1,-0.0018247077121313,0.0,-0.0018247077121313,20000000.0,1,12,0.33
I1,I,1,,0.0025451453599834,0.0025451453599834,39671284.07492951,1,12,0.33
I2,I,1,,0.0012725726799917,0.0012725726799917,36313562.86133855,1,12,0.33
I3,I,1,,,,,0,12,0.33
P1,P,2,-0.0014267502607309,0.0,-0.0014267502607309,20000000.0,1,12,0.33
P2,P,2,-0.0018026837635774,0.0,-0.0018026837635774,20000000.0,1,12,0.33
I1,I,2,,0.0025451453599834,0.0025451453599834,40036288.86721857,1,12,0.33
I2,I,2,,0.0012725726799917,0.0012725726799917,36544267.6065971,1,12,0.33
I3,I,2,,,,,0,12,0.33
P1,P,3,-0.0014463302504859,0.0,-0.0014463302504859,20000000.0,1,12,0.33
P2,P,3,-0.0018192666452884,0.0,-0.0018192666452884,20000000.0,1,12,0.33
I1,I,3,,0.0025451453599834,0.0025451453599834,40294928.487193935,1,12,0.33
I2,I,3,,0.0012725726799917,0.0012725726799917,36723484.147055045,1,12,0.33
I3,I,3,,,,,0,12,0.33
P1,P,4,-0.0014732967134077,0.0,-0.0014732967134077,20000000.0,1,12,0.33
P2,P,4,-0.0018492433041064,0.0,-0.0018492433041064,20000000.0,1,12,0.33
I1,I,4,,0.0025451453599834,0.0025451453599834,40478146.98478017,1,12,0.33
I2,I,4,,0.0012725726799917,0.0012725726799917,36860622.19211835,1,12,0.33
I3,I,4,,,,,0,12,0.33
P1,P,5,-0.0015843862025976,0.0,-0.0015843862025976,20000000.0,1,12,0.33
P2,P,5,-0.0018339857496992,-6.588679074294924e-05,-0.0018998725404422,20000000.0,1,12,0.33
I1,I,5,,0.0025451453599834,0.0025451453599834,41058381.81007491,1,12,0.33
I2,I,5,,0.0012725726799917,0.0012725726799917,37382766.32131465,1,12,0.33
I3,I,5,,,,,0,12,0.33
P1,P,6,-0.0016550230899002,0.0,-0.0016550230899002,20000000.0,1,12,0.33
P2,P,6,-0.0015837219597098,-0.0004459555762066,-0.0020296775359165,20000000.0,1,12,0.33
I1,I,6,,0.0025451453599834,0.0025451453599834,41154784.7773322,1,12,0.33
I2,I,6,,0.0012725726799917,0.0012725726799917,37424612.78867137,1,12,0.33
I3,I,6,,,,,0,12,0.33
P1,P,7,-0.0016581049344172,-1.251463328220592e-06,-0.0016593563977454,20000000.0,1,12,0.33
P2,P,7,-0.0013392793173167,-0.0008944290304108,-0.0022337083477275,20000000.0,1,12,0.33
I1,I,7,,0.0025451453599834,0.0025451453599834,40835367.77636431,1,12,0.33
I2,I,7,,0.0012725726799917,0.0012725726799917,37054698.56069619,1,12,0.33
I3,I,7,,,,,0,12,0.33
P1,P,8,-0.0015453377733913,-6.925016263348688e-05,-0.0016145879360248,20000000.0,1,12,0.33
P2,P,8,-0.0011505621297562,-0.0012356016773378,-0.0023861638070941,20000000.0,1,12,0.33
I1,I,8,,0.0025451453599834,0.0025451453599834,40274710.92572133,1,12,0.33
I2,I,8,,0.0012725726799917,0.0012725726799917,36471728.03137294,1,12,0.33
I3,I,8,,,,,0,12,0.33
P1,P,9,-0.0013981734654624,-0.0002243262434787,-0.0016224997089411,20000000.0,1,12,0.33
P2,P,9,-0.0009985975811046,-0.0014654335090983,-0.002464031090203,20000000.0,1,12,0.33
I1,I,9,,0.0025451453599834,0.0025451453599834,39533958.7344468,1,12,0.33
I2,I,9,,0.0012725726799917,0.0012725726799917,35743191.38732701,1,12,0.33
I3,I,9,,,,,0,12,0.33
P1,P,10,-0.0012576847157517,-0.0003780892426761,-0.0016357739584278,20000000.0,1,12,0.33
P2,P,10,-0.0008726321673978,-0.0016092095515366,-0.0024818417189344,20000000.0,1,12,0.33
I1,I,10,,0.0025451453599834,0.0025451453599834,38710740.65774168,1,12,0.33
I2,I,10,,0.0012725726799917,0.0012725726799917,34954308.559426524,1,12,0.33
I3,I,10,,,,,0,12,0.33
P1,P,11,-0.0011276974124625,-0.0005012943812126,-0.0016289917936751,20000000.0,1,12,0.33
P2,P,11,-0.0007687682723433,-0.0016983252021634,-0.0024670934745067,20000000.0,1,12,0.33
I1,I,11,,0.0025451453599834,0.0025451453599834,37911229.3899863,1,12,0.33
I2,I,11,,0.0012725726799917,0.0012725726799917,34197046.35436535,1,12,0.33
I3,I,11,,,,,0,12,0.33
P1,P,12,-0.0010106502331777,-0.0005976466543186,-0.0016082968874964,20000000.0,1,12,0.33
P2,P,12,-0.000684467348439,-0.0017571720212961,-0.0024416393697352,20000000.0,1,12,0.33
I1,I,12,,0.0025451453599834,0.0025451453599834,37197255.16450248,1,12,0.33
I2,I,12,,0.0012725726799917,0.0012725726799917,33525117.89778921,1,12,0.33
I3,I,12,,,,,0,12,0.33
P1,P,13,-0.0010282660267186,-0.0008137171780163,-0.001841983204735,20000000.0,1,12,0.33
P2,P,13,-0.0006879658267482,-0.0021841816331581,-0.0028721474599063,20000000.0,1,12,0.33
I1,I,13,,0.0025451453599834,0.0025451453599834,38672434.79313335,1,12,0.33
I2,I,13,,0.0012725726799917,0.0012725726799917,34920822.1899187,1,12,0.33
I3,I,13,,0.0012725726799917,0.0012725726799917,35684718.70973377,1,12,0.33
P1,P,14,-0.0009889129754849,-0.0009710879329618,-0.0019600009084467,20000000.0,1,12,0.33
P2,P,14,-0.0006572004540735,-0.0024111123745998,-0.0030683128286734,20000000.0,1,12,0.33
I1,I,14,,0.0025451453599834,0.0025451453599834,38760954.75284912,1,12,0.33
I2,I,14,,0.0012725726799917,0.0012725726799917,34988365.07360954,1,12,0.33
I3,I,14,,0.0012725726799917,0.0012725726799917,35628149.5868426,1,12,0.33
P1,P,15,-0.0009238614054376,-0.0010778127667624,-0.0020016741722,20000000.0,1,12,0.33
P2,P,15,-0.0006146499678293,-0.0025339873063704,-0.0031486372741998,20000000.0,1,12,0.33
I1,I,15,,0.0025451453599834,0.0025451453599834,38491946.95559321,1,12,0.33
I2,I,15,,0.0012725726799917,0.0012725726799917,34733886.16473883,1,12,0.33
I3,I,15,,0.0012725726799917,0.0012725726799917,35322930.766718626,1,12,0.33
P1,P,16,-0.0008534252575155,-0.0011591126258703,-0.0020125378833859,20000000.0,1,12,0.33
P2,P,16,-0.0005710068974289,-0.0026047056925264,-0.0031757125899553,20000000.0,1,12,0.33
I1,I,16,,0.0025451453599834,0.0025451453599834,38107741.47377959,1,12,0.33
I2,I,16,,0.0012725726799917,0.0012725726799917,34375509.057283685,1,12,0.33
I3,I,16,,0.0012725726799917,0.0012725726799917,34930699.35257845,1,12,0.33
P1,P,17,-0.0007847946161467,-0.0012299307584853,-0.0020147253746321,20000000.0,1,12,0.33
P2,P,17,-0.0005302938953375,-0.0026480049819196,-0.0031782988772571,20000000.0,1,12,0.33
I1,I,17,,0.0025451453599834,0.0025451453599834,37698052.84225516,1,12,0.33
I2,I,17,,0.0012725726799917,0.0012725726799917,33995794.38736983,1,12,0.33
I3,I,17,,0.0012725726799917,0.0012725726799917,34524390.30363724,1,12,0.33
P1,P,18,-0.0007210332158516,-0.0012957784070307,-0.0020168116228823,20000000.0,1,12,0.33
P2,P,18,-0.0004936223245613,-0.0026755628235527,-0.0031691851481141,20000000.0,1,12,0.33
I1,I,18,,0.0025451453599834,0.0025451453599834,37297366.824814245,1,12,0.33
I2,I,18,,0.0012725726799917,0.0012725726799917,33626395.16998115,1,12,0.33
I3,I,18,,0.0012725726799917,0.0012725726799917,34132379.93796896,1,12,0.33
P1,P,19,-0.000663624404922,-0.0013574730273479,-0.0020210974322699,20000000.0,1,12,0.33
P2,P,19,-0.0004609949801503,-0.0026933287720263,-0.0031543237521767,20000000.0,1,12,0.33
I1,I,19,,0.0025451453599834,0.0025451453599834,36918467.15677906,1,12,0.33
I2,I,19,,0.0012725726799917,0.0012725726799917,33278729.706488565,1,12,0.33
I3,I,19,,0.0012725726799917,0.0012725726799917,33764731.37471381,1,12,0.33
P1,P,20,-0.0006129560277138,-0.0014146736457682,-0.002027629673482,20000000.0,1,12,0.33
P2,P,20,-0.0004319855512835,-0.0027047372023069,-0.0031367227535904,20000000.0,1,12,0.33
I1,I,20,,0.0025451453599834,0.0025451453599834,36565512.80031956,1,12,0.33
I2,I,20,,0.0012725726799917,0.0012725726799917,32956233.89563233,1,12,0.33
I3,I,20,,0.0012725726799917,0.0012725726799917,33424227.972347382,1,12,0.33
P1,P,21,-0.000568567402002,-0.0014672227364065,-0.0020357901384086,20000000.0,1,12,0.33
P2,P,21,-0.0004060467330506,-0.0027122138654249,-0.0031182605984756,20000000.0,1,12,0.33
I1,I,21,,0.0025451453599834,0.0025451453599834,36238590.5209543,1,12,0.33
I2,I,21,,0.0012725726799917,0.0012725726799917,32658525.442641668,1,12,0.33
I3,I,21,,0.0012725726799917,0.0012725726799917,33110175.031665582,1,12,0.33
P1,P,22,-0.0005296193650403,-0.0015152009765212,-0.0020448203415616,20000000.0,1,12,0.33
P2,P,22,-0.0003827245887499,-0.0027171887670123,-0.0030999133557623,20000000.0,1,12,0.33
I1,I,22,,0.0025451453599834,0.0025451453599834,35936671.05728561,1,12,0.33
I2,I,22,,0.0012725726799917,0.0012725726799917,32384334.832556635,1,12,0.33
I3,I,22,,0.0012725726799917,0.0012725726799917,32821099.690754406,1,12,0.33
P1,P,23,-0.0004952744326837,-0.0015589289003326,-0.0020542033330163,20000000.0,1,12,0.33
P2,P,23,-0.0003617117107606,-0.002720464618158,-0.0030821763289187,20000000.0,1,12,0.33
I1,I,23,,0.0025451453599834,0.0025451453599834,35658449.307138465,1,12,0.33
I2,I,23,,0.0012725726799917,0.0012725726799917,32132273.823237944,1,12,0.33
I3,I,23,,0.0012725726799917,0.0012725726799917,32555448.40525673,1,12,0.33
P1,P,24,-0.0004648250251405,-0.0015987897013406,-0.0020636147264812,20000000.0,1,12,0.33
P2,P,24,-0.000342774022324,-0.0027225359625602,-0.0030653099848842,20000000.0,1,12,0.33
I1,I,24,,0.0025451453599834,0.0025451453599834,35402540.223095946,1,12,0.33
I2,I,24,,0.0012725726799917,0.0012725726799917,31900951.235070758,1,12,0.33
I3,I,24,,0.0012725726799917,0.0012725726799917,32311694.391424704,1,12,0.33
P1,P,25,-0.000437743321413,-0.0016353187741162,-0.0020730620955293,20000000.0,1,12,0.33
P2,P,25,-0.000325624025274,-0.0027238236379049,-0.0030494476631789,20000000.0,1,12,0.33
I1,I,25,,0.0025451453599834,0.0025451453599834,35166801.84687185,1,12,0.33
I2,I,25,,0.0012725726799917,0.0012725726799917,31688289.32965326,1,12,0.33
I3,I,25,,0.0012725726799917,0.0012725726799917,32087624.52194314,1,12,0.33
P1,P,26,-0.0004135375948657,-0.0016687415547828,-0.0020822791496485,20000000.0,1,12,0.33
P2,P,26,-0.000309950399342,-0.0027248058650252,-0.0030347562643673,20000000.0,1,12,0.33
I1,I,26,,0.0025451453599834,0.0025451453599834,34949080.17553541,1,12,0.33
I2,I,26,,0.0012725726799917,0.0012725726799917,31492165.67891743,1,12,0.33
I3,I,26,,0.0012725726799917,0.0012725726799917,31881033.73512706,1,12,0.33
P1,P,27,-0.0003917811468668,-0.001699249588863,-0.0020910307357299,20000000.0,1,12,0.33
P2,P,27,-0.0002954936401716,-0.0027258383725375,-0.0030213320127091,20000000.0,1,12,0.33
I1,I,27,,0.0025451453599834,0.0025451453599834,34747416.52005142,1,12,0.33
I2,I,27,,0.0012725726799917,0.0012725726799917,31310667.230673887,1,12,0.33
I3,I,27,,0.0012725726799917,0.0012725726799917,31689939.093374383,1,12,0.33
P1,P,28,-0.0003720921971784,-0.0017270474778919,-0.0020991396750703,20000000.0,1,12,0.33
P2,P,28,-0.0002820772226878,-0.0027271109621506,-0.0030091881848384,20000000.0,1,12,0.33
I1,I,28,,0.0025451453599834,0.0025451453599834,34560214.06566766,1,12,0.33
I2,I,28,,0.0012725726799917,0.0012725726799917,31142275.415238928,1,12,0.33
I3,I,28,,0.0012725726799917,0.0012725726799917,31512748.04823283,1,12,0.33
P1,P,29,-0.0003541643263825,-0.0017524515306216,-0.0021066158570041,20000000.0,1,12,0.33
P2,P,29,-0.0002695853919859,-0.0027286324546377,-0.0029982178466236,20000000.0,1,12,0.33
I1,I,29,,0.0025451453599834,0.0025451453599834,34386068.95015017,1,12,0.33
I2,I,29,,0.0012725726799917,0.0012725726799917,30985699.57548509,1,12,0.33
I3,I,29,,0.0012725726799917,0.0012725726799917,31348083.779581137,1,12,0.33
P1,P,0,-0.0015703287320023,0.0,-0.0015703287320023,20000000.0,1,23,0.33
P2,P,0,-0.0018403083859822,0.0,-0.0018403083859822,20000000.0,1,23,0.33
I1,I,0,,0.0025385687273972,0.0025385687273972,39875436.77473383,1,23,0.33
I2,I,0,,0.0012692843636986,0.0012692843636986,35881736.62918552,1,23,0.33
I3,I,0,,,,,0,23,0.33
P1,P,1,-0.0014572774470793,0.0,-0.0014572774470793,20000000.0,1,23,0.33
P2,P,1,-0.0016998164092232,0.0,-0.0016998164092232,20000000.0,1,23,0.33
I1,I,1,,0.0025385687273972,0.0025385687273972,40004535.26215788,1,23,0.33
I2,I,1,,0.0012692843636986,0.0012692843636986,36030280.26084308,1,23,0.33
I3,I,1,,,,,0,23,0.33
P1,P,2,-0.0014534334381044,0.0,-0.0014534334381044,20000000.0,1,23,0.33
P2,P,2,-0.0016868420121168,0.0,-0.0016868420121168,20000000.0,1,23,0.33
I1,I,2,,0.0025385687273972,0.0025385687273972,40377577.49969383,1,23,0.33
I2,I,2,,0.0012692843636986,0.0012692843636986,36314414.86766825,1,23,0.33
I3,I,2,,,,,0,23,0.33
P1,P,3,-0.0014769158071888,0.0,-0.0014769158071888,20000000.0,1,23,0.33
P2,P,3,-0.001707885937885,0.0,-0.001707885937885,20000000.0,1,23,0.33
I1,I,3,,0.0025385687273972,0.0025385687273972,40654642.68251745,1,23,0.33
I2,I,3,,0.0012692843636986,0.0012692843636986,36530258.4284026,1,23,0.33
I3,I,3,,,,,0,23,0.33
P1,P,4,-0.0015080399053207,0.0,-0.0015080399053207,20000000.0,1,23,0.33
P2,P,4,-0.0017403968765832,0.0,-0.0017403968765832,20000000.0,1,23,0.33
I1,I,4,,0.0025385687273972,0.0025385687273972,40859584.14884216,1,23,0.33
I2,I,4,,0.0012692843636986,0.0012692843636986,36697120.94365328,1,23,0.33
I3,I,4,,,,,0,23,0.33
P1,P,5,-0.001634375522659,0.0,-0.001634375522659,20000000.0,1,23,0.33
P2,P,5,-0.0017370070304964,-6.380913988788135e-05,-0.0018008161703843,20000000.0,1,23,0.33
I1,I,5,,0.0025385687273972,0.0025385687273972,41535298.85179479,1,23,0.33
I2,I,5,,0.0012692843636986,0.0012692843636986,37314108.16718997,1,23,0.33
I3,I,5,,,,,0,23,0.33
P1,P,6,-0.0017162407614339,0.0,-0.0017162407614339,20000000.0,1,23,0.33
P2,P,6,-0.0015100252803518,-0.0004246956859485,-0.0019347209663003,20000000.0,1,23,0.33
I1,I,6,,0.0025385687273972,0.0025385687273972,41702457.03936843,1,23,0.33
I2,I,6,,0.0012692843636986,0.0012692843636986,37427080.80005664,1,23,0.33
I3,I,6,,,,,0,23,0.33
P1,P,7,-0.0017289698130819,-1.104251479422944e-06,-0.0017300740645613,20000000.0,1,23,0.33
P2,P,7,-0.0012896895859342,-0.0008460717255387,-0.002135761311473,20000000.0,1,23,0.33
I1,I,7,,0.0025385687273972,0.0025385687273972,41438069.20876092,1,23,0.33
I2,I,7,,0.0012692843636986,0.0012692843636986,37116848.63146298,1,23,0.33
I3,I,7,,,,,0,23,0.33
P1,P,8,-0.0016188892877678,-7.608431182033497e-05,-0.0016949735995881,20000000.0,1,23,0.33
P2,P,8,-0.0011188341846604,-0.0011679399539296,-0.0022867741385901,20000000.0,1,23,0.33
I1,I,8,,0.0025385687273972,0.0025385687273972,40909532.6682375,1,23,0.33
I2,I,8,,0.0012692843636986,0.0012692843636986,36572272.00852682,1,23,0.33
I3,I,8,,,,,0,23,0.33
P1,P,9,-0.0014610187134163,-0.0002573052816805,-0.0017183239950969,20000000.0,1,23,0.33
P2,P,9,-0.0009762014694408,-0.0013879539312718,-0.0023641554007127,20000000.0,1,23,0.33
I1,I,9,,0.0025385687273972,0.0025385687273972,40165532.92086472,1,23,0.33
I2,I,9,,0.0012692843636986,0.0012692843636986,35845578.232927166,1,23,0.33
I3,I,9,,,,,0,23,0.33
P1,P,10,-0.0013083467763603,-0.0004266102457075,-0.0017349570220678,20000000.0,1,23,0.33
P2,P,10,-0.0008539392769571,-0.0015294082628314,-0.0023833475397885,20000000.0,1,23,0.33
I1,I,10,,0.0025385687273972,0.0025385687273972,39326368.36589792,1,23,0.33
I2,I,10,,0.0012692843636986,0.0012692843636986,35040243.818381466,1,23,0.33
I3,I,10,,,,,0,23,0.33
P1,P,11,-0.0011695364034725,-0.0005509701102533,-0.0017205065137258,20000000.0,1,23,0.33
P2,P,11,-0.0007519217611418,-0.0016209709827886,-0.0023728927439304,20000000.0,1,23,0.33
I1,I,11,,0.0025385687273972,0.0025385687273972,38517498.93710036,1,23,0.33
I2,I,11,,0.0012692843636986,0.0012692843636986,34268031.86606588,1,23,0.33
I3,I,11,,,,,0,23,0.33
P1,P,12,-0.0010437303065854,-0.0006467104786584,-0.0016904407852438,20000000.0,1,23,0.33
P2,P,12,-0.0006690273938546,-0.0016846561448692,-0.0023536835387239,20000000.0,1,23,0.33
I1,I,12,,0.0025385687273972,0.0025385687273972,37800474.166218765,1,23,0.33
I2,I,12,,0.0012692843636986,0.0012692843636986,33585696.447264984,1,23,0.33
I3,I,12,,,,,0,23,0.33
P1,P,13,-0.0009381113242885,-0.0007248801637295,-0.0016629914880181,20000000.0,1,23,0.33
P2,P,13,-0.0006019479474887,-0.0017323647069498,-0.0023343126544385,20000000.0,1,23,0.33
I1,I,13,,0.0025385687273972,0.0025385687273972,37180201.43694082,1,23,0.33
I2,I,13,,0.0012692843636986,0.0012692843636986,32997929.1999039,1,23,0.33
I3,I,13,,,,,0,23,0.33
P1,P,14,-0.0008531891924385,-0.0007905480962843,-0.0016437372887228,20000000.0,1,23,0.33
P2,P,14,-0.0005469663758111,-0.0017694017918179,-0.0023163681676291,20000000.0,1,23,0.33
I1,I,14,,0.0025385687273972,0.0025385687273972,36641145.5532693,1,23,0.33
I2,I,14,,0.0012692843636986,0.0012692843636986,32489767.74126853,1,23,0.33
I3,I,14,,,,,0,23,0.33
P1,P,15,-0.00078309739581,-0.0008471363118691,-0.0016302337076792,20000000.0,1,23,0.33
P2,P,15,-0.000501198237161,-0.0017988932088047,-0.0023000914459657,20000000.0,1,23,0.33
I1,I,15,,0.0025385687273972,0.0025385687273972,36169344.55458001,1,23,0.33
I2,I,15,,0.0012692843636986,0.0012692843636986,32047383.85610801,1,23,0.33
I3,I,15,,,,,0,23,0.33
P1,P,16,-0.0007227179005802,-0.0008986613627538,-0.0016213792633341,20000000.0,1,23,0.33
P2,P,16,-0.0004625108415318,-0.0018228911742901,-0.002285402015822,20000000.0,1,23,0.33
I1,I,16,,0.0025385687273972,0.0025385687273972,35752627.61769713,1,23,0.33
I2,I,16,,0.0012692843636986,0.0012692843636986,31658719.91116036,1,23,0.33
I3,I,16,,,,,0,23,0.33
P1,P,17,-0.0006692381951345,-0.0009476650286936,-0.0016169032238281,20000000.0,1,23,0.33
P2,P,17,-0.0004293007978589,-0.0018424342352036,-0.0022717350330625,20000000.0,1,23,0.33
I1,I,17,,0.0025385687273972,0.0025385687273972,35380048.82593531,1,23,0.33
I2,I,17,,0.0012692843636986,0.0012692843636986,31313041.32687556,1,23,0.33
I3,I,17,,,,,0,23,0.33
P1,P,18,-0.0006213379514194,-0.0009948859640693,-0.0016162239154887,20000000.0,1,23,0.33
P2,P,18,-0.0004003783341881,-0.0018581505462114,-0.0022585288803996,20000000.0,1,23,0.33
I1,I,18,,0.0025385687273972,0.0025385687273972,35042710.37300782,1,23,0.33
I2,I,18,,0.0012692843636986,0.0012692843636986,31001598.954402197,1,23,0.33
I3,I,18,,,,,0,23,0.33
P1,P,19,-0.0005784423306198,-0.0010402019593494,-0.0016186442899693,20000000.0,1,23,0.33
P2,P,19,-0.0003749137927781,-0.0018704060390749,-0.002245319831853,20000000.0,1,23,0.33
I1,I,19,,0.0025385687273972,0.0025385687273972,34734046.10798087,1,23,0.33
I2,I,19,,0.0012692843636986,0.0012692843636986,30717899.54540981,1,23,0.33
I3,I,19,,,,,0,23,0.33
P1,P,20,-0.0005402065067713,-0.0010829017990035,-0.0016231083057749,20000000.0,1,23,0.33
P2,P,20,-0.0003523422654354,-0.0018796437360343,-0.0022319860014698,20000000.0,1,23,0.33
I1,I,20,,0.0025385687273972,0.0025385687273972,34450097.3963566,1,23,0.33
I2,I,20,,0.0012692843636986,0.0012692843636986,30457937.574287545,1,23,0.33
I3,I,20,,,,,0,23,0.33
P1,P,21,-0.0005063845780088,-0.0011225421135077,-0.0016289266915166,20000000.0,1,23,0.33
P2,P,21,-0.0003322073232253,-0.0018863983926701,-0.0022186057158954,20000000.0,1,23,0.33
I1,I,21,,0.0025385687273972,0.0025385687273972,34188247.68488372,1,23,0.33
I2,I,21,,0.0012692843636986,0.0012692843636986,30219030.57751257,1,23,0.33
I3,I,21,,,,,0,23,0.33
P1,P,22,-0.0004766010377098,-0.0011588380166263,-0.0016354390543361,20000000.0,1,23,0.33
P2,P,22,-0.0003141175207407,-0.0018913276884044,-0.0022054452091452,20000000.0,1,23,0.33
I1,I,22,,0.0025385687273972,0.0025385687273972,33946703.747963175,1,23,0.33
I2,I,22,,0.0012692843636986,0.0012692843636986,29999312.059098,1,23,0.33
I3,I,22,,,,,0,23,0.33
P1,P,23,-0.0004503627898667,-0.0011916897305698,-0.0016420525204365,20000000.0,1,23,0.33
P2,P,23,-0.0002977787981183,-0.0018951049329324,-0.0021928837310508,20000000.0,1,23,0.33
I1,I,23,,0.0025385687273972,0.0025385687273972,33724101.781488776,1,23,0.33
I2,I,23,,0.0012692843636986,0.0012692843636986,29797335.117202424,1,23,0.33
I3,I,23,,,,,0,23,0.33
P1,P,24,-0.0005061561835125,-0.0015056978349627,-0.0020118540184753,20000000.0,1,23,0.33
P2,P,24,-0.0003326267842711,-0.0023595276840466,-0.0026921544683178,20000000.0,1,23,0.33
I1,I,24,,0.0025385687273972,0.0025385687273972,35442923.46453431,1,23,0.33
I2,I,24,,0.0012692843636986,0.0012692843636986,31410405.5899779,1,23,0.33
I3,I,24,,0.0012692843636986,0.0012692843636986,32850888.33428149,1,23,0.33
P1,P,25,-0.0005024713418748,-0.0016449542178121,-0.0021474255596869,20000000.0,1,23,0.33
P2,P,25,-0.0003305478992889,-0.0025133030315063,-0.0028438509307953,20000000.0,1,23,0.33
I1,I,25,,0.0025385687273972,0.0025385687273972,35651418.63076139,1,23,0.33
I2,I,25,,0.0012692843636986,0.0012692843636986,31605128.158003032,1,23,0.33
I3,I,25,,0.0012692843636986,0.0012692843636986,32930167.54313858,1,23,0.33
P1,P,26,-0.0004797348518194,-0.0017114543233216,-0.0021911891751411,20000000.0,1,23,0.33
P2,P,26,-0.0003172750210389,-0.0025661093247577,-0.0028833843457966,20000000.0,1,23,0.33
I1,I,26,,0.0025385687273972,0.0025385687273972,35546839.6924037,1,23,0.33
I2,I,26,,0.0012692843636986,0.0012692843636986,31511736.27523841,1,23,0.33
I3,I,26,,0.0012692843636986,0.0012692843636986,32789276.29197202,1,23,0.33
P1,P,27,-0.0004538183594806,-0.0017527129841356,-0.0022065313436162,20000000.0,1,23,0.33
P2,P,27,-0.0003018239594702,-0.0025869116409478,-0.002888735600418,20000000.0,1,23,0.33
I1,I,27,,0.0025385687273972,0.0025385687273972,35365467.64967429,1,23,0.33
I2,I,27,,0.0012692843636986,0.0012692843636986,31346422.82667966,1,23,0.33
I3,I,27,,0.0012692843636986,0.0012692843636986,32594173.38663538,1,23,0.33
P1,P,28,-0.0004291698787651,-0.001784491398275,-0.0022136612770402,20000000.0,1,23,0.33
P2,P,28,-0.0002868656702957,-0.0025973431197367,-0.0028842087900324,20000000.0,1,23,0.33
I1,I,28,,0.0025385687273972,0.0025385687273972,35173162.51936532,1,23,0.33
I2,I,28,,0.0012692843636986,0.0012692843636986,31170775.69181634,1,23,0.33
I3,I,28,,0.0012692843636986,0.0012692843636986,32397298.969182376,1,23,0.33
P1,P,29,-0.0004066786775611,-0.0018119858007304,-0.0022186644782916,20000000.0,1,23,0.33
P2,P,29,-0.0002730106587575,-0.0026041290854745,-0.0028771397442321,20000000.0,1,23,0.33
I1,I,29,,0.0025385687273972,0.0025385687273972,34987690.40898191,1,23,0.33
I2,I,29,,0.0012692843636986,0.0012692843636986,31001451.315662093,1,23,0.33
I3,I,29,,0.0012692843636986,0.0012692843636986,32211603.073658425,1,23,0.33
P1,P,0,-0.0016903609551981,0.0,-0.0016903609551981,20000000.0,1,8,0.33
P2,P,0,-0.0018247542553976,0.0,-0.0018247542553976,20000000.0,1,8,0.33
I1,I,0,,0.0025424503448417,0.0025424503448417,40506494.82226045,1,8,0.33
I2,I,0,,0.0012712251724208,0.0012712251724208,36112436.37996888,1,8,0.33
I3,I,0,,,,,0,8,0.33
P1,P,1,-0.0015615049139015,0.0,-0.0015615049139015,20000000.0,1,8,0.33
P2,P,1,-0.0016865853724977,0.0,-0.0016865853724977,20000000.0,1,8,0.33
I1,I,1,,0.0025424503448417,0.0025424503448417,40540680.679842,1,8,0.33
I2,I,1,,0.0012712251724208,0.0012712251724208,36231047.73812672,1,8,0.33
I3,I,1,,,,,0,8,0.33
P1,P,2,-0.0015512839867171,0.0,-0.0015512839867171,20000000.0,1,8,0.33
P2,P,2,-0.0016706651218131,0.0,-0.0016706651218131,20000000.0,1,8,0.33
I1,I,2,,0.0025424503448417,0.0025424503448417,40873912.96755385,1,8,0.33
I2,I,2,,0.0012712251724208,0.0012712251724208,36487373.586529225,1,8,0.33
I3,I,2,,,,,0,8,0.33
P1,P,3,-0.0015716454954543,0.0,-0.0015716454954543,20000000.0,1,8,0.33
P2,P,3,-0.0016878357694554,0.0,-0.0016878357694554,20000000.0,1,8,0.33
I1,I,3,,0.0025424503448417,0.0025424503448417,41119071.096752375,1,8,0.33
I2,I,3,,0.0012712251724208,0.0012712251724208,36676633.695696265,1,8,0.33
I3,I,3,,,,,0,8,0.33
P1,P,4,-0.0016009388742765,0.0,-0.0016009388742765,20000000.0,1,8,0.33
P2,P,4,-0.0017164123002962,0.0,-0.0017164123002962,20000000.0,1,8,0.33
I1,I,4,,0.0025424503448417,0.0025424503448417,41295465.82023194,1,8,0.33
I2,I,4,,0.0012712251724208,0.0012712251724208,36818624.184425086,1,8,0.33
I3,I,4,,,,,0,8,0.33
P1,P,5,-0.0017207503092046,0.0,-0.0017207503092046,20000000.0,1,8,0.33
P2,P,5,-0.0017129040111383,-5.462988478945182e-05,-0.0017675338959277,20000000.0,1,8,0.33
I1,I,5,,0.0025424503448417,0.0025424503448417,41867718.92300988,1,8,0.33
I2,I,5,,0.0012712251724208,0.0012712251724208,37339750.38034907,1,8,0.33
I3,I,5,,,,,0,8,0.33
P1,P,6,-0.0017982737013711,0.0,-0.0017982737013711,20000000.0,1,8,0.33
P2,P,6,-0.0015028842245933,-0.0003787472945908,-0.0018816315191841,20000000.0,1,8,0.33
I1,I,6,,0.0025424503448417,0.0025424503448417,41966527.74519129,1,8,0.33
I2,I,6,,0.0012712251724208,0.0012712251724208,37397666.940271735,1,8,0.33
I3,I,6,,,,,0,8,0.33
P1,P,7,-0.0018038854210081,-2.8244809720822827e-06,-0.0018067099019802,20000000.0,1,8,0.33
P2,P,7,-0.0012944896744004,-0.0007661793461492,-0.0020606690205496,20000000.0,1,8,0.33
I1,I,7,,0.0025424503448417,0.0025424503448417,41683223.39819708,1,8,0.33
I2,I,7,,0.0012712251724208,0.0012712251724208,37082292.34758185,1,8,0.33
I3,I,7,,,,,0,8,0.33
P1,P,8,-0.0016842008002613,-9.998339317647736e-05,-0.0017841841934377,20000000.0,1,8,0.33
P2,P,8,-0.0011267109696618,-0.0010692588309142,-0.0021959698005761,20000000.0,1,8,0.33
I1,I,8,,0.0025424503448417,0.0025424503448417,41148975.85981763,1,8,0.33
I2,I,8,,0.0012712251724208,0.0012712251724208,36542415.71569325,1,8,0.33
I3,I,8,,,,,0,8,0.33
P1,P,9,-0.0016818698853793,-0.0003760027774073,-0.0020578726627867,20000000.0,1,8,0.33
P2,P,9,-0.0010665464546758,-0.0015649126656072,-0.0026314591202831,20000000.0,1,8,0.33
I1,I,9,,0.0025424503448417,0.0025424503448417,42640990.59860503,1,8,0.33
I2,I,9,,0.0012712251724208,0.0012712251724208,37942255.831245184,1,8,0.33
I3,I,9,,0.0012712251724208,0.0012712251724208,39021154.7522548,1,8,0.33
P1,P,10,-0.0015692037371759,-0.0006554812100349,-0.0022246849472108,20000000.0,1,8,0.33
P2,P,10,-0.0009694413694407,-0.0019122174036451,-0.0028816587730858,20000000.0,1,8,0.33
I1,I,10,,0.0025424503448417,0.0025424503448417,42569557.21254357,1,8,0.33
I2,I,10,,0.0012712251724208,0.0012712251724208,37841809.1962896,1,8,0.33
I3,I,10,,0.0012712251724208,0.0012712251724208,38778571.36535307,1,8,0.33
P1,P,11,-0.0013996692922526,-0.0008828021075572,-0.0022824713998099,20000000.0,1,8,0.33
P2,P,11,-0.0008666108106055,-0.0021311815024086,-0.0029977923130142,20000000.0,1,8,0.33
I1,I,11,,0.0025424503448417,0.0025424503448417,42029706.77193528,1,8,0.33
I2,I,11,,0.0012712251724208,0.0012712251724208,37311405.886734925,1,8,0.33
I3,I,11,,0.0012712251724208,0.0012712251724208,38197400.21288719,1,8,0.33
P1,P,12,-0.0012460014125755,-0.001047381490748,-0.0022933829033235,20000000.0,1,8,0.33
P2,P,12,-0.0007722869293247,-0.0022655486941811,-0.0030378356235059,20000000.0,1,8,0.33
I1,I,12,,0.0025424503448417,0.0025424503448417,41332619.6069059,1,8,0.33
I2,I,12,,0.0012712251724208,0.0012712251724208,36638639.499442354,1,8,0.33
I3,I,12,,0.0012712251724208,0.0012712251724208,37492317.865636006,1,8,0.33
P1,P,13,-0.0011182904865985,-0.0011649344438352,-0.0022832249304338,20000000.0,1,8,0.33
P2,P,13,-0.0006907602826972,-0.0023494094175163,-0.0030401697002135,20000000.0,1,8,0.33
I1,I,13,,0.0025424503448417,0.0025424503448417,40621063.59755383,1,8,0.33
I2,I,13,,0.0012712251724208,0.0012712251724208,35957328.58039821,1,8,0.33
I3,I,13,,0.0012712251724208,0.0012712251724208,36785621.16706118,1,8,0.33
P1,P,14,-0.0010093578146469,-0.0012583757880336,-0.0022677336026805,20000000.0,1,8,0.33
P2,P,14,-0.0006220588936026,-0.0024044080103041,-0.0030264669039067,20000000.0,1,8,0.33
I1,I,14,,0.0025424503448417,0.0025424503448417,39954978.47532515,1,8,0.33
I2,I,14,,0.0012712251724208,0.0012712251724208,35323275.969169125,1,8,0.33
I3,I,14,,0.0012712251724208,0.0012712251724208,36129976.35199463,1,8,0.33
P1,P,15,-0.0009137388883582,-0.0013417127992906,-0.0022554516876489,20000000.0,1,8,0.33
P2,P,15,-0.0005643813572702,-0.0024421607139145,-0.0030065420711847,20000000.0,1,8,0.33
I1,I,15,,0.0025424503448417,0.0025424503448417,39350739.11587887,1,8,0.33
I2,I,15,,0.0012712251724208,0.0012712251724208,34751243.72178393,1,8,0.33
I3,I,15,,0.0012712251724208,0.0012712251724208,35538779.552828506,1,8,0.33
P1,P,16,-0.0008299289143808,-0.0014192852166334,-0.0022492141310143,20000000.0,1,8,0.33
P2,P,16,-0.000515654517923,-0.0024685616802156,-0.0029842161981386,20000000.0,1,8,0.33
I1,I,16,,0.0025424503448417,0.0025424503448417,38806576.39830176,1,8,0.33
I2,I,16,,0.0012712251724208,0.0012712251724208,34238820.938687265,1,8,0.33
I3,I,16,,0.0012712251724208,0.0012712251724208,35008870.48989211,1,8,0.33
P1,P,17,-0.0007574087231082,-0.0014913467538811,-0.0022487554769893,20000000.0,1,8,0.33
P2,P,17,-0.0004740597168969,-0.0024869102282015,-0.0029609699450985,20000000.0,1,8,0.33
I1,I,17,,0.0025424503448417,0.0025424503448417,38315503.15307723,1,8,0.33
I2,I,17,,0.0012712251724208,0.0012712251724208,33778644.7176769,1,8,0.33
I3,I,17,,0.0012712251724208,0.0012712251724208,34532505.53435994,1,8,0.33
P1,P,18,-0.0006949535501263,-0.0015572878949647,-0.002252241445091,20000000.0,1,8,0.33
P2,P,18,-0.0004381953367617,-0.0024995585884343,-0.0029377539251961,20000000.0,1,8,0.33
I1,I,18,,0.0025424503448417,0.0025424503448417,37871187.422829404,1,8,0.33
I2,I,18,,0.0012712251724208,0.0012712251724208,33364014.381990246,1,8,0.33
I3,I,18,,0.0012712251724208,0.0012712251724208,34102864.522421174,1,8,0.33
P1,P,19,-0.000641149440928,-0.0016169429392371,-0.0022580923801652,20000000.0,1,8,0.33
P2,P,19,-0.0004070050986432,-0.0025082500370415,-0.0029152551356848,20000000.0,1,8,0.33
I1,I,19,,0.0025424503448417,0.0025424503448417,37468568.15494444,1,8,0.33
I2,I,19,,0.0012712251724208,0.0012712251724208,32989604.38818162,1,8,0.33
I3,I,19,,0.0012712251724208,0.0012712251724208,33714578.45850636,1,8,0.33
P1,P,20,-0.0005947044927704,-0.001670667584874,-0.0022653720776444,20000000.0,1,8,0.33
P2,P,20,-0.0003796841741024,-0.0025141755042362,-0.0028938596783387,20000000.0,1,8,0.33
I1,I,20,,0.0025424503448417,0.0025424503448417,37103200.94617075,1,8,0.33
I2,I,20,,0.0012712251724208,0.0012712251724208,32650851.255199622,1,8,0.33
I3,I,20,,0.0012712251724208,0.0012712251724208,33363027.648902733,1,8,0.33
P1,P,21,-0.0005544041898857,-0.001718887685622,-0.0022732918755078,20000000.0,1,8,0.33
P2,P,21,-0.0003556245423436,-0.0025182017048456,-0.0028738262471893,20000000.0,1,8,0.33
I1,I,21,,0.0025424503448417,0.0025424503448417,36771430.71642599,1,8,0.33
I2,I,21,,0.0012712251724208,0.0012712251724208,32344060.89005481,1,8,0.33
I3,I,21,,0.0012712251724208,0.0012712251724208,33044462.424900733,1,8,0.33
P1,P,22,-0.0005191838620297,-0.0017621910772892,-0.0022813749393189,20000000.0,1,8,0.33
P2,P,22,-0.0003343350020661,-0.0025209928851674,-0.0028553278872336,20000000.0,1,8,0.33
I1,I,22,,0.0025424503448417,0.0025424503448417,36469954.35882571,1,8,0.33
I2,I,22,,0.0012712251724208,0.0012712251724208,32065956.68179663,1,8,0.33
I3,I,22,,0.0012712251724208,0.0012712251724208,32755539.277557097,1,8,0.33
P1,P,23,-0.0004881405336715,-0.0018012473101098,-0.0022893878437813,20000000.0,1,8,0.33
P2,P,23,-0.0003153848461756,-0.0025230559162075,-0.0028384407623831,20000000.0,1,8,0.33
I1,I,23,,0.0025424503448417,0.0025424503448417,36195490.44546774,1,8,0.33
I2,I,23,,0.0012712251724208,0.0012712251724208,31813326.009659383,1,8,0.33
I3,I,23,,0.0012712251724208,0.0012712251724208,32492970.986318544,1,8,0.33
P1,P,24,-0.0004605317530304,-0.0018366699781202,-0.0022972017311507,20000000.0,1,8,0.33
P2,P,24,-0.0002983911124339,-0.0025247556165984,-0.0028231467290324,20000000.0,1,8,0.33
I1,I,24,,0.0025424503448417,0.0025424503448417,35944799.69490918,1,8,0.33
I2,I,24,,0.0012712251724208,0.0012712251724208,31583024.75146148,1,8,0.33
I3,I,24,,0.0012712251724208,0.0012712251724208,32253534.483883776,1,8,0.33
P1,P,25,-0.0004357678335248,-0.0018689355112236,-0.0023047033447485,20000000.0,1,8,0.33
P2,P,25,-0.000283031925794,-0.0025263208271386,-0.0028093527529327,20000000.0,1,8,0.33
I1,I,25,,0.0025424503448417,0.0025424503448417,35714944.547369875,1,8,0.33
I2,I,25,,0.0012712251724208,0.0012712251724208,31372226.932057317,1,8,0.33
I3,I,25,,0.0012712251724208,0.0012712251724208,32034323.531719647,1,8,0.33
P1,P,26,-0.0004133763459845,-0.0018983442403647,-0.0023117205863492,20000000.0,1,8,0.33
P2,P,26,-0.0002690527109824,-0.0025279376130514,-0.0027969903240338,20000000.0,1,8,0.33
I1,I,26,,0.0025424503448417,0.0025424503448417,35503519.8327253,1,8,0.33
I2,I,26,,0.0012712251724208,0.0012712251724208,31178622.5029468,1,8,0.33
I3,I,26,,0.0012712251724208,0.0012712251724208,31832964.79101573,1,8,0.33
P1,P,27,-0.0003930147584628,-0.0019252613685547,-0.0023182761270175,20000000.0,1,8,0.33
P2,P,27,-0.000256258005811,-0.0025296449189127,-0.0027859029247237,20000000.0,1,8,0.33
I1,I,27,,0.0025424503448417,0.0025424503448417,35308365.36082352,1,8,0.33
I2,I,27,,0.0012712251724208,0.0012712251724208,31000166.974395387,1,8,0.33
I3,I,27,,0.0012712251724208,0.0012712251724208,31647340.0370146,1,8,0.33
P1,P,28,-0.0003743917337572,-0.0019500028501131,-0.0023243945838704,20000000.0,1,8,0.33
P2,P,28,-0.0002445011401345,-0.002531412642078,-0.0027759137822126,20000000.0,1,8,0.33
I1,I,28,,0.0025424503448417,0.0025424503448417,35127690.48021669,1,8,0.33
I2,I,28,,0.0012712251724208,0.0012712251724208,30835179.473324884,1,8,0.33
I3,I,28,,0.0012712251724208,0.0012712251724208,31475700.301919397,1,8,0.33
P1,P,29,-0.0003572569582233,-0.0019728846356487,-0.002330141593872,20000000.0,1,8,0.33
P2,P,29,-0.0002336651150698,-0.002533186405089,-0.0027668515201588,20000000.0,1,8,0.33
I1,I,29,,0.0025424503448417,0.0025424503448417,34959956.667898335,1,8,0.33
I2,I,29,,0.0012712251724208,0.0012712251724208,30682222.6970831,1,8,0.33
I3,I,29,,0.0012712251724208,0.0012712251724208,31316546.310336377,1,8,0.33
P1,P,0,-0.0016571711498027,0.0,-0.0016571711498027,20000000.0,1,6,0.33
P2,P,0,-0.0017802598263773,0.0,-0.0017802598263773,20000000.0,1,6,0.33
I1,I,0,,0.0025436288408234,0.0025436288408234,44706267.91487637,1,6,0.33
I2,I,0,,0.0012718144204117,0.0012718144204117,35686463.97728069,1,6,0.33
I3,I,0,,,,,0,6,0.33
P1,P,1,-0.0015385168615482,0.0,-0.0015385168615482,20000000.0,1,6,0.33
P2,P,1,-0.0016478391697498,0.0,-0.0016478391697498,20000000.0,1,6,0.33
I1,I,1,,0.0025436288408234,0.0025436288408234,44169657.554030426,1,6,0.33
I2,I,1,,0.0012718144204117,0.0012718144204117,35872239.592868604,1,6,0.33
I3,I,1,,,,,0,6,0.33
P1,P,2,-0.0015346313528815,0.0,-0.0015346313528815,20000000.0,1,6,0.33
P2,P,2,-0.0016359888706559,0.0,-0.0016359888706559,20000000.0,1,6,0.33
I1,I,2,,0.0025436288408234,0.0025436288408234,44411849.80009521,1,6,0.33
I2,I,2,,0.0012718144204117,0.0012718144204117,36166364.35911851,1,6,0.33
I3,I,2,,,,,0,6,0.33
P1,P,3,-0.0015589209643461,0.0,-0.0015589209643461,20000000.0,1,6,0.33
P2,P,3,-0.0016561105988457,0.0,-0.0016561105988457,20000000.0,1,6,0.33
I1,I,3,,0.0025436288408234,0.0025436288408234,44643210.74508386,1,6,0.33
I2,I,3,,0.0012718144204117,0.0012718144204117,36385160.49059783,1,6,0.33
I3,I,3,,,,,0,6,0.33
P1,P,4,-0.0015907947067141,0.0,-0.0015907947067141,20000000.0,1,6,0.33
P2,P,4,-0.0016869386290558,0.0,-0.0016869386290558,20000000.0,1,6,0.33
I1,I,4,,0.0025436288408234,0.0025436288408234,44825679.52312405,1,6,0.33
I2,I,4,,0.0012718144204117,0.0012718144204117,36551139.85227704,1,6,0.33
I3,I,4,,,,,0,6,0.33
P1,P,5,-0.0017163180615434,0.0,-0.0017163180615434,20000000.0,1,6,0.33
P2,P,5,-0.001702206497855,-5.3850978024114326e-05,-0.0017560574758791,20000000.0,1,6,0.33
I1,I,5,,0.0025436288408234,0.0025436288408234,45442030.72430022,1,6,0.33
I2,I,5,,0.0012718144204117,0.0012718144204117,37128735.11668178,1,6,0.33
I3,I,5,,,,,0,6,0.33
P1,P,6,-0.0017995079177034,0.0,-0.0017995079177034,20000000.0,1,6,0.33
P2,P,6,-0.001498061863478,-0.0003638369951133,-0.0018618988585914,20000000.0,1,6,0.33
I1,I,6,,0.0025436288408234,0.0025436288408234,45600601.96533478,1,6,0.33
I2,I,6,,0.0012718144204117,0.0012718144204117,37251300.2622695,1,6,0.33
I3,I,6,,,,,0,6,0.33
P1,P,7,-0.0019826348063805,-2.444080029412147e-05,-0.0020070756066746,20000000.0,1,6,0.33
P2,P,7,-0.0013829606212386,-0.0009594262975688,-0.0023423869188074,20000000.0,1,6,0.33
I1,I,7,,0.0025436288408234,0.0025436288408234,47768862.880591,1,6,0.33
I2,I,7,,0.0012718144204117,0.0012718144204117,39277630.80849411,1,6,0.33
I3,I,7,,0.0012718144204117,0.0012718144204117,40827550.51061765,1,6,0.33
P1,P,8,-0.0019454336866576,-0.0002384817599597,-0.0021839154466174,20000000.0,1,6,0.33
P2,P,8,-0.0012414473606562,-0.0014801346798517,-0.0027215820405079,20000000.0,1,6,0.33
I1,I,8,,0.0025436288408234,0.0025436288408234,48165399.62717287,1,6,0.33
I2,I,8,,0.0012718144204117,0.0012718144204117,39599492.04962018,1,6,0.33
I3,I,8,,0.0012718144204117,0.0012718144204117,41004254.84158258,1,6,0.33
P1,P,9,-0.0017543438849809,-0.0005323863745117,-0.0022867302594927,20000000.0,1,6,0.33
P2,P,9,-0.0011008456568862,-0.0018406884950624,-0.0029415341519487,20000000.0,1,6,0.33
I1,I,9,,0.0025436288408234,0.0025436288408234,47821997.30221901,1,6,0.33
I2,I,9,,0.0012718144204117,0.0012718144204117,39242823.06422808,1,6,0.33
I3,I,9,,0.0012718144204117,0.0012718144204117,40606941.2367493,1,6,0.33
P1,P,10,-0.0015305013831544,-0.0007987242006561,-0.0023292255838105,20000000.0,1,6,0.33
P2,P,10,-0.0009699452952838,-0.0020763486395051,-0.003046293934789,20000000.0,1,6,0.33
I1,I,10,,0.0025436288408234,0.0025436288408234,47114246.341620624,1,6,0.33
I2,I,10,,0.0012718144204117,0.0012718144204117,38550720.93460336,1,6,0.33
I3,I,10,,0.0012718144204117,0.0012718144204117,39888561.79910302,1,6,0.33
P1,P,11,-0.0013387743089191,-0.0010004878929888,-0.002339262201908,20000000.0,1,6,0.33
P2,P,11,-0.0008540759479517,-0.0022256599234228,-0.0030797358713746,20000000.0,1,6,0.33
I1,I,11,,0.0025436288408234,0.0025436288408234,46261290.182287656,1,6,0.33
I2,I,11,,0.0012718144204117,0.0012718144204117,37727586.370695226,1,6,0.33
I3,I,11,,0.0012718144204117,0.0012718144204117,39041693.26685914,1,6,0.33
P1,P,12,-0.0011823182636601,-0.0011474014243892,-0.0023297196880493,20000000.0,1,6,0.33
P2,P,12,-0.0007552145915063,-0.0023199391957382,-0.0030751537872445,20000000.0,1,6,0.33
I1,I,12,,0.0025436288408234,0.0025436288408234,45396624.91614242,1,6,0.33
I2,I,12,,0.0012718144204117,0.0012718144204117,36898635.54248379,1,6,0.33
I3,I,12,,0.0012718144204117,0.0012718144204117,38190187.4938897,1,6,0.33
P1,P,13,-0.001054483424918,-0.0012602060592029,-0.002314689484121,20000000.0,1,6,0.33
P2,P,13,-0.0006724117593255,-0.0023807894564989,-0.0030532012158244,20000000.0,1,6,0.33
I1,I,13,,0.0025436288408234,0.0025436288408234,44584497.61162084,1,6,0.33
I2,I,13,,0.0012718144204117,0.0012718144204117,36123997.013572335,1,6,0.33
I3,I,13,,0.0012718144204117,0.0012718144204117,37394191.6254388,1,6,0.33
P1,P,14,-0.0009487066437827,-0.0013522066777898,-0.0023009133215725,20000000.0,1,6,0.33
P2,P,14,-0.0006033177240195,-0.002421837238871,-0.0030251549628905,20000000.0,1,6,0.33
I1,I,14,,0.0025436288408234,0.0025436288408234,43848116.99648304,1,6,0.33
I2,I,14,,0.0012718144204117,0.0012718144204117,35424671.70861523,1,6,0.33
I3,I,14,,0.0012718144204117,0.0012718144204117,36674932.56472728,1,6,0.33
P1,P,15,-0.0008600317189727,-0.0014307336269955,-0.0022907653459683,20000000.0,1,6,0.33
P2,P,15,-0.0005454821165019,-0.0024507859162912,-0.0029962680327931,20000000.0,1,6,0.33
I1,I,15,,0.0025436288408234,0.0025436288408234,43190571.36345068,1,6,0.33
I2,I,15,,0.0012718144204117,0.0012718144204117,34802661.36075117,1,6,0.33
I3,I,15,,0.0012718144204117,0.0012718144204117,36034514.06769832,1,6,0.33
P1,P,16,-0.0007848902978621,-0.001499537667081,-0.0022844279649432,20000000.0,1,6,0.33
P2,P,16,-0.000496748900427,-0.0024721252590704,-0.0029688741594975,20000000.0,1,6,0.33
I1,I,16,,0.0025436288408234,0.0025436288408234,42606336.8564099,1,6,0.33
I2,I,16,,0.0012718144204117,0.0012718144204117,34251941.40743623,1,6,0.33
I3,I,16,,0.0012718144204117,0.0012718144204117,35466917.96675595,1,6,0.33
P1,P,17,-0.00072072043091,-0.0015604777977531,-0.0022811982286632,20000000.0,1,6,0.33
P2,P,17,-0.0004553508467437,-0.0024885365519434,-0.0029438873986872,20000000.0,1,6,0.33
I1,I,17,,0.0025436288408234,0.0025436288408234,42087181.53168383,1,6,0.33
I2,I,17,,0.0012718144204117,0.0012718144204117,33764080.59566673,1,6,0.33
I3,I,17,,0.0012718144204117,0.0012718144204117,34963663.50803987,1,6,0.33
P1,P,18,-0.0006655260147319,-0.0016147059826351,-0.0022802319973671,20000000.0,1,6,0.33
P2,P,18,-0.0004199056666649,-0.0025015304545821,-0.0029214361212471,20000000.0,1,6,0.33
I1,I,18,,0.0025436288408234,0.0025436288408234,41624936.8124031,1,6,0.33
I2,I,18,,0.0012718144204117,0.0012718144204117,33330943.34711921,1,6,0.33
I3,I,18,,0.0012718144204117,0.0012718144204117,34516499.944265254,1,6,0.33
P1,P,19,-0.0006177318685105,-0.0016631697494595,-0.0022809016179701,20000000.0,1,6,0.33
P2,P,19,-0.0003893221102653,-0.0025121505038337,-0.002901472614099,20000000.0,1,6,0.33
I1,I,19,,0.0025436288408234,0.0025436288408234,41211886.32838033,1,6,0.33
I2,I,19,,0.0012718144204117,0.0012718144204117,32944927.89272343,1,6,0.33
I3,I,19,,0.0012718144204117,0.0012718144204117,34117695.59039748,1,6,0.33
P1,P,20,-0.0005760543118497,-0.0017065185425222,-0.0022825728543719,20000000.0,1,6,0.33
P2,P,20,-0.000362710782728,-0.0025211694983306,-0.0028838802810586,20000000.0,1,6,0.33
I1,I,20,,0.0025436288408234,0.0025436288408234,40841304.48708441,1,6,0.33
I2,I,20,,0.0012718144204117,0.0012718144204117,32599433.30001,1,6,0.33
I3,I,20,,0.0012718144204117,0.0012718144204117,33760536.05194185,1,6,0.33
P1,P,21,-0.000539451524487,-0.0017454765269184,-0.0022849280514054,20000000.0,1,6,0.33
P2,P,21,-0.000339367694341,-0.0025290060721087,-0.0028683737664498,20000000.0,1,6,0.33
I1,I,21,,0.0025436288408234,0.0025436288408234,40507271.12656174,1,6,0.33
I2,I,21,,0.0012718144204117,0.0012718144204117,32288718.191546395,1,6,0.33
I3,I,21,,0.0012718144204117,0.0012718144204117,33439147.563930947,1,6,0.33
P1,P,22,-0.0005070670607154,-0.0017806582352587,-0.0022877252959741,20000000.0,1,6,0.33
P2,P,22,-0.0003187682594915,-0.0025358259525097,-0.0028545942120012,20000000.0,1,6,0.33
I1,I,22,,0.0025436288408234,0.0025436288408234,40204974.60738635,1,6,0.33
I2,I,22,,0.0012718144204117,0.0012718144204117,32008155.36647825,1,6,0.33
I3,I,22,,0.0012718144204117,0.0012718144204117,33148776.028509423,1,6,0.33
P1,P,23,-0.0004782384374488,-0.0018125907328743,-0.0022908291703231,20000000.0,1,6,0.33
P2,P,23,-0.0003005302094812,-0.0025416839780198,-0.0028422141875011,20000000.0,1,6,0.33
I1,I,23,,0.0025436288408234,0.0025436288408234,39930560.1005584,1,6,0.33
I2,I,23,,0.0012718144204117,0.0012718144204117,31754061.28926551,1,6,0.33
I3,I,23,,0.0012718144204117,0.0012718144204117,32885625.599446222,1,6,0.33
P1,P,24,-0.0004524114102217,-0.0018417723557503,-0.002294183765972,20000000.0,1,6,0.33
P2,P,24,-0.0002843470228464,-0.0025466125119195,-0.0028309595347659,20000000.0,1,6,0.33
I1,I,24,,0.0025436288408234,0.0025436288408234,39680837.819343545,1,6,0.33
I2,I,24,,0.0012718144204117,0.0012718144204117,31523405.352805268,1,6,0.33
I3,I,24,,0.0012718144204117,0.0012718144204117,32646564.561572064,1,6,0.33
P1,P,25,-0.0004291188407773,-0.0018686985125908,-0.0022978173533682,20000000.0,1,6,0.33
P2,P,25,-0.0002699259923655,-0.0025507226577132,-0.0028206486500787,20000000.0,1,6,0.33
I1,I,25,,0.0025436288408234,0.0025436288408234,39452796.184081584,1,6,0.33
I2,I,25,,0.0012718144204117,0.0012718144204117,31313313.263354283,1,6,0.33
I3,I,25,,0.0012718144204117,0.0012718144204117,32428632.91085037,1,6,0.33
P1,P,26,-0.0004079667977956,-0.0018937081234671,-0.0023016749212627,20000000.0,1,6,0.33
P2,P,26,-0.0002569870780906,-0.0025542008170829,-0.0028111878951736,20000000.0,1,6,0.33
I1,I,26,,0.0025436288408234,0.0025436288408234,39243643.87882527,1,6,0.33
I2,I,26,,0.0012718144204117,0.0012718144204117,31121091.46486476,1,6,0.33
I3,I,26,,0.0012718144204117,0.0012718144204117,32229076.981150694,1,6,0.33
P1,P,27,-0.0003886176315126,-0.0019170697219488,-0.0023056873534615,20000000.0,1,6,0.33
P2,P,27,-0.0002452650504047,-0.0025572415193406,-0.0028025065697454,20000000.0,1,6,0.33
I1,I,27,,0.0025436288408234,0.0025436288408234,39050821.64234113,1,6,0.33
I2,I,27,,0.0012718144204117,0.0012718144204117,30944256.79834568,1,6,0.33
I3,I,27,,0.0012718144204117,0.0012718144204117,32045367.673161875,1,6,0.33
P1,P,28,-0.000370792884539,-0.0019389794018188,-0.0023097722863579,20000000.0,1,6,0.33
P2,P,28,-0.0002345459199026,-0.0025599746647569,-0.0027945205846596,20000000.0,1,6,0.33
I1,I,28,,0.0025436288408234,0.0025436288408234,38872161.14926326,1,6,0.33
I2,I,28,,0.0012718144204117,0.0012718144204117,30780707.30749009,1,6,0.33
I3,I,28,,0.0012718144204117,0.0012718144204117,31875364.82755037,1,6,0.33
P1,P,29,-0.0003542818168481,-0.0019595538586188,-0.0023138356754669,20000000.0,1,6,0.33
P2,P,29,-0.0002246793572154,-0.0025624804779656,-0.002787159835181,20000000.0,1,6,0.33
I1,I,29,,0.0025436288408234,0.0025436288408234,38705951.81765268,1,6,0.33
I2,I,29,,0.0012718144204117,0.0012718144204117,30628791.35905585,1,6,0.33
I3,I,29,,0.0012718144204117,0.0012718144204117,31717383.536704622,1,6,0.33
P1,P,0,-0.0017176804036577,0.0,-0.0017176804036577,20000000.0,1,7,0.33
P2,P,0,-0.0017222876450741,0.0,-0.0017222876450741,20000000.0,1,7,0.33
I1,I,0,,0.0025378891729841,0.0025378891729841,40803444.92057358,1,7,0.33
I2,I,0,,0.001268944586492,0.001268944586492,36093286.34554631,1,7,0.33
I3,I,0,,,,,0,7,0.33
P1,P,1,-0.0015822503324143,0.0,-0.0015822503324143,20000000.0,1,7,0.33
P2,P,1,-0.0016015354763256,0.0,-0.0016015354763256,20000000.0,1,7,0.33
I1,I,1,,0.0025378891729841,0.0025378891729841,40799400.2064171,1,7,0.33
I2,I,1,,0.001268944586492,0.001268944586492,36237747.88754232,1,7,0.33
I3,I,1,,,,,0,7,0.33
P1,P,2,-0.0015727781314903,0.0,-0.0015727781314903,20000000.0,1,7,0.33
P2,P,2,-0.0015926486062582,0.0,-0.0015926486062582,20000000.0,1,7,0.33
I1,I,2,,0.0025378891729841,0.0025378891729841,41142495.40597399,1,7,0.33
I2,I,2,,0.001268944586492,0.001268944586492,36526473.84899228,1,7,0.33
I3,I,2,,,,,0,7,0.33
P1,P,3,-0.001595556151867,0.0,-0.001595556151867,20000000.0,1,7,0.33
P2,P,3,-0.001613122394848,0.0,-0.001613122394848,20000000.0,1,7,0.33
I1,I,3,,0.0025378891729841,0.0025378891729841,41405248.96197227,1,7,0.33
I2,I,3,,0.001268944586492,0.001268944586492,36744304.911299855,1,7,0.33
I3,I,3,,,,,0,7,0.33
P1,P,4,-0.0016276057951606,0.0,-0.0016276057951606,20000000.0,1,7,0.33
P2,P,4,-0.0016433336749365,0.0,-0.0016433336749365,20000000.0,1,7,0.33
I1,I,4,,0.0025378891729841,0.0025378891729841,41600344.7013978,1,7,0.33
I2,I,4,,0.001268944586492,0.001268944586492,36910675.74823448,1,7,0.33
I3,I,4,,,,,0,7,0.33
P1,P,5,-0.0017560241267224,0.0,-0.0017560241267224,20000000.0,1,7,0.33
P2,P,5,-0.0016583368255454,-5.179476998486477e-05,-0.0017101315955303,20000000.0,1,7,0.33
I1,I,5,,0.0025378891729841,0.0025378891729841,42233771.87113863,1,7,0.33
I2,I,5,,0.001268944586492,0.001268944586492,37494448.334325366,1,7,0.33
I3,I,5,,,,,0,7,0.33
P1,P,6,-0.0018404187867343,0.0,-0.0018404187867343,20000000.0,1,7,0.33
P2,P,6,-0.001461903315275,-0.00035746387561,-0.0018193671908851,20000000.0,1,7,0.33
I1,I,6,,0.0025378891729841,0.0025378891729841,42381634.95020017,1,7,0.33
I2,I,6,,0.001268944586492,0.001268944586492,37603575.24275144,1,7,0.33
I3,I,6,,,,,0,7,0.33
P1,P,7,-0.0018403507690551,-8.270229060723414e-06,-0.0018486209981158,20000000.0,1,7,0.33
P2,P,7,-0.0012619539555416,-0.0007348533104822,-0.0019968072660238,20000000.0,1,7,0.33
I1,I,7,,0.0025378891729841,0.0025378891729841,42142552.264209874,1,7,0.33
I2,I,7,,0.001268944586492,0.001268944586492,37332498.86640333,1,7,0.33
I3,I,7,,,,,0,7,0.33
P1,P,8,-0.001899826364321,-0.0001929043465087,-0.0020927307108297,20000000.0,1,7,0.33
P2,P,8,-0.0011926073066016,-0.0012544266390482,-0.0024470339456499,20000000.0,1,7,0.33
I1,I,8,,0.0025378891729841,0.0025378891729841,43935227.00749298,1,7,0.33
I2,I,8,,0.001268944586492,0.001268944586492,39006782.71325201,1,7,0.33
I3,I,8,,0.001268944586492,0.001268944586492,40209552.519481584,1,7,0.33
P1,P,9,-0.0017986784159819,-0.0005010824130685,-0.0022997608290504,20000000.0,1,7,0.33
P2,P,9,-0.0010882224596007,-0.0016449950631861,-0.0027332175227869,20000000.0,1,7,0.33
I1,I,9,,0.0025378891729841,0.0025378891729841,44032393.20928157,1,7,0.33
I2,I,9,,0.001268944586492,0.001268944586492,39067396.15157658,1,7,0.33
I3,I,9,,0.001268944586492,0.001268944586492,40118371.05411492,1,7,0.33
P1,P,10,-0.0015990671228217,-0.0007910413720648,-0.0023901084948865,20000000.0,1,7,0.33
P2,P,10,-0.0009726303551528,-0.0019050354945512,-0.0028776658497041,20000000.0,1,7,0.33
I1,I,10,,0.0025378891729841,0.0025378891729841,43537861.18041971,1,7,0.33
I2,I,10,,0.001268944586492,0.001268944586492,38580180.361823365,1,7,0.33
I3,I,10,,0.001268944586492,0.001268944586492,39580234.54762301,1,7,0.33
P1,P,11,-0.0014084240797059,-0.0010069155721875,-0.0024153396518934,20000000.0,1,7,0.33
P2,P,11,-0.0008634379418121,-0.0020725699639814,-0.0029360079057935,20000000.0,1,7,0.33
I1,I,11,,0.0025378891729841,0.0025378891729841,42811096.443789616,1,7,0.33
I2,I,11,,0.001268944586492,0.001268944586492,37876154.89854773,1,7,0.33
I3,I,11,,0.001268944586492,0.001268944586492,38845424.94797879,1,7,0.33
P1,P,12,-0.0012539134172839,-0.0011542565822965,-0.0024081699995804,20000000.0,1,7,0.33
P2,P,12,-0.0007678026495207,-0.0021808378819358,-0.0029486405314565,20000000.0,1,7,0.33
I1,I,12,,0.0025378891729841,0.0025378891729841,42030943.95881802,1,7,0.33
I2,I,12,,0.001268944586492,0.001268944586492,37124939.60156935,1,7,0.33
I3,I,12,,0.001268944586492,0.001268944586492,38070462.14033031,1,7,0.33
P1,P,13,-0.001127066624114,-0.0012621105959761,-0.0023891772200902,20000000.0,1,7,0.33
P2,P,13,-0.0006866792724779,-0.0022536205468337,-0.0029402998193116,20000000.0,1,7,0.33
I1,I,13,,0.0025378891729841,0.0025378891729841,41281622.97713201,1,7,0.33
I2,I,13,,0.001268944586492,0.001268944586492,36406685.22348958,1,7,0.33
I3,I,13,,0.001268944586492,0.001268944586492,37331989.02906368,1,7,0.33
P1,P,14,-0.001018192690299,-0.0013529027821449,-0.002371095472444,20000000.0,1,7,0.33
P2,P,14,-0.0006184747663256,-0.0023046681458402,-0.0029231429121659,20000000.0,1,7,0.33
I1,I,14,,0.0025378891729841,0.0025378891729841,40591928.835768685,1,7,0.33
I2,I,14,,0.001268944586492,0.001268944586492,35748593.62340152,1,7,0.33
I3,I,14,,0.001268944586492,0.001268944586492,36655747.48366251,1,7,0.33
P1,P,15,-0.0009222688395271,-0.0014368041123938,-0.0023590729519209,20000000.0,1,7,0.33
P2,P,15,-0.0005608781942262,-0.0023413792641529,-0.0029022574583791,20000000.0,1,7,0.33
I1,I,15,,0.0025378891729841,0.0025378891729841,39964800.43228016,1,7,0.33
I2,I,15,,0.001268944586492,0.001268944586492,35152936.866962105,1,7,0.33
I3,I,15,,0.001268944586492,0.001268944586492,36043280.30314837,1,7,0.33
P1,P,16,-0.000837766026575,-0.0015164520694424,-0.0023542180960174,20000000.0,1,7,0.33
P2,P,16,-0.0005117731881602,-0.002367610498305,-0.0028793836864652,20000000.0,1,7,0.33
I1,I,16,,0.0025378891729841,0.0025378891729841,39394211.80833141,1,7,0.33
I2,I,16,,0.001268944586492,0.001268944586492,34613329.84967464,1,7,0.33
I3,I,16,,0.001268944586492,0.001268944586492,35487819.51690259,1,7,0.33
P1,P,17,-0.0007640660938261,-0.0015906373458913,-0.0023547034397175,20000000.0,1,7,0.33
P2,P,17,-0.0004695107115779,-0.0023860886589134,-0.0028555993704914,20000000.0,1,7,0.33
I1,I,17,,0.0025378891729841,0.0025378891729841,38874239.78513925,1,7,0.33
I2,I,17,,0.001268944586492,0.001268944586492,34123430.838054925,1,7,0.33
I3,I,17,,0.001268944586492,0.001268944586492,34982952.45849426,1,7,0.33
P1,P,18,-0.0007003773984523,-0.0016579416791533,-0.0023583190776057,20000000.0,1,7,0.33
P2,P,18,-0.0004328326293674,-0.0023991075801314,-0.0028319402094988,20000000.0,1,7,0.33
I1,I,18,,0.0025378891729841,0.0025378891729841,38400752.11890067,1,7,0.33
I2,I,18,,0.001268944586492,0.001268944586492,33678671.41901848,1,7,0.33
I3,I,18,,0.001268944586492,0.001268944586492,34524200.01605009,1,7,0.33
P1,P,19,-0.0006454847905126,-0.001717978890369,-0.0023634636808817,20000000.0,1,7,0.33
P2,P,19,-0.0004008386188692,-0.0024084181791907,-0.0028092567980599,20000000.0,1,7,0.33
I1,I,19,,0.0025378891729841,0.0025378891729841,37970647.15638048,1,7,0.33
I2,I,19,,0.001268944586492,0.001268944586492,33275655.33411917,1,7,0.33
I3,I,19,,0.001268944586492,0.001268944586492,34108246.44804396,1,7,0.33
P1,P,20,-0.000598085756406,-0.0017713191729741,-0.0023694049293801,20000000.0,1,7,0.33
P2,P,20,-0.0003728649600119,-0.0024151016513637,-0.0027879666113756,20000000.0,1,7,0.33
I1,I,20,,0.0025378891729841,0.0025378891729841,37580866.28440349,1,7,0.33
I2,I,20,,0.001268944586492,0.001268944586492,32911256.31442209,1,7,0.33
I3,I,20,,0.001268944586492,0.001268944586492,33731942.660416275,1,7,0.33
P1,P,21,-0.0005569719004284,-0.0018186097091444,-0.0023755816095728,20000000.0,1,7,0.33
P2,P,21,-0.0003483523065656,-0.0024200516961054,-0.002768404002671,20000000.0,1,7,0.33
I1,I,21,,0.0025378891729841,0.0025378891729841,37228250.63072453,1,7,0.33
I2,I,21,,0.001268944586492,0.001268944586492,32582316.687688503,1,7,0.33
I3,I,21,,0.001268944586492,0.001268944586492,33392093.707053483,1,7,0.33
P1,P,22,-0.000521092379228,-0.0018606231528038,-0.0023817155320319,20000000.0,1,7,0.33
P2,P,22,-0.000326769855943,-0.0024239555049363,-0.0027507253608794,20000000.0,1,7,0.33
I1,I,22,,0.0025378891729841,0.0025378891729841,36909337.74235395,1,7,0.33
I2,I,22,,0.001268944586492,0.001268944586492,32285446.600484475,1,7,0.33
I3,I,22,,0.001268944586492,0.001268944586492,33085241.078404907,1,7,0.33
P1,P,23,-0.0004895494067649,-0.0018981392080891,-0.002387688614854,20000000.0,1,7,0.33
P2,P,23,-0.0003076165633298,-0.002427387846305,-0.0027350044096348,20000000.0,1,7,0.33
I1,I,23,,0.0025378891729841,0.0025378891729841,36620189.17120355,1,7,0.33
I2,I,23,,0.001268944586492,0.001268944586492,32016800.79296081,1,7,0.33
I3,I,23,,0.001268944586492,0.001268944586492,32807467.877390537,1,7,0.33
P1,P,24,-0.0004615588047247,-0.0019318237023729,-0.0023933825070977,20000000.0,1,7,0.33
P2,P,24,-0.0002904726134183,-0.0024306690840726,-0.002721141697491,20000000.0,1,7,0.33
I1,I,24,,0.0025378891729841,0.0025378891729841,36357042.635754734,1,7,0.33
I2,I,24,,0.001268944586492,0.001268944586492,31772731.580913696,1,7,0.33
I3,I,24,,0.001268944586492,0.001268944586492,32555047.282662284,1,7,0.33
P1,P,25,-0.0004364671954076,-0.0019623052960652,-0.0023987724914729,20000000.0,1,7,0.33
P2,P,25,-0.0002750276986728,-0.0024338548301737,-0.0027088825288465,20000000.0,1,7,0.33
I1,I,25,,0.0025378891729841,0.0025378891729841,36116659.22675812,1,7,0.33
I2,I,25,,0.001268944586492,0.001268944586492,31550144.0405818,1,7,0.33
I3,I,25,,0.001268944586492,0.001268944586492,32324789.606041636,1,7,0.33
P1,P,26,-0.0004137536588893,-0.0019901973760039,-0.0024039510348933,20000000.0,1,7,0.33
P2,P,26,-0.0002610411825465,-0.0024368778053007,-0.0026979189878473,20000000.0,1,7,0.33
I1,I,26,,0.0025378891729841,0.0025378891729841,35896231.178838946,1,7,0.33
I2,I,26,,0.001268944586492,0.001268944586492,31346379.512723982,1,7,0.33
I3,I,26,,0.001268944586492,0.001268944586492,32113940.04775531,1,7,0.33
P1,P,27,-0.0003930201258624,-0.0020159911563941,-0.0024090112822565,20000000.0,1,7,0.33
P2,P,27,-0.0002483278227942,-0.0024396438560841,-0.0026879716788783,20000000.0,1,7,0.33
I1,I,27,,0.0025378891729841,0.0025378891729841,35693353.66927759,1,7,0.33
I2,I,27,,0.001268944586492,0.001268944586492,31159173.133329187,1,7,0.33
I3,I,27,,0.001268944586492,0.001268944586492,31920146.221810125,1,7,0.33
P1,P,28,-0.0003739693734299,-0.0020399656784556,-0.0024139350518855,20000000.0,1,7,0.33
P2,P,28,-0.0002367335670769,-0.0024421611466216,-0.0026788947136985,20000000.0,1,7,0.33
I1,I,28,,0.0025378891729841,0.0025378891729841,35506024.73771972,1,7,0.33
I2,I,28,,0.001268944586492,0.001268944586492,30986620.65203981,1,7,0.33
I3,I,28,,0.001268944586492,0.001268944586492,31741444.66759379,1,7,0.33
P1,P,29,-0.0003563688544303,-0.002062346284616,-0.0024187151390464,20000000.0,1,7,0.33
P2,P,29,-0.0002261246389366,-0.0024444467427679,-0.0026705713817046,20000000.0,1,7,0.33
I1,I,29,,0.0025378891729841,0.0025378891729841,35332546.71754998,1,7,0.33
I2,I,29,,0.001268944586492,0.001268944586492,30827106.845672224,1,7,0.33
I3,I,29,,0.001268944586492,0.001268944586492,31576171.20693999,1,7,0.33
P1,P,0,-0.0016450996285178,0.0,-0.0016450996285178,20000000.0,1,0,0.33
P2,P,0,-0.0019407887711812,0.0,-0.0019407887711812,20000000.0,1,0,0.33
I1,I,0,,0.0025405410038538,0.0025405410038538,41189887.22842783,1,0,0.33
I2,I,0,,0.0012702705019269,0.0012702705019269,37694560.99852479,1,0,0.33
I3,I,0,,0.0012702705019269,0.0012702705019269,37344973.6697699,1,0,0.33
P1,P,1,-0.0015679128435405,0.0,-0.0015679128435405,20000000.0,1,0,0.33
P2,P,1,-0.0018410819472448,0.0,-0.0018410819472448,20000000.0,1,0,0.33
I1,I,1,,0.0025405410038538,0.0025405410038538,41872248.73625366,1,0,0.33
I2,I,1,,0.0012702705019269,0.0012702705019269,38281901.3269201,1,0,0.33
I3,I,1,,0.0012702705019269,0.0012702705019269,38206017.88117927,1,0,0.33
P1,P,2,-0.0016100704081206,0.0,-0.0016100704081206,20000000.0,1,0,0.33
P2,P,2,-0.0018810092522295,0.0,-0.0018810092522295,20000000.0,1,0,0.33
I1,I,2,,0.0025405410038538,0.0025405410038538,42674798.47487425,1,0,0.33
I2,I,2,,0.0012702705019269,0.0012702705019269,38944305.36258067,1,0,0.33
I3,I,2,,0.0012702705019269,0.0012702705019269,38990429.21787304,1,0,0.33
P1,P,3,-0.0016824360011316,0.0,-0.0016824360011316,20000000.0,1,0,0.33
P2,P,3,-0.0019578771808689,0.0,-0.0019578771808689,20000000.0,1,0,0.33
I1,I,3,,0.0025405410038538,0.0025405410038538,43307792.14411605,1,0,0.33
I2,I,3,,0.0012702705019269,0.0012702705019269,39488642.4254045,1,0,0.33
I3,I,3,,0.0012702705019269,0.0012702705019269,39602526.042835005,1,0,0.33
P1,P,4,-0.001761146916995,0.0,-0.001761146916995,20000000.0,1,0,0.33
P2,P,4,-0.0020456443107731,0.0,-0.0020456443107731,20000000.0,1,0,0.33
I1,I,4,,0.0025405410038538,0.0025405410038538,43823635.05591188,1,0,0.33
I2,I,4,,0.0012702705019269,0.0012702705019269,39944517.93041742,1,0,0.33
I3,I,4,,0.0012702705019269,0.0012702705019269,40104858.29772766,1,0,0.33
P1,P,5,-0.0020540492673025,0.0,-0.0020540492673025,20000000.0,1,0,0.33
P2,P,5,-0.002030592811545,-0.0002126067375788,-0.0022431995491239,20000000.0,1,0,0.33
I1,I,5,,0.0025405410038538,0.0025405410038538,45386390.0468371,1,0,0.33
I2,I,5,,0.0012702705019269,0.0012702705019269,41403024.24743261,1,0,0.33
I3,I,5,,0.0012702705019269,0.0012702705019269,41636160.47645425,1,0,0.33
P1,P,6,-0.0021976926759918,-5.855889670567816e-06,-0.0022035485656623,20000000.0,1,0,0.33
P2,P,6,-0.0017501709224864,-0.0008660670379747,-0.0026162379604611,20000000.0,1,0,0.33
I1,I,6,,0.0025405410038538,0.0025405410038538,45870869.28041924,1,0,0.33
I2,I,6,,0.0012702705019269,0.0012702705019269,41782423.096493535,1,0,0.33
I3,I,6,,0.0012702705019269,0.0012702705019269,42086240.08368294,1,0,0.33
P1,P,7,-0.0021077397639235,-0.0001469436026045,-0.0022546833665281,20000000.0,1,0,0.33
P2,P,7,-0.0014935734910324,-0.0014557641116025,-0.002949337602635,20000000.0,1,0,0.33
I1,I,7,,0.0025405410038538,0.0025405410038538,45566719.55687014,1,0,0.33
I2,I,7,,0.0012702705019269,0.0012702705019269,41412774.26226049,1,0,0.33
I3,I,7,,0.0012702705019269,0.0012702705019269,41766170.40224876,1,0,0.33
P1,P,8,-0.0018919750319628,-0.0004185158831679,-0.0023104909151308,20000000.0,1,0,0.33
P2,P,8,-0.0012833101358839,-0.0018474624782393,-0.0031307726141232,20000000.0,1,0,0.33
I1,I,8,,0.0025405410038538,0.0025405410038538,44742978.47636893,1,0,0.33
I2,I,8,,0.0012702705019269,0.0012702705019269,40579635.679308765,1,0,0.33
I3,I,8,,0.0012702705019269,0.0012702705019269,40949695.245910205,1,0,0.33
P1,P,9,-0.0016431989265389,-0.0006673803813611,-0.0023105793079001,20000000.0,1,0,0.33
P2,P,9,-0.0011103820645943,-0.002089105278188,-0.0031994873427823,20000000.0,1,0,0.33
I1,I,9,,0.0025405410038538,0.0025405410038538,43709341.50673556,1,0,0.33
I2,I,9,,0.0012702705019269,0.0012702705019269,39567767.582526445,1,0,0.33
I3,I,9,,0.0012702705019269,0.0012702705019269,39935642.955340005,1,0,0.33
P1,P,10,-0.001431195673452,-0.0008534112012067,-0.0022846068746587,20000000.0,1,0,0.33
P2,P,10,-0.0009682416252947,-0.0022387283390717,-0.0032069699643665,20000000.0,1,0,0.33
I1,I,10,,0.0025405410038538,0.0025405410038538,42658520.43804269,1,0,0.33
I2,I,10,,0.0012702705019269,0.0012702705019269,38552050.877956845,1,0,0.33
I3,I,10,,0.0012702705019269,0.0012702705019269,38908985.69327315,1,0,0.33
P1,P,11,-0.0012607755736761,-0.0009874372704293,-0.0022482128441055,20000000.0,1,0,0.33
P2,P,11,-0.0008521627526817,-0.0023359630934996,-0.0031881258461813,20000000.0,1,0,0.33
I1,I,11,,0.0025405410038538,0.0025405410038538,41686584.190928526,1,0,0.33
I2,I,11,,0.0012702705019269,0.0012702705019269,37619373.67243989,1,0,0.33
I3,I,11,,0.0012702705019269,0.0012702705019269,37962148.29263577,1,0,0.33
P1,P,12,-0.0011204406619918,-0.0010929050603839,-0.0022133457223757,20000000.0,1,0,0.33
P2,P,12,-0.0007574000804694,-0.002403866305729,-0.0031612663861984,20000000.0,1,0,0.33
I1,I,12,,0.0025405410038538,0.0025405410038538,40824829.63937122,1,0,0.33
I2,I,12,,0.0012702705019269,0.0012702705019269,36797038.02186562,1,0,0.33
I3,I,12,,0.0012702705019269,0.0012702705019269,37124923.66851777,1,0,0.33
P1,P,13,-0.0010014718635196,-0.0011854681695369,-0.0021869400330565,20000000.0,1,0,0.33
P2,P,13,-0.0006792863480065,-0.002454046803766,-0.0031333331517725,20000000.0,1,0,0.33
I1,I,13,,0.0025405410038538,0.0025405410038538,40069620.43940996,1,0,0.33
I2,I,13,,0.0012702705019269,0.0012702705019269,36080209.96224772,1,0,0.33
I3,I,13,,0.0012702705019269,0.0012702705019269,36393263.40086,1,0,0.33
P1,P,14,-0.0008993315890864,-0.0012712846308798,-0.0021706162199662,20000000.0,1,0,0.33
P2,P,14,-0.0006139561767041,-0.0024922115202734,-0.0031061676969775,20000000.0,1,0,0.33
I1,I,14,,0.0025405410038538,0.0025405410038538,39404849.40843987,1,0,0.33
I2,I,14,,0.0012702705019269,0.0012702705019269,35452512.999953285,1,0,0.33
I3,I,14,,0.0012702705019269,0.0012702705019269,35750999.41241283,1,0,0.33
P1,P,15,-0.0008116951039557,-0.0013511238703344,-0.0021628189742902,20000000.0,1,0,0.33
P2,P,15,-0.00055867927163,-0.0025212332160591,-0.0030799124876891,20000000.0,1,0,0.33
I1,I,15,,0.0025405410038538,0.0025405410038538,38814494.2630168,1,0,0.33
I2,I,15,,0.0012702705019269,0.0012702705019269,34897777.055157915,1,0,0.33
I3,I,15,,0.0012702705019269,0.0012702705019269,35182075.743383944,1,0,0.33
P1,P,16,-0.0007369705693528,-0.0014242142088468,-0.0021611847781997,20000000.0,1,0,0.33
P2,P,16,-0.0005114550699,-0.0025429636813949,-0.003054418751295,20000000.0,1,0,0.33
I1,I,16,,0.0025405410038538,0.0025405410038538,38286541.40937416,1,0,0.33
I2,I,16,,0.0012702705019269,0.0012702705019269,34403827.61002557,1,0,0.33
I3,I,16,,0.0012702705019269,0.0012702705019269,34674435.738998786,1,0,0.33
P1,P,17,-0.0006734926107116,-0.0014899896157883,-0.0021634822264999,20000000.0,1,0,0.33
P2,P,17,-0.0004707055345988,-0.0025592289226587,-0.0030299344572575,20000000.0,1,0,0.33
I1,I,17,,0.0025405410038538,0.0025405410038538,37812442.08497207,1,0,0.33
I2,I,17,,0.0012702705019269,0.0012702705019269,33961943.22241286,1,0,0.33
I3,I,17,,0.0012702705019269,0.0012702705019269,34219497.6704393,1,0,0.33
P1,P,18,-0.0006194907087144,-0.0015486038441566,-0.0021680945528711,20000000.0,1,0,0.33
P2,P,18,-0.0004352917244654,-0.0025715984318757,-0.0030068901563411,20000000.0,1,0,0.33
I1,I,18,,0.0025405410038538,0.0025405410038538,37385533.70036463,1,0,0.33
I2,I,18,,0.0012702705019269,0.0012702705019269,33565320.58215976,1,0,0.33
I3,I,18,,0.0012702705019269,0.0012702705019269,33810581.25490511,1,0,0.33
P1,P,19,-0.0005733495271301,-0.0016006695083573,-0.0021740190354875,20000000.0,1,0,0.33
P2,P,19,-0.0004043495820189,-0.0025810931303891,-0.002985442712408,20000000.0,1,0,0.33
I1,I,19,,0.0025405410038538,0.0025405410038538,37000494.8488266,1,0,0.33
I2,I,19,,0.0012702705019269,0.0012702705019269,33208623.02253769,1,0,0.33
I3,I,19,,0.0012702705019269,0.0012702705019269,33442395.10135866,1,0,0.33
P1,P,20,-0.0005336702309367,-0.001646908046584,-0.0021805782775207,20000000.0,1,0,0.33
P2,P,20,-0.0003771935434564,-0.0025885196755756,-0.0029657132190321,20000000.0,1,0,0.33
I1,I,20,,0.0025405410038538,0.0025405410038538,36652816.287096776,1,0,0.33
I2,I,20,,0.0012702705019269,0.0012702705019269,32887389.87141767,1,0,0.33
I3,I,20,,0.0012702705019269,0.0012702705019269,33110483.598419257,1,0,0.33
P1,P,21,-0.0004992773744266,-0.0016881313699593,-0.0021874087443859,20000000.0,1,0,0.33
P2,P,21,-0.0003532037556609,-0.0025945902431273,-0.0029477939987882,20000000.0,1,0,0.33
I1,I,21,,0.0025405410038538,0.0025405410038538,36338117.12287778,1,0,0.33
I2,I,21,,0.0012702705019269,0.0012702705019269,32597320.205689102,1,0,0.33
I3,I,21,,0.0012702705019269,0.0012702705019269,32810525.45730917,1,0,0.33
P1,P,22,-0.000469207001075,-0.0017251051018058,-0.0021943121028809,20000000.0,1,0,0.33
P2,P,22,-0.0003318439634196,-0.0025997840096908,-0.0029316279731105,20000000.0,1,0,0.33
I1,I,22,,0.0025405410038538,0.0025405410038538,36052190.05264318,1,0,0.33
I2,I,22,,0.0012702705019269,0.0012702705019269,32334327.36922513,1,0,0.33
I3,I,22,,0.0012702705019269,0.0012702705019269,32538385.842633367,1,0,0.33
P1,P,23,-0.0004426722391454,-0.0017583870495158,-0.0022010592886612,20000000.0,1,0,0.33
P2,P,23,-0.0003126805148175,-0.0026044193978108,-0.0029170999126284,20000000.0,1,0,0.33
I1,I,23,,0.0025405410038538,0.0025405410038538,35791441.954674445,1,0,0.33
I2,I,23,,0.0012702705019269,0.0012702705019269,32094945.96856169,1,0,0.33
I3,I,23,,0.0012702705019269,0.0012702705019269,32290546.49773389,1,0,0.33
P1,P,24,-0.0004190560652599,-0.0017884432482989,-0.0022074993135588,20000000.0,1,0,0.33
P2,P,24,-0.0002953772728463,-0.0026086930809705,-0.0029040703538169,20000000.0,1,0,0.33
I1,I,24,,0.0025405410038538,0.0025405410038538,35552893.57800153,1,0,0.33
I2,I,24,,0.0012702705019269,0.0012702705019269,31876325.75046121,1,0,0.33
I3,I,24,,0.0012702705019269,0.0012702705019269,32064100.532382213,1,0,0.33
P1,P,25,-0.0003978645077806,-0.0018157119745449,-0.0022135764823255,20000000.0,1,0,0.33
P2,P,25,-0.0002796847186532,-0.0026126874731885,-0.0028923721918417,20000000.0,1,0,0.33
I1,I,25,,0.0025405410038538,0.0025405410038538,35334063.14615112,1,0,0.33
I2,I,25,,0.0012702705019269,0.0012702705019269,31676117.39118302,1,0,0.33
I3,I,25,,0.0012702705019269,0.0012702705019269,31856637.92696545,1,0,0.33
P1,P,26,-0.0003787119266888,-0.0018405869286718,-0.0022192988553606,20000000.0,1,0,0.33
P2,P,26,-0.00026541556621,-0.0026164124983648,-0.0028818280645749,20000000.0,1,0,0.33
I1,I,26,,0.0025405410038538,0.0025405410038538,35132861.24937833,1,0,0.33
I2,I,26,,0.0012702705019269,0.0012702705019269,31492358.674338635,1,0,0.33
I3,I,26,,0.0012702705019269,0.0012702705019269,31666136.01872711,1,0,0.33
P1,P,27,-0.0003612797203345,-0.0018634483150153,-0.0022247280353498,20000000.0,1,0,0.33
P2,P,27,-0.0002524203474135,-0.0026198512408301,-0.0028722715882436,20000000.0,1,0,0.33
I1,I,27,,0.0025405410038538,0.0025405410038538,34947405.68104851,1,0,0.33
I2,I,27,,0.0012702705019269,0.0012702705019269,31323284.50717039,1,0,0.33
I3,I,27,,0.0012702705019269,0.0012702705019269,31490772.26153071,1,0,0.33
P1,P,28,-0.0003453008962817,-0.0018846066760868,-0.0022299075723686,20000000.0,1,0,0.33
P2,P,28,-0.000240560671644,-0.0026230028402866,-0.0028635635119306,20000000.0,1,0,0.33
I1,I,28,,0.0025405410038538,0.0025405410038538,34776007.539707534,1,0,0.33
I2,I,28,,0.0012702705019269,0.0012702705019269,31167307.44136348,1,0,0.33
I3,I,28,,0.0012702705019269,0.0012702705019269,31328908.888027538,1,0,0.33
P1,P,29,-0.0003305420528902,-0.0019043577194928,-0.002234899772383,20000000.0,1,0,0.33
P2,P,29,-0.0002297037669228,-0.0026258693308089,-0.0028555730977317,20000000.0,1,0,0.33
I1,I,29,,0.0025405410038538,0.0025405410038538,34617093.309977315,1,0,0.33
I2,I,29,,0.0012702705019269,0.0012702705019269,31022948.244427964,1,0,0.33
I3,I,29,,0.0012702705019269,0.0012702705019269,31179020.52628609,1,0,0.33
P1,P,0,-0.0015509044244545,0.0,-0.0015509044244545,20000000.0,1,9,0.33
P2,P,0,-0.0018605475296671,0.0,-0.0018605475296671,20000000.0,1,9,0.33
I1,I,0,,0.0025417829031318,0.0025417829031318,39871084.995335706,1,9,0.33
I2,I,0,,0.0012708914515659,0.0012708914515659,36028776.4706984,1,9,0.33
I3,I,0,,,,,0,9,0.33
P1,P,1,-0.0014424121448451,0.0,-0.0014424121448451,20000000.0,1,9,0.33
P2,P,1,-0.001712366939023,0.0,-0.001712366939023,20000000.0,1,9,0.33
I1,I,1,,0.0025417829031318,0.0025417829031318,40007661.816766135,1,9,0.33
I2,I,1,,0.0012708914515659,0.0012708914515659,36180460.80157251,1,9,0.33
I3,I,1,,,,,0,9,0.33
P1,P,2,-0.001439917071271,0.0,-0.001439917071271,20000000.0,1,9,0.33
P2,P,2,-0.0016967487359174,0.0,-0.0016967487359174,20000000.0,1,9,0.33
I1,I,2,,0.0025417829031318,0.0025417829031318,40381739.02079408,1,9,0.33
I2,I,2,,0.0012708914515659,0.0012708914515659,36467186.28896342,1,9,0.33
I3,I,2,,,,,0,9,0.33
P1,P,3,-0.0014638438730807,0.0,-0.0014638438730807,20000000.0,1,9,0.33
P2,P,3,-0.0017171489978361,0.0,-0.0017171489978361,20000000.0,1,9,0.33
I1,I,3,,0.0025417829031318,0.0025417829031318,40659545.21725059,1,9,0.33
I2,I,3,,0.0012708914515659,0.0012708914515659,36686239.232649386,1,9,0.33
I3,I,3,,,,,0,9,0.33
P1,P,4,-0.0014951295222334,0.0,-0.0014951295222334,20000000.0,1,9,0.33
P2,P,4,-0.001749816279734,0.0,-0.001749816279734,20000000.0,1,9,0.33
I1,I,4,,0.0025417829031318,0.0025417829031318,40864668.1358828,1,9,0.33
I2,I,4,,0.0012708914515659,0.0012708914515659,36855937.62603408,1,9,0.33
I3,I,4,,,,,0,9,0.33
P1,P,5,-0.0016209570356793,0.0,-0.0016209570356793,20000000.0,1,9,0.33
P2,P,5,-0.0017522602216143,-6.62432754008554e-05,-0.0018185034970151,20000000.0,1,9,0.33
I1,I,5,,0.0025417829031318,0.0025417829031318,41527233.85672788,1,9,0.33
I2,I,5,,0.0012708914515659,0.0012708914515659,37465949.55413054,1,9,0.33
I3,I,5,,,,,0,9,0.33
P1,P,6,-0.0017016074721556,0.0,-0.0017016074721556,20000000.0,1,9,0.33
P2,P,6,-0.0015348359306615,-0.0004221810422912,-0.0019570169729528,20000000.0,1,9,0.33
I1,I,6,,0.0025417829031318,0.0025417829031318,41684653.95951361,1,9,0.33
I2,I,6,,0.0012708914515659,0.0012708914515659,37572888.84716841,1,9,0.33
I3,I,6,,,,,0,9,0.33
P1,P,7,-0.0017092187241869,-3.129346117938865e-06,-0.0017123480703048,20000000.0,1,9,0.33
P2,P,7,-0.0013205070740525,-0.0008347347514308,-0.0021552418254834,20000000.0,1,9,0.33
I1,I,7,,0.0025417829031318,0.0025417829031318,41424392.91817348,1,9,0.33
I2,I,7,,0.0012708914515659,0.0012708914515659,37271596.25844992,1,9,0.33
I3,I,7,,,,,0,9,0.33
P1,P,8,-0.0016033193704449,-9.278547015827052e-05,-0.0016961048406032,20000000.0,1,9,0.33
P2,P,8,-0.0011497887853642,-0.0011486849382978,-0.0022984737236621,20000000.0,1,9,0.33
I1,I,8,,0.0025417829031318,0.0025417829031318,40885005.74441397,1,9,0.33
I2,I,8,,0.0012708914515659,0.0012708914515659,36721392.842956,1,9,0.33
I3,I,8,,,,,0,9,0.33
P1,P,9,-0.0014599300809815,-0.0002669105473789,-0.0017268406283604,20000000.0,1,9,0.33
P2,P,9,-0.0010041702057791,-0.0013638294338327,-0.0023679996396118,20000000.0,1,9,0.33
I1,I,9,,0.0025417829031318,0.0025417829031318,40131299.288030736,1,9,0.33
I2,I,9,,0.0012708914515659,0.0012708914515659,35987109.88347865,1,9,0.33
I3,I,9,,,,,0,9,0.33
P1,P,10,-0.001463922110514,-0.0005026073839259,-0.00196652949444,20000000.0,1,9,0.33
P2,P,10,-0.0009602552494178,-0.001820080425237,-0.0027803356746548,20000000.0,1,9,0.33
I1,I,10,,0.0025417829031318,0.0025417829031318,41526582.57065753,1,9,0.33
I2,I,10,,0.0012708914515659,0.0012708914515659,37304099.81528492,1,9,0.33
I3,I,10,,0.0012708914515659,0.0012708914515659,38846012.72518102,1,9,0.33
P1,P,11,-0.0013692849860657,-0.0007213694818919,-0.0020906544679576,20000000.0,1,9,0.33
P2,P,11,-0.0008857705628151,-0.0021166373079102,-0.0030024078707253,20000000.0,1,9,0.33
I1,I,11,,0.0025417829031318,0.0025417829031318,41480703.87536233,1,9,0.33
I2,I,11,,0.0012708914515659,0.0012708914515659,37232800.50050432,1,9,0.33
I3,I,11,,0.0012708914515659,0.0012708914515659,38624391.23630972,1,9,0.33
P1,P,12,-0.0012371085357091,-0.0009010157533458,-0.0021381242890549,20000000.0,1,9,0.33
P2,P,12,-0.0008044881232483,-0.0022979823462777,-0.003102470469526,20000000.0,1,9,0.33
I1,I,12,,0.0025417829031318,0.0025417829031318,41023158.56434717,1,9,0.33
I2,I,12,,0.0012708914515659,0.0012708914515659,36787502.411041066,1,9,0.33
I3,I,12,,0.0012708914515659,0.0012708914515659,38123951.40985677,1,9,0.33
P1,P,13,-0.0011158445118544,-0.0010326979154889,-0.0021485424273433,20000000.0,1,9,0.33
P2,P,13,-0.0007279957634284,-0.0024087599027117,-0.0031367556661402,20000000.0,1,9,0.33
I1,I,13,,0.0025417829031318,0.0025417829031318,40426162.16043866,1,9,0.33
I2,I,13,,0.0012708914515659,0.0012708914515659,36216486.91513239,1,9,0.33
I3,I,13,,0.0012708914515659,0.0012708914515659,37518158.21226137,1,9,0.33
P1,P,14,-0.0010121200005787,-0.0011295698600042,-0.002141689860583,20000000.0,1,9,0.33
P2,P,14,-0.0006603262267524,-0.0024792262298132,-0.0031395524565656,20000000.0,1,9,0.33
I1,I,14,,0.0025417829031318,0.0025417829031318,39811476.43911275,1,9,0.33
I2,I,14,,0.0012708914515659,0.0012708914515659,35632662.96589141,1,9,0.33
I3,I,14,,0.0012708914515659,0.0012708914515659,36907676.329619005,1,9,0.33
P1,P,15,-0.0009219597545688,-0.0012092779280087,-0.0021312376825775,20000000.0,1,9,0.33
P2,P,15,-0.0006018899611653,-0.0025267652401854,-0.0031286552013507,20000000.0,1,9,0.33
I1,I,15,,0.0025417829031318,0.0025417829031318,39228421.23812877,1,9,0.33
I2,I,15,,0.0012708914515659,0.0012708914515659,35081764.59162127,1,9,0.33
I3,I,15,,0.0012708914515659,0.0012708914515659,36334461.37731416,1,9,0.33
P1,P,16,-0.0008416062869134,-0.0012818404878126,-0.0021234467747261,20000000.0,1,9,0.33
P2,P,16,-0.0005516803731672,-0.0025603663047664,-0.0031120466779337,20000000.0,1,9,0.33
I1,I,16,,0.0025417829031318,0.0025417829031318,38691384.54180472,1,9,0.33
I2,I,16,,0.0012708914515659,0.0012708914515659,34576733.27355097,1,9,0.33
I3,I,16,,0.0012708914515659,0.0012708914515659,35809849.52904929,1,9,0.33
P1,P,17,-0.0007694387797234,-0.0013512728957293,-0.0021207116754527,20000000.0,1,9,0.33
P2,P,17,-0.0005082818171938,-0.0025845441349313,-0.0030928259521252,20000000.0,1,9,0.33
I1,I,17,,0.0025417829031318,0.0025417829031318,38199733.06213409,1,9,0.33
I2,I,17,,0.0012708914515659,0.0012708914515659,34116393.11293582,1,9,0.33
I3,I,17,,0.0012708914515659,0.0012708914515659,35331799.814375564,1,9,0.33
P1,P,18,-0.0007052232607348,-0.0014178135855665,-0.0021230368463014,20000000.0,1,9,0.33
P2,P,18,-0.0004704267218562,-0.0026017352738747,-0.003072161995731,20000000.0,1,9,0.33
I1,I,18,,0.0025417829031318,0.0025417829031318,37748358.10230032,1,9,0.33
I2,I,18,,0.0012708914515659,0.0012708914515659,33695365.99064518,1,9,0.33
I3,I,18,,0.0012708914515659,0.0012708914515659,34894462.24889404,1,9,0.33
P1,P,19,-0.0006488722670903,-0.0014801146465833,-0.0021289869136737,20000000.0,1,9,0.33
P2,P,19,-0.0004371461369622,-0.0026135119585093,-0.0030506580954716,20000000.0,1,9,0.33
I1,I,19,,0.0025417829031318,0.0025417829031318,37333147.41412049,1,9,0.33
I2,I,19,,0.0012708914515659,0.0012708914515659,33309323.37513425,1,9,0.33
I3,I,19,,0.0012708914515659,0.0012708914515659,34493283.74177422,1,9,0.33
P1,P,20,-0.0005998754875329,-0.0015372291542048,-0.0021371046417377,20000000.0,1,9,0.33
P2,P,20,-0.0004077534053868,-0.0026211586274601,-0.0030289120328469,20000000.0,1,9,0.33
I1,I,20,,0.0025417829031318,0.0025417829031318,36951572.48343226,1,9,0.33
I2,I,20,,0.0012708914515659,0.0012708914515659,32955529.99561784,1,9,0.33
I3,I,20,,0.0012708914515659,0.0012708914515659,34125450.66134372,1,9,0.33
P1,P,21,-0.0005573943908976,-0.0015888281982127,-0.0021462225891103,20000000.0,1,9,0.33
P2,P,21,-0.0003817352547728,-0.002625873097699,-0.0030076083524719,20000000.0,1,9,0.33
I1,I,21,,0.0025417829031318,0.0025417829031318,36601957.73270491,1,9,0.33
I2,I,21,,0.0012708914515659,0.0012708914515659,32632150.830295067,1,9,0.33
I3,I,21,,0.0012708914515659,0.0012708914515659,33789097.848763205,1,9,0.33
P1,P,22,-0.0005204990072318,-0.0016351368762218,-0.0021556358834537,20000000.0,1,9,0.33
P2,P,22,-0.0003586151041458,-0.0026287646058215,-0.0029873797099674,20000000.0,1,9,0.33
I1,I,22,,0.0025417829031318,0.0025417829031318,36282358.8941254,1,9,0.33
I2,I,22,,0.0012708914515659,0.0012708914515659,32337154.97865454,1,9,0.33
I3,I,22,,0.0012708914515659,0.0012708914515659,33482168.76791425,1,9,0.33
P1,P,23,-0.0004882854799879,-0.0016766813597985,-0.0021649668397864,20000000.0,1,9,0.33
P2,P,23,-0.0003379404624617,-0.0026306657831613,-0.0029686062456231,20000000.0,1,9,0.33
I1,I,23,,0.0025417829031318,0.0025417829031318,35990327.62573285,1,9,0.33
I2,I,23,,0.0012708914515659,0.0012708914515659,32068095.6570987,1,9,0.33
I3,I,23,,0.0012708914515659,0.0012708914515659,33202163.43230516,1,9,0.33
P1,P,24,-0.0004599335530566,-0.0017139635082626,-0.0021738970613192,20000000.0,1,9,0.33
P2,P,24,-0.0003193113304913,-0.0026322450084074,-0.0029515563388988,20000000.0,1,9,0.33
I1,I,24,,0.0025417829031318,0.0025417829031318,35723065.76786787,1,9,0.33
I2,I,24,,0.0012708914515659,0.0012708914515659,31822196.21967897,1,9,0.33
I3,I,24,,0.0012708914515659,0.0012708914515659,32946261.061908703,1,9,0.33
P1,P,25,-0.0004347654552782,-0.0017474264834791,-0.0021821919387573,20000000.0,1,9,0.33
P2,P,25,-0.0003024163142251,-0.0026338438383063,-0.0029362601525315,20000000.0,1,9,0.33
I1,I,25,,0.0025417829031318,0.0025417829031318,35478055.81162097,1,9,0.33
I2,I,25,,0.0012708914515659,0.0012708914515659,31597024.90545238,1,9,0.33
I3,I,25,,0.0012708914515659,0.0012708914515659,32711958.078219585,1,9,0.33
P1,P,26,-0.0004122359513603,-0.0017775100279785,-0.0021897459793388,20000000.0,1,9,0.33
P2,P,26,-0.0002870348479669,-0.0026356002766176,-0.0029226351245845,20000000.0,1,9,0.33
I1,I,26,,0.0025417829031318,0.0025417829031318,35253135.95228443,1,9,0.33
I2,I,26,,0.0012708914515659,0.0012708914515659,31390542.316660475,1,9,0.33
I3,I,26,,0.0012708914515659,0.0012708914515659,32497129.584099308,1,9,0.33
P1,P,27,-0.0003919353267946,-0.0018047580358139,-0.0021966933626085,20000000.0,1,9,0.33
P2,P,27,-0.0002729973803988,-0.0026374703935037,-0.0029104677739025,20000000.0,1,9,0.33
I1,I,27,,0.0025417829031318,0.0025417829031318,35046193.84219401,1,9,0.33
I2,I,27,,0.0012708914515659,0.0012708914515659,31200791.8933858,1,9,0.33
I3,I,27,,0.0012708914515659,0.0012708914515659,32299716.89378983,1,9,0.33
P1,P,28,-0.0003735189405457,-0.0018296327906377,-0.0022031517311835,20000000.0,1,9,0.33
P2,P,28,-0.0002601611231694,-0.002639365956629,-0.0028995270797984,20000000.0,1,9,0.33
I1,I,28,,0.0025417829031318,0.0025417829031318,34855315.29492945,1,9,0.33
I2,I,28,,0.0012708914515659,0.0012708914515659,31026003.673159063,1,9,0.33
I3,I,28,,0.0012708914515659,0.0012708914515659,32117857.775570597,1,9,0.33
P1,P,29,-0.0003566931257583,-0.0018525445502452,-0.0022092376760036,20000000.0,1,9,0.33
P2,P,29,-0.0002483949026351,-0.0026411989705182,-0.0028895938731534,20000000.0,1,9,0.33
I1,I,29,,0.0025417829031318,0.0025417829031318,34678789.93093044,1,9,0.33
I2,I,29,,0.0012708914515659,0.0012708914515659,30864595.120221943,1,9,0.33
I3,I,29,,0.0012708914515659,0.0012708914515659,31949889.166463025,1,9,0.33
P1,P,0,-0.0014856979169538,0.0,-0.0014856979169538,20000000.0,1,19,0.58
P2,P,0,-0.001940506370705,0.0,-0.001940506370705,20000000.0,1,19,0.58
I1,I,0,,0.0025496798690879,0.0025496798690879,40311418.27567181,1,19,0.58
I2,I,0,,0.0012748399345439,0.0012748399345439,35688705.11391598,1,19,0.58
I3,I,0,,,,,0,19,0.58
P1,P,1,-0.0013899342514029,0.0,-0.0013899342514029,20000000.0,1,19,0.58
P2,P,1,-0.0017760337125453,0.0,-0.0017760337125453,20000000.0,1,19,0.58
I1,I,1,,0.0025496798690879,0.0025496798690879,40377625.30677384,1,19,0.58
I2,I,1,,0.0012748399345439,0.0012748399345439,35875061.38773207,1,19,0.58
I3,I,1,,,,,0,19,0.58
P1,P,2,-0.0013901956710166,0.0,-0.0013901956710166,20000000.0,1,19,0.58
P2,P,2,-0.0017554430062426,0.0,-0.0017554430062426,20000000.0,1,19,0.58
I1,I,2,,0.0025496798690879,0.0025496798690879,40742984.83086448,1,19,0.58
I2,I,2,,0.0012748399345439,0.0012748399345439,36160826.26414018,1,19,0.58
I3,I,2,,,,,0,19,0.58
P1,P,3,-0.0014140565785828,0.0,-0.0014140565785828,20000000.0,1,19,0.58
P2,P,3,-0.0017747369060091,0.0,-0.0017747369060091,20000000.0,1,19,0.58
I1,I,3,,0.0025496798690879,0.0025496798690879,41021217.47062038,1,19,0.58
I2,I,3,,0.0012748399345439,0.0012748399345439,36376577.534816094,1,19,0.58
I3,I,3,,,,,0,19,0.58
P1,P,4,-0.0014444081573295,0.0,-0.0014444081573295,20000000.0,1,19,0.58
P2,P,4,-0.0018077976582207,0.0,-0.0018077976582207,20000000.0,1,19,0.58
I1,I,4,,0.0025496798690879,0.0025496798690879,41229188.1324096,1,19,0.58
I2,I,4,,0.0012748399345439,0.0012748399345439,36544112.780741714,1,19,0.58
I3,I,4,,,,,0,19,0.58
P1,P,5,-0.0015677127616646,0.0,-0.0015677127616646,20000000.0,1,19,0.58
P2,P,5,-0.0018037683190943,-6.329660851875573e-05,-0.0018670649276131,20000000.0,1,19,0.58
I1,I,5,,0.0025496798690879,0.0025496798690879,41927019.50754557,1,19,0.58
I2,I,5,,0.0012748399345439,0.0012748399345439,37176979.86556131,1,19,0.58
I3,I,5,,,,,0,19,0.58
P1,P,6,-0.0016471698431495,0.0,-0.0016471698431495,20000000.0,1,19,0.58
P2,P,6,-0.0015740430750271,-0.0004412971746094,-0.0020153402496366,20000000.0,1,19,0.58
I1,I,6,,0.0025496798690879,0.0025496798690879,42106226.57135533,1,19,0.58
I2,I,6,,0.0012748399345439,0.0012748399345439,37294260.40611128,1,19,0.58
I3,I,6,,,,,0,19,0.58
P1,P,7,-0.0016601944617882,-1.3277818302581862e-06,-0.0016615222436185,20000000.0,1,19,0.58
P2,P,7,-0.0013469420280773,-0.0008812259777726,-0.0022281680058499,20000000.0,1,19,0.58
I1,I,7,,0.0025496798690879,0.0025496798690879,41839257.59766191,1,19,0.58
I2,I,7,,0.0012748399345439,0.0012748399345439,36975852.90644127,1,19,0.58
I3,I,7,,,,,0,19,0.58
P1,P,8,-0.0015659576527999,-6.119653820228053e-05,-0.0016271541910022,20000000.0,1,19,0.58
P2,P,8,-0.0011707595987354,-0.0012098489232632,-0.0023806085219987,20000000.0,1,19,0.58
I1,I,8,,0.0025496798690879,0.0025496798690879,41304904.68865117,1,19,0.58
I2,I,8,,0.0012748399345439,0.0012748399345439,36424382.4147376,1,19,0.58
I3,I,8,,,,,0,19,0.58
P1,P,9,-0.0014174756939235,-0.0001982547169096,-0.0016157304108331,20000000.0,1,19,0.58
P2,P,9,-0.0010265734176698,-0.0014357325188744,-0.0024623059365443,20000000.0,1,19,0.58
I1,I,9,,0.0025496798690879,0.0025496798690879,40611454.038821466,1,19,0.58
I2,I,9,,0.0012748399345439,0.0012748399345439,35742873.206673265,1,19,0.58
I3,I,9,,,,,0,19,0.58
P1,P,10,-0.0012641472971871,-0.0003431428281925,-0.0016072901253796,20000000.0,1,19,0.58
P2,P,10,-0.0009039688130847,-0.0015889318556251,-0.0024929006687099,20000000.0,1,19,0.58
I1,I,10,,0.0025496798690879,0.0025496798690879,39855841.20247091,1,19,0.58
I2,I,10,,0.0012748399345439,0.0012748399345439,35014000.348528296,1,19,0.58
I3,I,10,,,,,0,19,0.58
P1,P,11,-0.001125721944655,-0.0004725223070831,-0.0015982442517381,20000000.0,1,19,0.58
P2,P,11,-0.0007999887007258,-0.0016921939155754,-0.0024921826163012,20000000.0,1,19,0.58
I1,I,11,,0.0025496798690879,0.0025496798690879,39104207.407115504,1,19,0.58
I2,I,11,,0.0012748399345439,0.0012748399345439,34296065.55283985,1,19,0.58
I3,I,11,,,,,0,19,0.58
P1,P,12,-0.0010063481885601,-0.0005770632548079,-0.0015834114433681,20000000.0,1,19,0.58
P2,P,12,-0.0007132645840104,-0.0017634599791118,-0.0024767245631222,20000000.0,1,19,0.58
I1,I,12,,0.0025496798690879,0.0025496798690879,38403745.39447342,1,19,0.58
I2,I,12,,0.0012748399345439,0.0012748399345439,33630677.511920765,1,19,0.58
I3,I,12,,,,,0,19,0.58
P1,P,13,-0.0009053487265496,-0.0006572821086124,-0.0015626308351621,20000000.0,1,19,0.58
P2,P,13,-0.0006418579036531,-0.0018158373875724,-0.0024576952912255,20000000.0,1,19,0.58
I1,I,13,,0.0025496798690879,0.0025496798690879,37781313.92780887,1,19,0.58
I2,I,13,,0.0012748399345439,0.0012748399345439,33041620.58499376,1,19,0.58
I3,I,13,,,,,0,19,0.58
P1,P,14,-0.0008231161692592,-0.000721996647677,-0.0015451128169362,20000000.0,1,19,0.58
P2,P,14,-0.0005829357384697,-0.0018564817330311,-0.0024394174715008,20000000.0,1,19,0.58
I1,I,14,,0.0025496798690879,0.0025496798690879,37234765.503837965,1,19,0.58
I2,I,14,,0.0012748399345439,0.0012748399345439,32526518.13250062,1,19,0.58
I3,I,14,,,,,0,19,0.58
P1,P,15,-0.0007559564391618,-0.0007770087850285,-0.0015329652241904,20000000.0,1,19,0.58
P2,P,15,-0.0005336993641758,-0.0018888419166473,-0.0024225412808232,20000000.0,1,19,0.58
I1,I,15,,0.0025496798690879,0.0025496798690879,36752428.30181611,1,19,0.58
I2,I,15,,0.0012748399345439,0.0012748399345439,32074125.153126925,1,19,0.58
I3,I,15,,,,,0,19,0.58
P1,P,16,-0.0006991808255966,-0.0008261034899302,-0.0015252843155268,20000000.0,1,19,0.58
P2,P,16,-0.0004919398653992,-0.0019150477799908,-0.0024069876453901,20000000.0,1,19,0.58
I1,I,16,,0.0025496798690879,0.0025496798690879,36323106.63616056,1,19,0.58
I2,I,16,,0.0012748399345439,0.0012748399345439,31673470.822592106,1,19,0.58
I3,I,16,,,,,0,19,0.58
P1,P,17,-0.0006493854503854,-0.0008721625914105,-0.0015215480417959,20000000.0,1,19,0.58
P2,P,17,-0.0004559970255791,-0.0019363714087217,-0.0023923684343009,20000000.0,1,19,0.58
I1,I,17,,0.0025496798690879,0.0025496798690879,35937053.032740854,1,19,0.58
I2,I,17,,0.0012748399345439,0.0012748399345439,31314982.983334094,1,19,0.58
I3,I,17,,,,,0,19,0.58
P1,P,18,-0.0006047645246414,-0.0009163855133633,-0.0015211500380047,20000000.0,1,19,0.58
P2,P,18,-0.0004246763024429,-0.0019535770904454,-0.0023782533928883,20000000.0,1,19,0.58
I1,I,18,,0.0025496798690879,0.0025496798690879,35586443.46087743,1,19,0.58
I2,I,18,,0.0012748399345439,0.0012748399345439,30990946.960049,1,19,0.58
I3,I,18,,,,,0,19,0.58
P1,P,19,-0.0005645352137544,-0.0009590503081352,-0.0015235855218897,20000000.0,1,19,0.58
P2,P,19,-0.0003970868842123,-0.001967141663134,-0.0023642285473464,20000000.0,1,19,0.58
I1,I,19,,0.0025496798690879,0.0025496798690879,35265304.08096625,1,19,0.58
I2,I,19,,0.0012748399345439,0.0012748399345439,30695447.187413637,1,19,0.58
I3,I,19,,,,,0,19,0.58
P1,P,20,-0.0006754853918352,-0.0013970106719314,-0.0020724960637667,20000000.0,1,19,0.58
P2,P,20,-0.000470525106318,-0.0027830013720799,-0.003253526478398,20000000.0,1,19,0.58
I1,I,20,,0.0025496798690879,0.0025496798690879,38448856.812157616,1,19,0.58
I2,I,20,,0.0012748399345439,0.0012748399345439,33693226.440424524,1,19,0.58
I3,I,20,,0.0022309698854519,0.0022309698854519,38244089.53873735,1,19,0.58
P1,P,21,-0.0006782504132701,-0.0016277718839237,-0.0023060222971938,20000000.0,1,19,0.58
P2,P,21,-0.0004727453873858,-0.0030981222282865,-0.0035708676156724,20000000.0,1,19,0.58
I1,I,21,,0.0025496798690879,0.0025496798690879,38986934.79077527,1,19,0.58
I2,I,21,,0.0012748399345439,0.0012748399345439,34182366.14555493,1,19,0.58
I3,I,21,,0.0022309698854519,0.0022309698854519,38544937.23339262,1,19,0.58
P1,P,22,-0.0006414820931408,-0.0017446181469696,-0.0023861002401104,20000000.0,1,19,0.58
P2,P,22,-0.0004511285980692,-0.0032211373803542,-0.0036722659784235,20000000.0,1,19,0.58
I1,I,22,,0.0025496798690879,0.0025496798690879,38903259.96308722,1,19,0.58
I2,I,22,,0.0012748399345439,0.0012748399345439,34104094.63595611,1,19,0.58
I3,I,22,,0.0022309698854519,0.0022309698854519,38394313.31962641,1,19,0.58
P1,P,23,-0.0005971932820099,-0.0018167456395446,-0.0024139389215546,20000000.0,1,19,0.58
P2,P,23,-0.0004239310318651,-0.0032726344750782,-0.0036965655069434,20000000.0,1,19,0.58
I1,I,23,,0.0025496798690879,0.0025496798690879,38637620.23368598,1,19,0.58
I2,I,23,,0.0012748399345439,0.0012748399345439,33857938.34706172,1,19,0.58
I3,I,23,,0.0022309698854519,0.0022309698854519,38103859.55394228,1,19,0.58
P1,P,24,-0.0005550243761793,-0.0018710334090703,-0.0024260577852497,20000000.0,1,19,0.58
P2,P,24,-0.0003972297530719,-0.0032968346233785,-0.0036940643764504,20000000.0,1,19,0.58
I1,I,24,,0.0025496798690879,0.0025496798690879,38329915.44802759,1,19,0.58
I2,I,24,,0.0012748399345439,0.0012748399345439,33573478.410843745,1,19,0.58
I3,I,24,,0.0022309698854519,0.0022309698854519,37787336.58887821,1,19,0.58
P1,P,25,-0.0005171951420554,-0.0019168800757315,-0.002434075217787,20000000.0,1,19,0.58
P2,P,25,-0.0003726746662816,-0.003310004784803,-0.0036826794510847,20000000.0,1,19,0.58
I1,I,25,,0.0025496798690879,0.0025496798690879,38025413.108280994,1,19,0.58
I2,I,25,,0.0012748399345439,0.0012748399345439,33292577.711237688,1,19,0.58
I3,I,25,,0.0022309698854519,0.0022309698854519,37481199.68985201,1,19,0.58
P1,P,26,-0.000483702168599,-0.001957715086842,-0.0024414172554411,20000000.0,1,19,0.58
P2,P,26,-0.0003504770674784,-0.0033181997243424,-0.0036686767918209,20000000.0,1,19,0.58
I1,I,26,,0.0025496798690879,0.0025496798690879,37737425.33631987,1,19,0.58
I2,I,26,,0.0012748399345439,0.0012748399345439,33027393.769072466,1,19,0.58
I3,I,26,,0.0022309698854519,0.0022309698854519,37195156.12029666,1,19,0.58
P1,P,27,-0.0004540188817069,-0.0019948461323829,-0.0024488650140898,20000000.0,1,19,0.58
P2,P,27,-0.0003304772590375,-0.0033237426490329,-0.0036542199080704,20000000.0,1,19,0.58
I1,I,27,,0.0025496798690879,0.0025496798690879,37468966.76320907,1,19,0.58
I2,I,27,,0.0012748399345439,0.0012748399345439,32780582.06620845,1,19,0.58
I3,I,27,,0.0022309698854519,0.0022309698854519,36930541.75080101,1,19,0.58
P1,P,28,-0.0004275684298649,-0.0020289744010635,-0.0024565428309285,20000000.0,1,19,0.58
P2,P,28,-0.0003124442624466,-0.0033275879851365,-0.0036400322475832,20000000.0,1,19,0.58
I1,I,28,,0.0025496798690879,0.0025496798690879,37219788.82360073,1,19,0.58
I2,I,28,,0.0012748399345439,0.0012748399345439,32551831.99025154,1,19,0.58
I3,I,28,,0.0022309698854519,0.0022309698854519,36686252.17240793,1,19,0.58
P1,P,29,-0.0004038411089006,-0.0020605805016888,-0.0024644216105895,20000000.0,1,19,0.58
P2,P,29,-0.0002961577787257,-0.0033301718130087,-0.0036263295917345,20000000.0,1,19,0.58
I1,I,29,,0.0025496798690879,0.0025496798690879,36988659.94180898,1,19,0.58
I2,I,29,,0.0012748399345439,0.0012748399345439,32339977.602497693,1,19,0.58
I3,I,29,,0.0022309698854519,0.0022309698854519,36460596.173617445,1,19,0.58
P1,P,0,-0.0014885041787049,0.0,-0.0014885041787049,20000000.0,1,21,0.58
P2,P,0,-0.0017953296292802,0.0,-0.0017953296292802,20000000.0,1,21,0.58
I1,I,0,,0.0025429300513688,0.0025429300513688,40758806.88339727,1,21,0.58
I2,I,0,,0.0012714650256844,0.0012714650256844,35706947.011172906,1,21,0.58
I3,I,0,,,,,0,21,0.58
P1,P,1,-0.0013886849444261,0.0,-0.0013886849444261,20000000.0,1,21,0.58
P2,P,1,-0.0016528980106834,0.0,-0.0016528980106834,20000000.0,1,21,0.58
I1,I,1,,0.0025429300513688,0.0025429300513688,40771047.99264259,1,21,0.58
I2,I,1,,0.0012714650256844,0.0012714650256844,35958375.2629804,1,21,0.58
I3,I,1,,,,,0,21,0.58
P1,P,2,-0.0013918462327121,0.0,-0.0013918462327121,20000000.0,1,21,0.58
P2,P,2,-0.0016416889926465,0.0,-0.0016416889926465,20000000.0,1,21,0.58
I1,I,2,,0.0025429300513688,0.0025429300513688,41159060.2987323,1,21,0.58
I2,I,2,,0.0012714650256844,0.0012714650256844,36302333.6978806,1,21,0.58
I3,I,2,,,,,0,21,0.58
P1,P,3,-0.0014200285965116,0.0,-0.0014200285965116,20000000.0,1,21,0.58
P2,P,3,-0.0016661438008601,0.0,-0.0016661438008601,20000000.0,1,21,0.58
I1,I,3,,0.0025429300513688,0.0025429300513688,41469606.09065312,1,21,0.58
I2,I,3,,0.0012714650256844,0.0012714650256844,36564634.31967242,1,21,0.58
I3,I,3,,,,,0,21,0.58
P1,P,4,-0.0014548595716009,0.0,-0.0014548595716009,20000000.0,1,21,0.58
P2,P,4,-0.0017026640937143,0.0,-0.0017026640937143,20000000.0,1,21,0.58
I1,I,4,,0.0025429300513688,0.0025429300513688,41711322.57838668,1,21,0.58
I2,I,4,,0.0012714650256844,0.0012714650256844,36773021.30421992,1,21,0.58
I3,I,4,,,,,0,21,0.58
P1,P,5,-0.0015932642331551,0.0,-0.0015932642331551,20000000.0,1,21,0.58
P2,P,5,-0.0017154049819856,-7.329376621804071e-05,-0.0017886987482036,20000000.0,1,21,0.58
I1,I,5,,0.0025429300513688,0.0025429300513688,42514771.88840556,1,21,0.58
I2,I,5,,0.0012714650256844,0.0012714650256844,37514196.86634416,1,21,0.58
I3,I,5,,,,,0,21,0.58
P1,P,6,-0.0016832664464315,0.0,-0.0016832664464315,20000000.0,1,21,0.58
P2,P,6,-0.001512105353971,-0.0004349823362335,-0.0019470876902046,20000000.0,1,21,0.58
I1,I,6,,0.0025429300513688,0.0025429300513688,42762413.54773635,1,21,0.58
I2,I,6,,0.0012714650256844,0.0012714650256844,37701815.303058766,1,21,0.58
I3,I,6,,,,,0,21,0.58
P1,P,7,-0.0016901756786492,-6.396028744427506e-06,-0.0016965717073936,20000000.0,1,21,0.58
P2,P,7,-0.0013139390152414,-0.0008396017056161,-0.0021535407208576,20000000.0,1,21,0.58
I1,I,7,,0.0025429300513688,0.0025429300513688,42568355.20264207,1,21,0.58
I2,I,7,,0.0012714650256844,0.0012714650256844,37460672.56343359,1,21,0.58
I3,I,7,,,,,0,21,0.58
P1,P,8,-0.0015861817744193,-0.000108255866701,-0.0016944376411204,20000000.0,1,21,0.58
P2,P,8,-0.0011618694702549,-0.0011307186007304,-0.0022925880709853,20000000.0,1,21,0.58
I1,I,8,,0.0025429300513688,0.0025429300513688,42077779.84581678,1,21,0.58
I2,I,8,,0.0012714650256844,0.0012714650256844,36958176.17218963,1,21,0.58
I3,I,8,,,,,0,21,0.58
P1,P,9,-0.0014499000228416,-0.0002817286212018,-0.0017316286440434,20000000.0,1,21,0.58
P2,P,9,-0.0010308233653357,-0.001323587496636,-0.0023544108619717,20000000.0,1,21,0.58
I1,I,9,,0.0025429300513688,0.0025429300513688,41373099.37829752,1,21,0.58
I2,I,9,,0.0012714650256844,0.0012714650256844,36271381.14550641,1,21,0.58
I3,I,9,,,,,0,21,0.58
P1,P,10,-0.0013083399801043,-0.000436745418895,-0.0017450853989994,20000000.0,1,21,0.58
P2,P,10,-0.0009121945625614,-0.0014575983947514,-0.0023697929573129,20000000.0,1,21,0.58
I1,I,10,,0.0025429300513688,0.0025429300513688,40582025.89155949,1,21,0.58
I2,I,10,,0.0012714650256844,0.0012714650256844,35508825.199533045,1,21,0.58
I3,I,10,,,,,0,21,0.58
P1,P,11,-0.0011703902285998,-0.0005644340423102,-0.0017348242709101,20000000.0,1,21,0.58
P2,P,11,-0.0008078409407753,-0.0015552803286881,-0.0023631212694634,20000000.0,1,21,0.58
I1,I,11,,0.0025429300513688,0.0025429300513688,39801060.04417299,1,21,0.58
I2,I,11,,0.0012714650256844,0.0012714650256844,34757956.83359431,1,21,0.58
I3,I,11,,,,,0,21,0.58
P1,P,12,-0.0010449170510138,-0.0006654425109615,-0.0017103595619753,20000000.0,1,21,0.58
P2,P,12,-0.0007194577892315,-0.0016295290243633,-0.0023489868135948,20000000.0,1,21,0.58
I1,I,12,,0.0025429300513688,0.0025429300513688,39084972.31388244,1,21,0.58
I2,I,12,,0.0012714650256844,0.0012714650256844,34070413.163063176,1,21,0.58
I3,I,12,,,,,0,21,0.58
P1,P,13,-0.0009414390369978,-0.0007443953180979,-0.0016858343550957,20000000.0,1,21,0.58
P2,P,13,-0.0006458166560759,-0.0016876549523224,-0.0023334716083984,20000000.0,1,21,0.58
I1,I,13,,0.0025429300513688,0.0025429300513688,38446061.98823944,1,21,0.58
I2,I,13,,0.0012714650256844,0.0012714650256844,33458653.090314023,1,21,0.58
I3,I,13,,,,,0,21,0.58
P1,P,14,-0.0008574785376931,-0.000806993516568,-0.0016644720542612,20000000.0,1,21,0.58
P2,P,14,-0.0005845626827053,-0.0017341971318512,-0.0023187598145565,20000000.0,1,21,0.58
I1,I,14,,0.0025429300513688,0.0025429300513688,37881388.29249676,1,21,0.58
I2,I,14,,0.0012714650256844,0.0012714650256844,32919914.474538915,1,21,0.58
I3,I,14,,,,,0,21,0.58
P1,P,15,-0.0007877595406028,-0.0008592237095879,-0.0016469832501907,20000000.0,1,21,0.58
P2,P,15,-0.0005332809749747,-0.0017722138130714,-0.0023054947880461,20000000.0,1,21,0.58
I1,I,15,,0.0025429300513688,0.0025429300513688,37383053.017263584,1,21,0.58
I2,I,15,,0.0012714650256844,0.0012714650256844,32446364.848590832,1,21,0.58
I3,I,15,,,,,0,21,0.58
P1,P,16,-0.0007280095218389,-0.0009057675779003,-0.0016337770997392,20000000.0,1,21,0.58
P2,P,16,-0.0004898255373886,-0.0018037912464506,-0.0022936167838392,20000000.0,1,21,0.58
I1,I,16,,0.0025429300513688,0.0025429300513688,36941018.30146202,1,21,0.58
I2,I,16,,0.0012714650256844,0.0012714650256844,32028111.59394717,1,21,0.58
I3,I,16,,,,,0,21,0.58
P1,P,17,-0.0006755166814711,-0.0009492709320512,-0.0016247876135224,20000000.0,1,21,0.58
P2,P,17,-0.0004525343449828,-0.0018302743951007,-0.0022828087400836,20000000.0,1,21,0.58
I1,I,17,,0.0025429300513688,0.0025429300513688,36545114.38218672,1,21,0.58
I2,I,17,,0.0012714650256844,0.0012714650256844,31655113.84818549,1,21,0.58
I3,I,17,,,,,0,21,0.58
P1,P,18,-0.0006288279973131,-0.0009905503167596,-0.0016193783140727,20000000.0,1,21,0.58
P2,P,18,-0.0004202437545786,-0.001852278344478,-0.0022725220990567,20000000.0,1,21,0.58
I1,I,18,,0.0025429300513688,0.0025429300513688,36187161.97204472,1,21,0.58
I2,I,18,,0.0012714650256844,0.0012714650256844,31319288.261014964,1,21,0.58
I3,I,18,,,,,0,21,0.58
P1,P,19,-0.0005869661062923,-0.0010296074397708,-0.0016165735460631,20000000.0,1,21,0.58
P2,P,19,-0.0003920640347207,-0.0018704092929568,-0.0022624733276775,20000000.0,1,21,0.58
I1,I,19,,0.0025429300513688,0.0025429300513688,35861623.518069714,1,21,0.58
I2,I,19,,0.0012714650256844,0.0012714650256844,31015060.34784589,1,21,0.58
I3,I,19,,,,,0,21,0.58
P1,P,20,-0.0005493566456553,-0.0010663957736502,-0.0016157524193055,20000000.0,1,21,0.58
P2,P,20,-0.0003672745630304,-0.0018853736242214,-0.0022526481872518,20000000.0,1,21,0.58
I1,I,20,,0.0025429300513688,0.0025429300513688,35564268.03267973,1,21,0.58
I2,I,20,,0.0012714650256844,0.0012714650256844,30738126.451599486,1,21,0.58
I3,I,20,,,,,0,21,0.58
P1,P,21,-0.0005156860726728,-0.0011013000558543,-0.0016169861285271,20000000.0,1,21,0.58
P2,P,21,-0.0003452627686391,-0.0018975255232155,-0.0022427882918547,20000000.0,1,21,0.58
I1,I,21,,0.0025429300513688,0.0025429300513688,35290974.67060953,1,21,0.58
I2,I,21,,0.0012714650256844,0.0012714650256844,30484402.906158675,1,21,0.58
I3,I,21,,,,,0,21,0.58
P1,P,22,-0.0006296171722581,-0.0015936225964788,-0.0022232397687369,20000000.0,1,21,0.58
P2,P,22,-0.0004156043108536,-0.0026953167598191,-0.0031109210706728,20000000.0,1,21,0.58
I1,I,22,,0.0025429300513688,0.0025429300513688,38566773.90286564,1,21,0.58
I2,I,22,,0.0012714650256844,0.0012714650256844,33550043.77837176,1,21,0.58
I3,I,22,,0.0022250637949477,0.0022250637949477,38460127.081463255,1,21,0.58
P1,P,23,-0.0006338542778273,-0.0018276494390476,-0.002461503716875,20000000.0,1,21,0.58
P2,P,23,-0.0004183219391832,-0.0029905572565904,-0.0034088791957736,20000000.0,1,21,0.58
I1,I,23,,0.0025429300513688,0.0025429300513688,39118359.966242924,1,21,0.58
I2,I,23,,0.0012714650256844,0.0012714650256844,34060134.18826151,1,21,0.58
I3,I,23,,0.0022250637949477,0.0022250637949477,38770653.36930604,1,21,0.58
P1,P,24,-0.0006003617844165,-0.0019392144920547,-0.0025395762764712,20000000.0,1,21,0.58
P2,P,24,-0.0003995105641263,-0.0030993824992233,-0.0034988930633496,20000000.0,1,21,0.58
I1,I,24,,0.0025429300513688,0.0025429300513688,39051056.25723383,1,21,0.58
I2,I,24,,0.0012714650256844,0.0012714650256844,33998903.85906392,1,21,0.58
I3,I,24,,0.0022250637949477,0.0022250637949477,38635146.94571575,1,21,0.58
P1,P,25,-0.0005598094389863,-0.0020059396168891,-0.0025657490558755,20000000.0,1,21,0.58
P2,P,25,-0.0003760252772011,-0.0031428839381502,-0.0035189092153513,20000000.0,1,21,0.58
I1,I,25,,0.0025429300513688,0.0025429300513688,38809974.63574701,1,21,0.58
I2,I,25,,0.0012714650256844,0.0012714650256844,33775069.68351895,1,21,0.58
I3,I,25,,0.0022250637949477,0.0022250637949477,38367537.35009588,1,21,0.58
P1,P,26,-0.0005212367244171,-0.0020549752225653,-0.0025762119469825,20000000.0,1,21,0.58
P2,P,26,-0.0003530659312447,-0.0031633801229979,-0.0035164460542427,20000000.0,1,21,0.58
I1,I,26,,0.0025429300513688,0.0025429300513688,38531261.08662431,1,21,0.58
I2,I,26,,0.0012714650256844,0.0012714650256844,33516034.558341023,1,21,0.58
I3,I,26,,0.0022250637949477,0.0022250637949477,38077883.42987319,1,21,0.58
P1,P,27,-0.0004867002379351,-0.0020955316246167,-0.0025822318625519,20000000.0,1,21,0.58
P2,P,27,-0.0003319407277441,-0.0031753765553352,-0.0035073172830793,20000000.0,1,21,0.58
I1,I,27,,0.0025429300513688,0.0025429300513688,38256766.058617055,1,21,0.58
I2,I,27,,0.0012714650256844,0.0012714650256844,33261026.09725905,1,21,0.58
I3,I,27,,0.0022250637949477,0.0022250637949477,37799444.81778673,1,21,0.58
P1,P,28,-0.0004561744695345,-0.0021310279166298,-0.0025872023861643,20000000.0,1,21,0.58
P2,P,28,-0.0003128177742711,-0.0031837823375124,-0.0034966001117835,20000000.0,1,21,0.58
I1,I,28,,0.0025429300513688,0.0025429300513688,37998024.79585511,1,21,0.58
I2,I,28,,0.0012714650256844,0.0012714650256844,33020828.05997566,1,21,0.58
I3,I,28,,0.0022250637949477,0.0022250637949477,37540301.64341884,1,21,0.58
P1,P,29,-0.0004291142581031,-0.0021630010831937,-0.0025921153412969,20000000.0,1,21,0.58
P2,P,29,-0.0002955624644869,-0.0031902424930485,-0.0034858049575354,20000000.0,1,21,0.58
I1,I,29,,0.0025429300513688,0.0025429300513688,37757083.67286247,1,21,0.58
I2,I,29,,0.0012714650256844,0.0012714650256844,32797360.17217134,1,21,0.58
I3,I,29,,0.0022250637949477,0.0022250637949477,37300917.4702878,1,21,0.58
P1,P,0,-0.0016263201703604,0.0,-0.0016263201703604,20000000.0,1,17,0.58
P2,P,0,-0.0017856153731246,0.0,-0.0017856153731246,20000000.0,1,17,0.58
I1,I,0,,0.0025433168705508,0.0025433168705508,40290311.259613134,1,17,0.58
I2,I,0,,0.0012716584352754,0.0012716584352754,36084037.3183359,1,17,0.58
I3,I,0,,,,,0,17,0.58
P1,P,1,-0.0015063768733846,0.0,-0.0015063768733846,20000000.0,1,17,0.58
P2,P,1,-0.001646951528464,0.0,-0.001646951528464,20000000.0,1,17,0.58
I1,I,1,,0.0025433168705508,0.0025433168705508,40379259.46968578,1,17,0.58
I2,I,1,,0.0012716584352754,0.0012716584352754,36265447.97118009,1,17,0.58
I3,I,1,,,,,0,17,0.58
P1,P,2,-0.0015012010708362,0.0,-0.0015012010708362,20000000.0,1,17,0.58
P2,P,2,-0.0016325649171234,0.0,-0.0016325649171234,20000000.0,1,17,0.58
I1,I,2,,0.0025433168705508,0.0025433168705508,40751653.98274751,1,17,0.58
I2,I,2,,0.0012716584352754,0.0012716584352754,36565478.8719343,1,17,0.58
I3,I,2,,,,,0,17,0.58
P1,P,3,-0.0015253115659862,0.0,-0.0015253115659862,20000000.0,1,17,0.58
P2,P,3,-0.0016523649707127,0.0,-0.0016523649707127,20000000.0,1,17,0.58
I1,I,3,,0.0025433168705508,0.0025433168705508,41031506.228802025,1,17,0.58
I2,I,3,,0.0012716584352754,0.0012716584352754,36790640.234119445,1,17,0.58
I3,I,3,,,,,0,17,0.58
P1,P,4,-0.0015578160507018,0.0,-0.0015578160507018,20000000.0,1,17,0.58
P2,P,4,-0.0016839879660677,0.0,-0.0016839879660677,20000000.0,1,17,0.58
I1,I,4,,0.0025433168705508,0.0025433168705508,41239946.88944623,1,17,0.58
I2,I,4,,0.0012716584352754,0.0012716584352754,36964508.20437835,1,17,0.58
I3,I,4,,,,,0,17,0.58
P1,P,5,-0.0016890292563425,0.0,-0.0016890292563425,20000000.0,1,17,0.58
P2,P,5,-0.0016899399445621,-6.349081052079007e-05,-0.0017534307550829,20000000.0,1,17,0.58
I1,I,5,,0.0025433168705508,0.0025433168705508,41913409.0599128,1,17,0.58
I2,I,5,,0.0012716584352754,0.0012716584352754,37578193.6809109,1,17,0.58
I3,I,5,,,,,0,17,0.58
P1,P,6,-0.0017737022756649,0.0,-0.0017737022756649,20000000.0,1,17,0.58
P2,P,6,-0.0014990865958662,-0.0003886470273111,-0.0018877336231774,20000000.0,1,17,0.58
I1,I,6,,0.0025433168705508,0.0025433168705508,42075623.85026483,1,17,0.58
I2,I,6,,0.0012716584352754,0.0012716584352754,37691143.09664036,1,17,0.58
I3,I,6,,,,,0,17,0.58
P1,P,7,-0.0017866542596713,-1.8160262649053025e-06,-0.0017884702859362,20000000.0,1,17,0.58
P2,P,7,-0.0013091768351467,-0.0007612215377898,-0.0020703983729366,20000000.0,1,17,0.58
I1,I,7,,0.0025433168705508,0.0025433168705508,41840836.31891277,1,17,0.58
I2,I,7,,0.0012716584352754,0.0012716584352754,37420644.19725833,1,17,0.58
I3,I,7,,,,,0,17,0.58
P1,P,8,-0.0016672610729933,-9.780870279123574e-05,-0.0017650697757846,20000000.0,1,17,0.58
P2,P,8,-0.0011542147123765,-0.0010516380640274,-0.002205852776404,20000000.0,1,17,0.58
I1,I,8,,0.0025433168705508,0.0025433168705508,41350442.62105258,1,17,0.58
I2,I,8,,0.0012716584352754,0.0012716584352754,36923269.02856106,1,17,0.58
I3,I,8,,,,,0,17,0.58
P1,P,9,-0.0015040611582004,-0.0003032157322934,-0.0018072768904939,20000000.0,1,17,0.58
P2,P,9,-0.0010151990857212,-0.0012593655192818,-0.0022745646050031,20000000.0,1,17,0.58
I1,I,9,,0.0025433168705508,0.0025433168705508,40626920.99461407,1,17,0.58
I2,I,9,,0.0012716584352754,0.0012716584352754,36221808.17255968,1,17,0.58
I3,I,9,,,,,0,17,0.58
P1,P,10,-0.001346767771907,-0.0004866493610796,-0.0018334171329866,20000000.0,1,17,0.58
P2,P,10,-0.0008896801505681,-0.0014013864260304,-0.0022910665765986,20000000.0,1,17,0.58
I1,I,10,,0.0025433168705508,0.0025433168705508,39790900.989634,1,17,0.58
I2,I,10,,0.0012716584352754,0.0012716584352754,35419881.16816694,1,17,0.58
I3,I,10,,,,,0,17,0.58
P1,P,11,-0.0012044736428122,-0.0006274757146051,-0.0018319493574174,20000000.0,1,17,0.58
P2,P,11,-0.0007812668633046,-0.0014972139079977,-0.0022784807713023,20000000.0,1,17,0.58
I1,I,11,,0.0025433168705508,0.0025433168705508,38958356.419346325,1,17,0.58
I2,I,11,,0.0012716584352754,0.0012716584352754,34623670.67482111,1,17,0.58
I3,I,11,,,,,0,17,0.58
P1,P,12,-0.0010779234883904,-0.0007311824987064,-0.0018091059870969,20000000.0,1,17,0.58
P2,P,12,-0.0006914348984961,-0.0015649969287234,-0.0022564318272195,20000000.0,1,17,0.58
I1,I,12,,0.0025433168705508,0.0025433168705508,38204097.3227291,1,17,0.58
I2,I,12,,0.0012716584352754,0.0012716584352754,33903213.48451801,1,17,0.58
I3,I,12,,,,,0,17,0.58
P1,P,13,-0.0009704085407907,-0.000808993750029,-0.0017794022908198,20000000.0,1,17,0.58
P2,P,13,-0.000618567420469,-0.0016168203105007,-0.0022353877309697,20000000.0,1,17,0.58
I1,I,13,,0.0025433168705508,0.0025433168705508,37552748.1868624,1,17,0.58
I2,I,13,,0.0012716584352754,0.0012716584352754,33282075.021375798,1,17,0.58
I3,I,13,,,,,0,17,0.58
P1,P,14,-0.0008845380937284,-0.0008717187264332,-0.0017562568201616,20000000.0,1,17,0.58
P2,P,14,-0.0005591566890177,-0.0016581417243303,-0.0022172984133481,20000000.0,1,17,0.58
I1,I,14,,0.0025433168705508,0.0025433168705508,36991466.35112506,1,17,0.58
I2,I,14,,0.0012716584352754,0.0012716584352754,32748567.150054622,1,17,0.58
I3,I,14,,,,,0,17,0.58
P1,P,15,-0.0008149404931048,-0.0009245319028254,-0.0017394723959302,20000000.0,1,17,0.58
P2,P,15,-0.0005099505506589,-0.0016919723222947,-0.0022019228729536,20000000.0,1,17,0.58
I1,I,15,,0.0025433168705508,0.0025433168705508,36503247.17081546,1,17,0.58
I2,I,15,,0.0012716584352754,0.0012716584352754,32286304.212221663,1,17,0.58
I3,I,15,,,,,0,17,0.58
P1,P,16,-0.0007557209553186,-0.0009709452800525,-0.0017266662353711,20000000.0,1,17,0.58
P2,P,16,-0.0004686357061588,-0.0017204192813867,-0.0021890549875456,20000000.0,1,17,0.58
I1,I,16,,0.0025433168705508,0.0025433168705508,36075360.738323726,1,17,0.58
I2,I,16,,0.0012716584352754,0.0012716584352754,31882740.38079864,1,17,0.58
I3,I,16,,,,,0,17,0.58
P1,P,17,-0.0007035915800348,-0.0010140131682422,-0.0017176047482771,20000000.0,1,17,0.58
P2,P,17,-0.0004334786632877,-0.0017445618318276,-0.0021780404951153,20000000.0,1,17,0.58
I1,I,17,,0.0025433168705508,0.0025433168705508,35696550.44605449,1,17,0.58
I2,I,17,,0.0012716584352754,0.0012716584352754,31526908.107218955,1,17,0.58
I3,I,17,,,,,0,17,0.58
P1,P,18,-0.0008363473468738,-0.0014689451349605,-0.0023052924818344,20000000.0,1,17,0.58
P2,P,18,-0.0005053929769833,-0.0024721578063627,-0.002977550783346,20000000.0,1,17,0.58
I1,I,18,,0.0025433168705508,0.0025433168705508,38946246.99458148,1,17,0.58
I2,I,18,,0.0012716584352754,0.0012716584352754,34581575.300047584,1,17,0.58
I3,I,18,,0.0022254022617319,0.0022254022617319,38038960.26897066,1,17,0.58
P1,P,19,-0.00083843910764,-0.0017236541790783,-0.0025620932867183,20000000.0,1,17,0.58
P2,P,19,-0.000505131931606,-0.0027837796874101,-0.0032889116190162,20000000.0,1,17,0.58
I1,I,19,,0.0025433168705508,0.0025433168705508,39512972.67233792,1,17,0.58
I2,I,19,,0.0012716584352754,0.0012716584352754,35104532.87273026,1,17,0.58
I3,I,19,,0.0022254022617319,0.0022254022617319,38392226.66003567,1,17,0.58
P1,P,20,-0.000788790043218,-0.0018621282329438,-0.0026509182761618,20000000.0,1,17,0.58
P2,P,20,-0.0004796255600871,-0.0029157834914716,-0.0033954090515588,20000000.0,1,17,0.58
I1,I,20,,0.0025433168705508,0.0025433168705508,39421074.1373288,1,17,0.58
I2,I,20,,0.0012716584352754,0.0012716584352754,35017728.55828684,1,17,0.58
I3,I,20,,0.0022254022617319,0.0022254022617319,38238724.96343953,1,17,0.58
P1,P,21,-0.0007275352477636,-0.0019527614479196,-0.0026802966956833,20000000.0,1,17,0.58
P2,P,21,-0.0004481987212759,-0.0029759658102062,-0.0034241645314822,20000000.0,1,17,0.58
I1,I,21,,0.0025433168705508,0.0025433168705508,39126398.28476204,1,17,0.58
I2,I,21,,0.0012716584352754,0.0012716584352754,34740990.247724816,1,17,0.58
I3,I,21,,0.0022254022617319,0.0022254022617319,37920618.87166255,1,17,0.58
P1,P,22,-0.0006684152967735,-0.0020232888270683,-0.0026917041238419,20000000.0,1,17,0.58
P2,P,22,-0.0004175051001572,-0.0030065377731156,-0.0034240428732728,20000000.0,1,17,0.58
I1,I,22,,0.0025433168705508,0.0025433168705508,38781060.33101134,1,17,0.58
I2,I,22,,0.0012716584352754,0.0012716584352754,34417294.66156834,1,17,0.58
I3,I,22,,0.0022254022617319,0.0022254022617319,37566715.99853974,1,17,0.58
P1,P,23,-0.0006156958268531,-0.0020835470713739,-0.002699242898227,20000000.0,1,17,0.58
P2,P,23,-0.000389385819522,-0.0030237389367415,-0.0034131247562635,20000000.0,1,17,0.58
I1,I,23,,0.0025433168705508,0.0025433168705508,38436194.55634854,1,17,0.58
I2,I,23,,0.0012716584352754,0.0012716584352754,34094701.38924976,1,17,0.58
I3,I,23,,0.0022254022617319,0.0022254022617319,37220131.32567105,1,17,0.58
P1,P,24,-0.0005697739385112,-0.0021363977188139,-0.0027061716573252,20000000.0,1,17,0.58
P2,P,24,-0.0003640752701621,-0.0030345109652892,-0.0033985862354513,20000000.0,1,17,0.58
I1,I,24,,0.0025433168705508,0.0025433168705508,38108779.62037459,1,17,0.58
I2,I,24,,0.0012716584352754,0.0012716584352754,33788949.60640204,1,17,0.58
I3,I,24,,0.0022254022617319,0.0022254022617319,36894453.06406406,1,17,0.58
P1,P,25,-0.000529775569289,-0.0021832763439595,-0.0027130519132485,20000000.0,1,17,0.58
P2,P,25,-0.0003413473771626,-0.0030420495507781,-0.0033833969279407,20000000.0,1,17,0.58
I1,I,25,,0.0025433168705508,0.0025433168705508,37803632.81158591,1,17,0.58
I2,I,25,,0.0012716584352754,0.0012716584352754,33504366.459111456,1,17,0.58
I3,I,25,,0.0022254022617319,0.0022254022617319,36592876.08897553,1,17,0.58
P1,P,26,-0.0004947154927698,-0.0022252597077113,-0.0027199752004812,20000000.0,1,17,0.58
P2,P,26,-0.0003209019217865,-0.0030477611607266,-0.0033686630825132,20000000.0,1,17,0.58
I1,I,26,,0.0025433168705508,0.0025433168705508,37521076.95855842,1,17,0.58
I2,I,26,,0.0012716584352754,0.0012716584352754,33241147.347661816,1,17,0.58
I3,I,26,,0.0022254022617319,0.0022254022617319,36314887.65988555,1,17,0.58
P1,P,27,-0.0004637493684925,-0.0022631710220496,-0.0027269203905421,20000000.0,1,17,0.58
P2,P,27,-0.0003024583952382,-0.0030522807625256,-0.0033547391577638,20000000.0,1,17,0.58
I1,I,27,,0.0025433168705508,0.0025433168705508,37259857.70668766,1,17,0.58
I2,I,27,,0.0012716584352754,0.0012716584352754,32998065.984328967,1,17,0.58
I3,I,27,,0.0022254022617319,0.0022254022617319,36058779.56212822,1,17,0.58
P1,P,28,-0.0004361357866299,-0.0022977611285481,-0.0027338969151781,20000000.0,1,17,0.58
P2,P,28,-0.0002857654650864,-0.0030559177480991,-0.0033416832131856,20000000.0,1,17,0.58
I1,I,28,,0.0025433168705508,0.0025433168705508,37018112.45183887,1,17,0.58
I2,I,28,,0.0012716584352754,0.0012716584352754,32773350.51952064,1,17,0.58
I3,I,28,,0.0022254022617319,0.0022254022617319,35822430.7664987,1,17,0.58
P1,P,29,-0.0004112990343041,-0.0023295177737642,-0.0027408168080683,20000000.0,1,17,0.58
P2,P,29,-0.0002706176765536,-0.0030588520804477,-0.0033294697570014,20000000.0,1,17,0.58
I1,I,29,,0.0025433168705508,0.0025433168705508,36794079.20397231,1,17,0.58
I2,I,29,,0.0012716584352754,0.0012716584352754,32565341.188461367,1,17,0.58
I3,I,29,,0.0022254022617319,0.0022254022617319,35603926.18239241,1,17,0.58
P1,P,0,-0.0016999457603185,0.0,-0.0016999457603185,20000000.0,1,16,0.58
P2,P,0,-0.0016102866520327,0.0,-0.0016102866520327,20000000.0,1,16,0.58
I1,I,0,,0.0025353378286494,0.0025353378286494,41139748.67021596,1,16,0.58
I2,I,0,,0.0012676689143247,0.0012676689143247,35821052.17495329,1,16,0.58
I3,I,0,,,,,0,16,0.58
P1,P,1,-0.0015683893291876,0.0,-0.0015683893291876,20000000.0,1,16,0.58
P2,P,1,-0.0015018491663431,0.0,-0.0015018491663431,20000000.0,1,16,0.58
I1,I,1,,0.0025353378286494,0.0025353378286494,41106949.67200049,1,16,0.58
I2,I,1,,0.0012676689143247,0.0012676689143247,36061594.32824477,1,16,0.58
I3,I,1,,,,,0,16,0.58
P1,P,2,-0.0015643929330506,0.0,-0.0015643929330506,20000000.0,1,16,0.58
P2,P,2,-0.0014986968820478,0.0,-0.0014986968820478,20000000.0,1,16,0.58
I1,I,2,,0.0025353378286494,0.0025353378286494,41463042.461611226,1,16,0.58
I2,I,2,,0.0012676689143247,0.0012676689143247,36394142.99194646,1,16,0.58
I3,I,2,,,,,0,16,0.58
P1,P,3,-0.0015924052623065,0.0,-0.0015924052623065,20000000.0,1,16,0.58
P2,P,3,-0.0015227392167811,0.0,-0.0015227392167811,20000000.0,1,16,0.58
I1,I,3,,0.0025353378286494,0.0025353378286494,41747579.82197888,1,16,0.58
I2,I,3,,0.0012676689143247,0.0012676689143247,36646418.25711372,1,16,0.58
I3,I,3,,,,,0,16,0.58
P1,P,4,-0.0016292406185013,0.0,-0.0016292406185013,20000000.0,1,16,0.58
P2,P,4,-0.001555560124794,0.0,-0.001555560124794,20000000.0,1,16,0.58
I1,I,4,,0.0025353378286494,0.0025353378286494,41968044.60727544,1,16,0.58
I2,I,4,,0.0012676689143247,0.0012676689143247,36845149.18818147,1,16,0.58
I3,I,4,,,,,0,16,0.58
P1,P,5,-0.0017746549006113,0.0,-0.0017746549006113,20000000.0,1,16,0.58
P2,P,5,-0.0015811712314695,-5.400528699444097e-05,-0.001635176518464,20000000.0,1,16,0.58
I1,I,5,,0.0025353378286494,0.0025353378286494,42700291.62680087,1,16,0.58
I2,I,5,,0.0012676689143247,0.0012676689143247,37535442.49651052,1,16,0.58
I3,I,5,,,,,0,16,0.58
P1,P,6,-0.0018709330931205,0.0,-0.0018709330931205,20000000.0,1,16,0.58
P2,P,6,-0.0014118919757818,-0.0003467777397788,-0.0017586697155606,20000000.0,1,16,0.58
I1,I,6,,0.0025353378286494,0.0025353378286494,42916865.54869589,1,16,0.58
I2,I,6,,0.0012676689143247,0.0012676689143247,37716464.57866536,1,16,0.58
I3,I,6,,,,,0,16,0.58
P1,P,7,-0.0018659966330932,-2.137543644694579e-05,-0.0018873720695401,20000000.0,1,16,0.58
P2,P,7,-0.0012384043563528,-0.0006945780955114,-0.0019329824518643,20000000.0,1,16,0.58
I1,I,7,,0.0025353378286494,0.0025353378286494,42738314.58638587,1,16,0.58
I2,I,7,,0.0012676689143247,0.0012676689143247,37511184.074060224,1,16,0.58
I3,I,7,,,,,0,16,0.58
P1,P,8,-0.0017445509983984,-0.0001824124977684,-0.0019269634961669,20000000.0,1,16,0.58
P2,P,8,-0.001094488844443,-0.0009581561887746,-0.0020526450332176,20000000.0,1,16,0.58
I1,I,8,,0.0025353378286494,0.0025353378286494,42230264.87997054,1,16,0.58
I2,I,8,,0.0012676689143247,0.0012676689143247,37007003.44439677,1,16,0.58
I3,I,8,,,,,0,16,0.58
P1,P,9,-0.0015888671314231,-0.0003839813463589,-0.001972848477782,20000000.0,1,16,0.58
P2,P,9,-0.0009641243596053,-0.0011441234694916,-0.0021082478290969,20000000.0,1,16,0.58
I1,I,9,,0.0025353378286494,0.0025353378286494,41497978.14199787,1,16,0.58
I2,I,9,,0.0012676689143247,0.0012676689143247,36299251.36320956,1,16,0.58
I3,I,9,,,,,0,16,0.58
P1,P,10,-0.0014172148786012,-0.0005536350767207,-0.001970849955322,20000000.0,1,16,0.58
P2,P,10,-0.0008462737255594,-0.0012800696187829,-0.0021263433443423,20000000.0,1,16,0.58
I1,I,10,,0.0025353378286494,0.0025353378286494,40698464.945581146,1,16,0.58
I2,I,10,,0.0012676689143247,0.0012676689143247,35528456.23715368,1,16,0.58
I3,I,10,,,,,0,16,0.58
P1,P,11,-0.0012527382960787,-0.0006999240656929,-0.0019526623617717,20000000.0,1,16,0.58
P2,P,11,-0.0007447330311239,-0.0013808919634053,-0.0021256249945292,20000000.0,1,16,0.58
I1,I,11,,0.0025353378286494,0.0025353378286494,39914672.3744367,1,16,0.58
I2,I,11,,0.0012676689143247,0.0012676689143247,34773216.37266067,1,16,0.58
I3,I,11,,,,,0,16,0.58
P1,P,12,-0.0011110498579044,-0.0008104307696385,-0.001921480627543,20000000.0,1,16,0.58
P2,P,12,-0.0006604901114801,-0.0014570593544408,-0.002117549465921,20000000.0,1,16,0.58
I1,I,12,,0.0025353378286494,0.0025353378286494,39199699.66700952,1,16,0.58
I2,I,12,,0.0012676689143247,0.0012676689143247,34084402.26952628,1,16,0.58
I3,I,12,,,,,0,16,0.58
P1,P,13,-0.0009992399961947,-0.0008944827924258,-0.0018937227886205,20000000.0,1,16,0.58
P2,P,13,-0.0005911999570204,-0.0015154958705309,-0.0021066958275513,20000000.0,1,16,0.58
I1,I,13,,0.0025353378286494,0.0025353378286494,38561230.71646506,1,16,0.58
I2,I,13,,0.0012676689143247,0.0012676689143247,33470703.827567022,1,16,0.58
I3,I,13,,,,,0,16,0.58
P1,P,14,-0.000909539114183,-0.0009618224049136,-0.0018713615190967,20000000.0,1,16,0.58
P2,P,14,-0.0005339237549161,-0.0015609483073645,-0.0020948720622806,20000000.0,1,16,0.58
I1,I,14,,0.0025353378286494,0.0025353378286494,37994217.32190431,1,16,0.58
I2,I,14,,0.0012676689143247,0.0012676689143247,32927588.626340084,1,16,0.58
I3,I,14,,,,,0,16,0.58
P1,P,15,-0.0008344537965679,-0.0010198494647376,-0.0018543032613055,20000000.0,1,16,0.58
P2,P,15,-0.0004861296668372,-0.001596860524114,-0.0020829901909512,20000000.0,1,16,0.58
I1,I,15,,0.0025353378286494,0.0025353378286494,37490383.5779729,1,16,0.58
I2,I,15,,0.0012676689143247,0.0012676689143247,32446900.568116173,1,16,0.58
I3,I,15,,,,,0,16,0.58
P1,P,16,-0.0007693146136399,-0.0010729384040164,-0.0018422530176564,20000000.0,1,16,0.58
P2,P,16,-0.0004457695251985,-0.0016256745797792,-0.0020714441049777,20000000.0,1,16,0.58
I1,I,16,,0.0025353378286494,0.0025353378286494,37040279.3997895,1,16,0.58
I2,I,16,,0.0012676689143247,0.0012676689143247,32019206.465989683,1,16,0.58
I3,I,16,,,,,0,16,0.58
P1,P,17,-0.0008951153508184,-0.0015597786030207,-0.0024548939538391,20000000.0,1,16,0.58
P2,P,17,-0.0005074605141339,-0.0022958379221047,-0.0028032984362386,20000000.0,1,16,0.58
I1,I,17,,0.0025353378286494,0.0025353378286494,40316665.8992554,1,16,0.58
I2,I,17,,0.0012676689143247,0.0012676689143247,35076411.63040597,1,16,0.58
I3,I,17,,0.0022184206000683,0.0022184206000683,39130823.65224907,1,16,0.58
P1,P,18,-0.0008885711621666,-0.0018463171445464,-0.0027348883067131,20000000.0,1,16,0.58
P2,P,18,-0.0005030073793629,-0.0025986901775227,-0.0031016975568856,20000000.0,1,16,0.58
I1,I,18,,0.0025353378286494,0.0025353378286494,40879574.37877517,1,16,0.58
I2,I,18,,0.0012676689143247,0.0012676689143247,35602691.63282063,1,16,0.58
I3,I,18,,0.0022184206000683,0.0022184206000683,39456108.789104775,1,16,0.58
P1,P,19,-0.0008312909508175,-0.0020071260399173,-0.0028384169907349,20000000.0,1,16,0.58
P2,P,19,-0.0004749337352961,-0.0027302957081884,-0.0032052294434846,20000000.0,1,16,0.58
I1,I,19,,0.0025353378286494,0.0025353378286494,40754360.766588405,1,16,0.58
I2,I,19,,0.0012676689143247,0.0012676689143247,35485576.1807917,1,16,0.58
I3,I,19,,0.0022184206000683,0.0022184206000683,39263716.753522284,1,16,0.58
P1,P,20,-0.0007644251828606,-0.0021105392940017,-0.0028749644768623,20000000.0,1,16,0.58
P2,P,20,-0.0004414637708935,-0.0027902346243674,-0.003231698395261,20000000.0,1,16,0.58
I1,I,20,,0.0025353378286494,0.0025353378286494,40410342.116802655,1,16,0.58
I2,I,20,,0.0012676689143247,0.0012676689143247,35160769.88575459,1,16,0.58
I3,I,20,,0.0022184206000683,0.0022184206000683,38894049.25343995,1,16,0.58
P1,P,21,-0.0007015297495893,-0.0021872625878485,-0.0028887923374379,20000000.0,1,16,0.58
P2,P,21,-0.0004091612892896,-0.0028198972153089,-0.0032290585045985,20000000.0,1,16,0.58
I1,I,21,,0.0025353378286494,0.0025353378286494,40012476.71717016,1,16,0.58
I2,I,21,,0.0012676689143247,0.0012676689143247,34785069.62400531,1,16,0.58
I3,I,21,,0.0022184206000683,0.0022184206000683,38486318.22017162,1,16,0.58
P1,P,22,-0.00064599301063,-0.0022496113683936,-0.0028956043790236,20000000.0,1,16,0.58
P2,P,22,-0.0003799729285494,-0.002836195077962,-0.0032161680065115,20000000.0,1,16,0.58
I1,I,22,,0.0025353378286494,0.0025353378286494,39620154.69713834,1,16,0.58
I2,I,22,,0.0012676689143247,0.0012676689143247,34415021.79081148,1,16,0.58
I3,I,22,,0.0022184206000683,0.0022184206000683,38091272.19223552,1,16,0.58
P1,P,23,-0.000597732065943,-0.0023032094222696,-0.0029009414882127,20000000.0,1,16,0.58
P2,P,23,-0.0003540798603106,-0.0028460938163203,-0.003200173676631,20000000.0,1,16,0.58
I1,I,23,,0.0025353378286494,0.0025353378286494,39252435.81461703,1,16,0.58
I2,I,23,,0.0012676689143247,0.0012676689143247,34068708.48413555,1,16,0.58
I3,I,23,,0.0022184206000683,0.0022184206000683,37724432.70389058,1,16,0.58
P1,P,24,-0.0005557614710332,-0.0023504233002734,-0.0029061847713067,20000000.0,1,16,0.58
P2,P,24,-0.000331153703567,-0.0028528879616102,-0.0031840416651773,20000000.0,1,16,0.58
I1,I,24,,0.0025353378286494,0.0025353378286494,38913410.940396905,1,16,0.58
I2,I,24,,0.0012676689143247,0.0012676689143247,33749846.04330042,1,16,0.58
I3,I,24,,0.0022184206000683,0.0022184206000683,37388209.18108399,1,16,0.58
P1,P,25,-0.0005189619370226,-0.0023926569526002,-0.0029116188896228,20000000.0,1,16,0.58
P2,P,25,-0.0003107488901883,-0.0028580595154992,-0.0031688084056876,20000000.0,1,16,0.58
I1,I,25,,0.0025353378286494,0.0025353378286494,38601968.5827041,1,16,0.58
I2,I,25,,0.0012676689143247,0.0012676689143247,33457252.9760326,1,16,0.58
I3,I,25,,0.0022184206000683,0.0022184206000683,37080630.64078584,1,16,0.58
P1,P,26,-0.0004863805561056,-0.0024309193575857,-0.0029172999136914,20000000.0,1,16,0.58
P2,P,26,-0.0002924720370107,-0.002862185465119,-0.0031546575021297,20000000.0,1,16,0.58
I1,I,26,,0.0025353378286494,0.0025353378286494,38315522.660988346,1,16,0.58
I2,I,26,,0.0012676689143247,0.0012676689143247,33188421.65889913,1,16,0.58
I3,I,26,,0.0022184206000683,0.0022184206000683,36798647.27772835,1,16,0.58
P1,P,27,-0.0004572745237405,-0.0024658896776303,-0.0029231642013709,20000000.0,1,16,0.58
P2,P,27,-0.0002760196910677,-0.0028654810862152,-0.003141500777283,20000000.0,1,16,0.58
I1,I,27,,0.0025353378286494,0.0025353378286494,38051523.47804403,1,16,0.58
I2,I,27,,0.0012676689143247,0.0012676689143247,32940922.61223267,1,16,0.58
I3,I,27,,0.0022184206000683,0.0022184206000683,36539446.07679584,1,16,0.58
P1,P,28,-0.0004310473652544,-0.0024981190747201,-0.0029291664399746,20000000.0,1,16,0.58
P2,P,28,-0.0002611489721121,-0.0028680791798111,-0.0031292281519232,20000000.0,1,16,0.58
I1,I,28,,0.0025353378286494,0.0025353378286494,37807609.67846437,1,16,0.58
I2,I,28,,0.0012676689143247,0.0012676689143247,32712513.862555448,1,16,0.58
I3,I,28,,0.0022184206000683,0.0022184206000683,36300506.66823597,1,16,0.58
P1,P,29,-0.0004072425362683,-0.0025280055102787,-0.0029352480465471,20000000.0,1,16,0.58
P2,P,29,-0.0002476675306478,-0.0028700625948017,-0.0031177301254495,20000000.0,1,16,0.58
I1,I,29,,0.0025353378286494,0.0025353378286494,37581755.26860565,1,16,0.58
I2,I,29,,0.0012676689143247,0.0012676689143247,32501278.54185678,1,16,0.58
I3,I,29,,0.0022184206000683,0.0022184206000683,36079703.73338096,1,16,0.58
P1,P,0,-0.0017769163718873,0.0,-0.0017769163718873,20000000.0,1,2,0.58
P2,P,0,-0.0017085958538969,0.0,-0.0017085958538969,20000000.0,1,2,0.58
I1,I,0,,0.0025400411830852,0.0025400411830852,42280768.507977456,1,2,0.58
I2,I,0,,0.0012700205915426,0.0012700205915426,36261601.76525778,1,2,0.58
I3,I,0,,,,,0,2,0.58
P1,P,1,-0.0016359139034327,0.0,-0.0016359139034327,20000000.0,1,2,0.58
P2,P,1,-0.0015881416555729,0.0,-0.0015881416555729,20000000.0,1,2,0.58
I1,I,1,,0.0025400411830852,0.0025400411830852,42068995.51430274,1,2,0.58
I2,I,1,,0.0012700205915426,0.0012700205915426,36374408.22246676,1,2,0.58
I3,I,1,,,,,0,2,0.58
P1,P,2,-0.0016243207934019,0.0,-0.0016243207934019,20000000.0,1,2,0.58
P2,P,2,-0.0015778198540356,0.0,-0.0015778198540356,20000000.0,1,2,0.58
I1,I,2,,0.0025400411830852,0.0025400411830852,42353694.12650735,1,2,0.58
I2,I,2,,0.0012700205915426,0.0012700205915426,36638416.70990334,1,2,0.58
I3,I,2,,,,,0,2,0.58
P1,P,3,-0.0016974538771111,0.0,-0.0016974538771111,20000000.0,1,2,0.58
P2,P,3,-0.0016637862335081,0.0,-0.0016637862335081,20000000.0,1,2,0.58
I1,I,3,,0.0025400411830852,0.0025400411830852,44367382.866838194,1,2,0.58
I2,I,3,,0.0012700205915426,0.0012700205915426,38632121.61470623,1,2,0.58
I3,I,3,,0.0022225360351995,0.0022225360351995,41577435.28404684,1,2,0.58
P1,P,4,-0.001816928949657,0.0,-0.001816928949657,20000000.0,1,2,0.58
P2,P,4,-0.001789680616974,0.0,-0.001789680616974,20000000.0,1,2,0.58
I1,I,4,,0.0025400411830852,0.0025400411830852,45619671.49642855,1,2,0.58
I2,I,4,,0.0012700205915426,0.0012700205915426,39774772.17611007,1,2,0.58
I3,I,4,,0.0022225360351995,0.0022225360351995,42171382.72500598,1,2,0.58
P1,P,5,-0.0023622751515126,0.0,-0.0023622751515126,20000000.0,1,2,0.58
P2,P,5,-0.0019470522093395,-0.0002235174173592,-0.0021705696266987,20000000.0,1,2,0.58
I1,I,5,,0.0025400411830852,0.0025400411830852,48814604.67262664,1,2,0.58
I2,I,5,,0.0012700205915426,0.0012700205915426,42787180.487497725,1,2,0.58
I3,I,5,,0.0022225360351995,0.0022225360351995,44976090.81413692,1,2,0.58
P1,P,6,-0.002626215880424,-5.923877244522817e-05,-0.0026854546528692,20000000.0,1,2,0.58
P2,P,6,-0.0017440893906248,-0.0009735309594307,-0.0027176203500555,20000000.0,1,2,0.58
I1,I,6,,0.0025400411830852,0.0025400411830852,50145502.43868144,1,2,0.58
I2,I,6,,0.0012700205915426,0.0012700205915426,43982511.67095836,1,2,0.58
I3,I,6,,0.0022225360351995,0.0022225360351995,46179926.34413214,1,2,0.58
P1,P,7,-0.0024734250858773,-0.0003790004907183,-0.0028524255765956,20000000.0,1,2,0.58
P2,P,7,-0.0015213141745645,-0.0016490519404863,-0.0031703661150508,20000000.0,1,2,0.58
I1,I,7,,0.0025400411830852,0.0025400411830852,50235686.04446476,1,2,0.58
I2,I,7,,0.0012700205915426,0.0012700205915426,44001974.4525584,1,2,0.58
I3,I,7,,0.0022225360351995,0.0022225360351995,46221574.660546415,1,2,0.58
P1,P,8,-0.0021387516931277,-0.0008283431209804,-0.0029670948141082,20000000.0,1,2,0.58
P2,P,8,-0.0013141173336002,-0.0021095479652438,-0.0034236652988441,20000000.0,1,2,0.58
I1,I,8,,0.0025400411830852,0.0025400411830852,49524973.521010496,1,2,0.58
I2,I,8,,0.0012700205915426,0.0012700205915426,43280381.86006792,1,2,0.58
I3,I,8,,0.0022225360351995,0.0022225360351995,45501150.89334729,1,2,0.58
P1,P,9,-0.0018246323161193,-0.0011992571806596,-0.003023889496779,20000000.0,1,2,0.58
P2,P,9,-0.0011283110045117,-0.0023963445276548,-0.0035246555321666,20000000.0,1,2,0.58
I1,I,9,,0.0025400411830852,0.0025400411830852,48384393.5226113,1,2,0.58
I2,I,9,,0.0012700205915426,0.0012700205915426,42163332.09928351,1,2,0.58
I3,I,9,,0.0022225360351995,0.0022225360351995,44369445.13069243,1,2,0.58
P1,P,10,-0.0015699098786383,-0.0014492530379545,-0.0030191629165929,20000000.0,1,2,0.58
P2,P,10,-0.0009708124011444,-0.0025662753697542,-0.0035370877708987,20000000.0,1,2,0.58
I1,I,10,,0.0025400411830852,0.0025400411830852,47124999.958545856,1,2,0.58
I2,I,10,,0.0012700205915426,0.0012700205915426,40941721.525707744,1,2,0.58
I3,I,10,,0.0022225360351995,0.0022225360351995,43126706.73704333,1,2,0.58
P1,P,11,-0.0013664033383125,-0.0016200373481209,-0.0029864406864335,20000000.0,1,2,0.58
P2,P,11,-0.0008418624121749,-0.0026676381752762,-0.0035095005874512,20000000.0,1,2,0.58
I1,I,11,,0.0025400411830852,0.0025400411830852,45923430.28004661,1,2,0.58
I2,I,11,,0.0012700205915426,0.0012700205915426,39782033.99051836,1,2,0.58
I3,I,11,,0.0022225360351995,0.0022225360351995,41944416.33261756,1,2,0.58
P1,P,12,-0.0012013770911874,-0.0017492068996464,-0.0029505839908339,20000000.0,1,2,0.58
P2,P,12,-0.000737641979631,-0.0027310172227769,-0.003468659202408,20000000.0,1,2,0.58
I1,I,12,,0.0025400411830852,0.0025400411830852,44846779.85311486,1,2,0.58
I2,I,12,,0.0012700205915426,0.0012700205915426,38747263.11440803,1,2,0.58
I3,I,12,,0.0022225360351995,0.0022225360351995,40887527.21825687,1,2,0.58
P1,P,13,-0.0010659844908722,-0.0018562799461447,-0.002922264437017,20000000.0,1,2,0.58
P2,P,13,-0.0006532903261561,-0.0027728856093871,-0.0034261759355432,20000000.0,1,2,0.58
I1,I,13,,0.0025400411830852,0.0025400411830852,43904433.25952131,1,2,0.58
I2,I,13,,0.0012700205915426,0.0012700205915426,37845233.27017886,1,2,0.58
I3,I,13,,0.0022225360351995,0.0022225360351995,39964550.12476687,1,2,0.58
P1,P,14,-0.0009539663880279,-0.0019493744993242,-0.0029033408873521,20000000.0,1,2,0.58
P2,P,14,-0.0005843108978295,-0.002801699711905,-0.0033860106097346,20000000.0,1,2,0.58
I1,I,14,,0.0025400411830852,0.0025400411830852,43084564.93871149,1,2,0.58
I2,I,14,,0.0012700205915426,0.0012700205915426,37063524.191329375,1,2,0.58
I3,I,14,,0.0022225360351995,0.0022225360351995,39163285.61533677,1,2,0.58
P1,P,15,-0.0008606003051173,-0.0020316667855055,-0.0028922670906228,20000000.0,1,2,0.58
P2,P,15,-0.0005272389512064,-0.002822479353525,-0.0033497183047314,20000000.0,1,2,0.58
I1,I,15,,0.0025400411830852,0.0025400411830852,42369470.8709926,1,2,0.58
I2,I,15,,0.0012700205915426,0.0012700205915426,36384094.17617843,1,2,0.58
I3,I,15,,0.0022225360351995,0.0022225360351995,38465820.21245415,1,2,0.58
P1,P,16,-0.0007821415941571,-0.0021047593721988,-0.002886900966356,20000000.0,1,2,0.58
P2,P,16,-0.000479470882155,-0.0028378588104686,-0.0033173296926236,20000000.0,1,2,0.58
I1,I,16,,0.0025400411830852,0.0025400411830852,41742591.72413713,1,2,0.58
I2,I,16,,0.0012700205915426,0.0012700205915426,35790347.55594068,1,2,0.58
I3,I,16,,0.0022225360351995,0.0022225360351995,37855535.42542612,1,2,0.58
P1,P,17,-0.0007156461204433,-0.0021698816227848,-0.0028855277432282,20000000.0,1,2,0.58
P2,P,17,-0.0004390832672852,-0.0028492679879343,-0.0032883512552196,20000000.0,1,2,0.58
I1,I,17,,0.0025400411830852,0.0025400411830852,41190347.018294185,1,2,0.58
I2,I,17,,0.0012700205915426,0.0012700205915426,35268853.27432507,1,2,0.58
I3,I,17,,0.0022225360351995,0.0022225360351995,37318880.60333645,1,2,0.58
P1,P,18,-0.0006587814473757,-0.0022281245179797,-0.0028869059653554,20000000.0,1,2,0.58
P2,P,18,-0.0004046018327076,-0.0028577718453651,-0.0032623736780727,20000000.0,1,2,0.58
I1,I,18,,0.0025400411830852,0.0025400411830852,40701638.83193488,1,2,0.58
I2,I,18,,0.0012700205915426,0.0012700205915426,34808701.40671592,1,2,0.58
I3,I,18,,0.0022225360351995,0.0022225360351995,36844814.40930041,1,2,0.58
P1,P,19,-0.0006096701523453,-0.0022803250494181,-0.0028899952017635,20000000.0,1,2,0.58
P2,P,19,-0.0003748686196999,-0.002864527525359,-0.003239396145059,20000000.0,1,2,0.58
I1,I,19,,0.0025400411830852,0.0025400411830852,40266653.329081,1,2,0.58
I2,I,19,,0.0012700205915426,0.0012700205915426,34400185.25908834,1,2,0.58
I3,I,19,,0.0022225360351995,0.0022225360351995,36423558.79668445,1,2,0.58
P1,P,20,-0.0005668543763483,-0.0023271185086788,-0.0028939728850272,20000000.0,1,2,0.58
P2,P,20,-0.0003489515435178,-0.0028703160462442,-0.003219267589762,20000000.0,1,2,0.58
I1,I,20,,0.0025400411830852,0.0025400411830852,39877164.7420309,1,2,0.58
I2,I,20,,0.0012700205915426,0.0012700205915426,34035221.076133244,1,2,0.58
I3,I,20,,0.0022225360351995,0.0022225360351995,36046938.66541418,1,2,0.58
P1,P,21,-0.0005292028239136,-0.0023691780671252,-0.0028983808910388,20000000.0,1,2,0.58
P2,P,21,-0.0003261388375844,-0.0028755077396641,-0.0032016465772485,20000000.0,1,2,0.58
I1,I,21,,0.0025400411830852,0.0025400411830852,39526427.56006145,1,2,0.58
I2,I,21,,0.0012700205915426,0.0012700205915426,33707241.87799381,1,2,0.58
I3,I,21,,0.0022225360351995,0.0022225360351995,35708275.86838047,1,2,0.58
P1,P,22,-0.0004958100073245,-0.0024072317494353,-0.0029030417567598,20000000.0,1,2,0.58
P2,P,22,-0.0003058868161122,-0.0028801958810453,-0.0031860826971576,20000000.0,1,2,0.58
I1,I,22,,0.0025400411830852,0.0025400411830852,39208955.87831824,1,2,0.58
I2,I,22,,0.0012700205915426,0.0012700205915426,33410959.705218125,1,2,0.58
I3,I,22,,0.0022225360351995,0.0022225360351995,35402159.62667534,1,2,0.58
P1,P,23,-0.0004659347339934,-0.0024419495014715,-0.002907884235465,20000000.0,1,2,0.58
P2,P,23,-0.0002877998259017,-0.002884403883601,-0.0031722037095027,20000000.0,1,2,0.58
I1,I,23,,0.0025400411830852,0.0025400411830852,38920137.12303977,1,2,0.58
I2,I,23,,0.0012700205915426,0.0012700205915426,33141940.917213604,1,2,0.58
I3,I,23,,0.0022225360351995,0.0022225360351995,35124045.30551351,1,2,0.58
P1,P,24,-0.0004389814390011,-0.0024738840621705,-0.0029128655011717,20000000.0,1,2,0.58
P2,P,24,-0.0002715592186891,-0.0028881229858419,-0.0031596822045311,20000000.0,1,2,0.58
I1,I,24,,0.0025400411830852,0.0025400411830852,38656152.107117146,1,2,0.58
I2,I,24,,0.0012700205915426,0.0012700205915426,32896524.70291203,1,2,0.58
I3,I,24,,0.0022225360351995,0.0022225360351995,34870175.718467504,1,2,0.58
P1,P,25,-0.000414484160846,-0.0025034939718856,-0.0029179781327316,20000000.0,1,2,0.58
P2,P,25,-0.0002569092788019,-0.0028913202089828,-0.0031482294877847,20000000.0,1,2,0.58
I1,I,25,,0.0025400411830852,0.0025400411830852,38413867.96646395,1,2,0.58
I2,I,25,,0.0012700205915426,0.0012700205915426,32671723.231855866,1,2,0.58
I3,I,25,,0.0022225360351995,0.0022225360351995,34637475.97593433,1,2,0.58
P1,P,26,-0.0003920892722158,-0.0025310850579159,-0.0029231743301318,20000000.0,1,2,0.58
P2,P,26,-0.0002436308559308,-0.002894049862274,-0.0031376807182048,20000000.0,1,2,0.58
I1,I,26,,0.0025400411830852,0.0025400411830852,38190639.89797897,1,2,0.58
I2,I,26,,0.0012700205915426,0.0012700205915426,32464996.264282014,1,2,0.58
I3,I,26,,0.0022225360351995,0.0022225360351995,34423343.33982666,1,2,0.58
P1,P,27,-0.0003715274642883,-0.0025568685364518,-0.0029283960007402,20000000.0,1,2,0.58
P2,P,27,-0.0002315488719258,-0.0028963550999227,-0.0031279039718485,20000000.0,1,2,0.58
I1,I,27,,0.0025400411830852,0.0025400411830852,37984295.20717609,1,2,0.58
I2,I,27,,0.0012700205915426,0.0012700205915426,32274266.15160779,1,2,0.58
I3,I,27,,0.0022225360351995,0.0022225360351995,34225648.1320314,1,2,0.58
P1,P,28,-0.0003525867206316,-0.002581004593277,-0.0029335913139086,20000000.0,1,2,0.58
P2,P,28,-0.000220510809019,-0.0028983006135485,-0.0031188114225676,20000000.0,1,2,0.58
I1,I,28,,0.0025400411830852,0.0025400411830852,37793010.30149817,1,2,0.58
I2,I,28,,0.0012700205915426,0.0012700205915426,32097778.903760247,1,2,0.58
I3,I,28,,0.0022225360351995,0.0022225360351995,34042594.832636945,1,2,0.58
P1,P,29,-0.0003350885487,-0.0026035701898779,-0.002938658738578,20000000.0,1,2,0.58
P2,P,29,-0.0002103909876932,-0.0028999826144442,-0.0031103736021374,20000000.0,1,2,0.58
I1,I,29,,0.0025400411830852,0.0025400411830852,37615328.2428562,1,2,0.58
I2,I,29,,0.0012700205915426,0.0012700205915426,31934129.747358665,1,2,0.58
I3,I,29,,0.0022225360351995,0.0022225360351995,33872751.138902314,1,2,0.58
P1,P,0,-0.0016796798146821,0.0,-0.0016796798146821,20000000.0,1,3,0.58
P2,P,0,-0.0017197613595674,0.0,-0.0017197613595674,20000000.0,1,3,0.58
I1,I,0,,0.0025368860879198,0.0025368860879198,41004607.17282942,1,3,0.58
I2,I,0,,0.0012684430439599,0.0012684430439599,36359485.18135198,1,3,0.58
I3,I,0,,,,,0,3,0.58
P1,P,1,-0.0015514986178481,0.0,-0.0015514986178481,20000000.0,1,3,0.58
P2,P,1,-0.00159213446738,0.0,-0.00159213446738,20000000.0,1,3,0.58
I1,I,1,,0.0025368860879198,0.0025368860879198,40985370.92511474,1,3,0.58
I2,I,1,,0.0012684430439599,0.0012684430439599,36490620.99474645,1,3,0.58
I3,I,1,,,,,0,3,0.58
P1,P,2,-0.0015448559361759,0.0,-0.0015448559361759,20000000.0,1,3,0.58
P2,P,2,-0.0015813342157414,0.0,-0.0015813342157414,20000000.0,1,3,0.58
I1,I,2,,0.0025368860879198,0.0025368860879198,41331985.26505139,1,3,0.58
I2,I,2,,0.0012684430439599,0.0012684430439599,36783705.13446797,1,3,0.58
I3,I,2,,,,,0,3,0.58
P1,P,3,-0.001569341574117,0.0,-0.001569341574117,20000000.0,1,3,0.58
P2,P,3,-0.0016020390906155,0.0,-0.0016020390906155,20000000.0,1,3,0.58
I1,I,3,,0.0025368860879198,0.0025368860879198,41601346.02482236,1,3,0.58
I2,I,3,,0.0012684430439599,0.0012684430439599,37007860.40644727,1,3,0.58
I3,I,3,,,,,0,3,0.58
P1,P,4,-0.0016515623925431,0.0,-0.0016515623925431,20000000.0,1,3,0.58
P2,P,4,-0.001703242428555,0.0,-0.001703242428555,20000000.0,1,3,0.58
I1,I,4,,0.0025368860879198,0.0025368860879198,43602172.95348936,1,3,0.58
I2,I,4,,0.0012684430439599,0.0012684430439599,39005321.804633066,1,3,0.58
I3,I,4,,0.0022197753269298,0.0022197753269298,42783864.650126286,1,3,0.58
P1,P,5,-0.0021888835633209,0.0,-0.0021888835633209,20000000.0,1,3,0.58
P2,P,5,-0.0019152936775835,-0.0002152749732605,-0.0021305686508441,20000000.0,1,3,0.58
I1,I,5,,0.0025368860879198,0.0025368860879198,47489158.83706752,1,3,0.58
I2,I,5,,0.0012684430439599,0.0012684430439599,42646639.18713418,1,3,0.58
I3,I,5,,0.0022197753269298,0.0022197753269298,45645265.12075971,1,3,0.58
P1,P,6,-0.0024876831585512,-3.2339831168185666e-05,-0.0025200229897194,20000000.0,1,3,0.58
P2,P,6,-0.0017441359802944,-0.0009814146127687,-0.0027255505930632,20000000.0,1,3,0.58
I1,I,6,,0.0025368860879198,0.0025368860879198,49156645.28839988,1,3,0.58
I2,I,6,,0.0012684430439599,0.0012684430439599,44150877.22107706,1,3,0.58
I3,I,6,,0.0022197753269298,0.0022197753269298,47091332.21735086,1,3,0.58
P1,P,7,-0.0023980787747246,-0.0003327995468601,-0.0027308783215848,20000000.0,1,3,0.58
P2,P,7,-0.0015315573874093,-0.00169878963264,-0.0032303470200494,20000000.0,1,3,0.58
I1,I,7,,0.0025368860879198,0.0025368860879198,49386032.96762956,1,3,0.58
I2,I,7,,0.0012684430439599,0.0012684430439599,44296578.24261151,1,3,0.58
I3,I,7,,0.0022197753269298,0.0022197753269298,47243117.47569621,1,3,0.58
P1,P,8,-0.0021055072746058,-0.0007527504605688,-0.0028582577351746,20000000.0,1,3,0.58
P2,P,8,-0.0013391306858722,-0.0021669346421647,-0.003506065328037,20000000.0,1,3,0.58
I1,I,8,,0.0025368860879198,0.0025368860879198,48741272.87563855,1,3,0.58
I2,I,8,,0.0012684430439599,0.0012684430439599,43636711.3169052,1,3,0.58
I3,I,8,,0.0022197753269298,0.0022197753269298,46577766.06240879,1,3,0.58
P1,P,9,-0.0018131874544121,-0.0011003265706719,-0.0029135140250841,20000000.0,1,3,0.58
P2,P,9,-0.0011665377096691,-0.0024459935290328,-0.003612531238702,20000000.0,1,3,0.58
I1,I,9,,0.0025368860879198,0.0025368860879198,47659195.78180849,1,3,0.58
I2,I,9,,0.0012684430439599,0.0012684430439599,42577748.70084655,1,3,0.58
I3,I,9,,0.0022197753269298,0.0022197753269298,45500248.576768056,1,3,0.58
P1,P,10,-0.001576585376546,-0.0013372655982358,-0.0029138509747819,20000000.0,1,3,0.58
P2,P,10,-0.0010155657533252,-0.0026107112269528,-0.003626276980278,20000000.0,1,3,0.58
I1,I,10,,0.0025368860879198,0.0025368860879198,46447210.260274485,1,3,0.58
I2,I,10,,0.0012684430439599,0.0012684430439599,41404327.831429794,1,3,0.58
I3,I,10,,0.0022197753269298,0.0022197753269298,44302909.99596664,1,3,0.58
P1,P,11,-0.001385896513051,-0.0015004147402883,-0.0028863112533394,20000000.0,1,3,0.58
P2,P,11,-0.0008876287226568,-0.0027121779851922,-0.003599806707849,20000000.0,1,3,0.58
I1,I,11,,0.0025368860879198,0.0025368860879198,45277013.42796648,1,3,0.58
I2,I,11,,0.0012684430439599,0.0012684430439599,40276633.90167952,1,3,0.58
I3,I,11,,0.0022197753269298,0.0022197753269298,43150758.10641872,1,3,0.58
P1,P,12,-0.0012265356875475,-0.0016277880738441,-0.0028543237613917,20000000.0,1,3,0.58
P2,P,12,-0.0007813431523897,-0.0027788300630155,-0.0035601732154052,20000000.0,1,3,0.58
I1,I,12,,0.0025368860879198,0.0025368860879198,44215098.394710496,1,3,0.58
I2,I,12,,0.0012684430439599,0.0012684430439599,39256985.40070736,1,3,0.58
I3,I,12,,0.0022197753269298,0.0022197753269298,42107761.737516105,1,3,0.58
P1,P,13,-0.00109015663114,-0.0017389435371092,-0.0028291001682493,20000000.0,1,3,0.58
P2,P,13,-0.0006934614653299,-0.0028247175803314,-0.0035181790456613,20000000.0,1,3,0.58
I1,I,13,,0.0025368860879198,0.0025368860879198,43272930.005631804,1,3,0.58
I2,I,13,,0.0012684430439599,0.0012684430439599,38355663.34414424,1,3,0.58
I3,I,13,,0.0022197753269298,0.0022197753269298,41184474.90368323,1,3,0.58
P1,P,14,-0.0009732063164215,-0.0018401338722523,-0.0028133401886738,20000000.0,1,3,0.58
P2,P,14,-0.0006205201171956,-0.0028571027526273,-0.003477622869823,20000000.0,1,3,0.58
I1,I,14,,0.0025368860879198,0.0025368860879198,42440519.97914216,1,3,0.58
I2,I,14,,0.0012684430439599,0.0012684430439599,37562205.34389508,1,3,0.58
I3,I,14,,0.0022197753269298,0.0022197753269298,40370470.00442946,1,3,0.58
P1,P,15,-0.0008735300686812,-0.0019320902211099,-0.0028056202897911,20000000.0,1,3,0.58
P2,P,15,-0.0005594880126638,-0.0028799433188235,-0.0034394313314874,20000000.0,1,3,0.58
I1,I,15,,0.0025368860879198,0.0025368860879198,41704073.98559489,1,3,0.58
I2,I,15,,0.0012684430439599,0.0012684430439599,36862565.84325092,1,3,0.58
I3,I,15,,0.0022197753269298,0.0022197753269298,39651707.016063794,1,3,0.58
P1,P,16,-0.0007891485587969,-0.0020143823170277,-0.0028035308758247,20000000.0,1,3,0.58
P2,P,16,-0.0005080255872678,-0.0028959954244514,-0.0034040210117193,20000000.0,1,3,0.58
I1,I,16,,0.0025368860879198,0.0025368860879198,41051273.422642194,1,3,0.58
I2,I,16,,0.0012684430439599,0.0012684430439599,36244238.59191124,1,3,0.58
I3,I,16,,0.0022197753269298,0.0022197753269298,39015708.80216382,1,3,0.58
P1,P,17,-0.0007179602719367,-0.0020870742219963,-0.0028050344939331,20000000.0,1,3,0.58
P2,P,17,-0.0004643291847151,-0.0029072756560444,-0.0033716048407595,20000000.0,1,3,0.58
I1,I,17,,0.0025368860879198,0.0025368860879198,40471885.52588613,1,3,0.58
I2,I,17,,0.0012684430439599,0.0012684430439599,35696929.503453456,1,3,0.58
I3,I,17,,0.0022197753269298,0.0022197753269298,38452169.31582359,1,3,0.58
P1,P,18,-0.0006578163876815,-0.0021508208567568,-0.0028086372444384,20000000.0,1,3,0.58
P2,P,18,-0.000426944668195,-0.002915569316735,-0.0033425139849301,20000000.0,1,3,0.58
I1,I,18,,0.0025368860879198,0.0025368860879198,39956624.03036073,1,3,0.58
I2,I,18,,0.0012684430439599,0.0012684430439599,35211351.711530946,1,3,0.58
I3,I,18,,0.0022197753269298,0.0022197753269298,37951766.035030805,1,3,0.58
P1,P,19,-0.0006066689409232,-0.0022066474202691,-0.0028133163611923,20000000.0,1,3,0.58
P2,P,19,-0.0003946573190769,-0.0029222234959445,-0.0033168808150215,20000000.0,1,3,0.58
I1,I,19,,0.0025368860879198,0.0025368860879198,39496871.36634701,1,3,0.58
I2,I,19,,0.0012684430439599,0.0012684430439599,34778971.74082588,1,3,0.58
I3,I,19,,0.0022197753269298,0.0022197753269298,37505893.692722365,1,3,0.58
P1,P,20,-0.0005627332797302,-0.0022557986908347,-0.0028185319705649,20000000.0,1,3,0.58
P2,P,20,-0.0003664905877634,-0.0029280043381463,-0.0032944949259097,20000000.0,1,3,0.58
I1,I,20,,0.0025368860879198,0.0025368860879198,39084725.54604594,1,3,0.58
I2,I,20,,0.0012684430439599,0.0012684430439599,34392043.337711595,1,3,0.58
I3,I,20,,0.0022197753269298,0.0022197753269298,37106698.0304326,1,3,0.58
P1,P,21,-0.0005245606251947,-0.0022994372086886,-0.0028239978338833,20000000.0,1,3,0.58
P2,P,21,-0.0003417327320784,-0.0029331301814049,-0.0032748629134833,20000000.0,1,3,0.58
I1,I,21,,0.0025368860879198,0.0025368860879198,38713555.54523915,1,3,0.58
I2,I,21,,0.0012684430439599,0.0012684430439599,34044158.56105722,1,3,0.58
I3,I,21,,0.0022197753269298,0.0022197753269298,36747628.4053978,1,3,0.58
P1,P,22,-0.0004910361536284,-0.002338539999791,-0.0028295761534194,20000000.0,1,3,0.58
P2,P,22,-0.0003198579717343,-0.0029376228749904,-0.0032574808467248,20000000.0,1,3,0.58
I1,I,22,,0.0025368860879198,0.0025368860879198,38377963.75405131,1,3,0.58
I2,I,22,,0.0012684430439599,0.0012684430439599,33730154.6832023,1,3,0.58
I3,I,22,,0.0022197753269298,0.0022197753269298,36423374.81299579,1,3,0.58
P1,P,23,-0.0004612996956533,-0.0023739166541996,-0.0028352163498529,20000000.0,1,3,0.58
P2,P,23,-0.000300440584388,-0.0029415309378057,-0.0032419715221937,20000000.0,1,3,0.58
I1,I,23,,0.0025368860879198,0.0025368860879198,38073321.20250367,1,3,0.58
I2,I,23,,0.0012684430439599,0.0012684430439599,33445611.18711902,1,3,0.58
I3,I,23,,0.0022197753269298,0.0022197753269298,36129389.620949134,1,3,0.58
P1,P,24,-0.0004347017580649,-0.0024061286195153,-0.0028408303775803,20000000.0,1,3,0.58
P2,P,24,-0.0002831326812515,-0.0029449169186636,-0.0032280495999151,20000000.0,1,3,0.58
I1,I,24,,0.0025368860879198,0.0025368860879198,37795783.17166347,1,3,0.58
I2,I,24,,0.0012684430439599,0.0012684430439599,33186855.725257672,1,3,0.58
I3,I,24,,0.0022197753269298,0.0022197753269298,35861896.45613183,1,3,0.58
P1,P,25,-0.0004107372951253,-0.00243561776616,-0.0028463550612854,20000000.0,1,3,0.58
P2,P,25,-0.0002676393254191,-0.0029478526725651,-0.0032154919979842,20000000.0,1,3,0.58
I1,I,25,,0.0025368860879198,0.0025368860879198,37542127.04316465,1,3,0.58
I2,I,25,,0.0012684430439599,0.0012684430439599,32950804.029028043,1,3,0.58
I3,I,25,,0.0022197753269298,0.0022197753269298,35617728.207690105,1,3,0.58
P1,P,26,-0.0003890070288363,-0.0024627062411263,-0.0028517132699627,20000000.0,1,3,0.58
P2,P,26,-0.0002537126931555,-0.0029504352464206,-0.0032041479395762,20000000.0,1,3,0.58
I1,I,26,,0.0025368860879198,0.0025368860879198,37309635.26772491,1,3,0.58
I2,I,26,,0.0012684430439599,0.0012684430439599,32734848.21989492,1,3,0.58
I3,I,26,,0.0022197753269298,0.0022197753269298,35394212.78844033,1,3,0.58
P1,P,27,-0.0003691767863469,-0.0024877711565581,-0.0028569479429051,20000000.0,1,3,0.58
P2,P,27,-0.0002411278969444,-0.0029527101549638,-0.0031938380519083,20000000.0,1,3,0.58
I1,I,27,,0.0025368860879198,0.0025368860879198,37095812.59100982,1,3,0.58
I2,I,27,,0.0012684430439599,0.0012684430439599,32536600.848249223,1,3,0.58
I3,I,27,,0.0022197753269298,0.0022197753269298,35188897.9427911,1,3,0.58
P1,P,28,-0.0003509849606346,-0.0025110567028573,-0.002862041663492,20000000.0,1,3,0.58
P2,P,28,-0.0002296945469838,-0.0029547314053555,-0.0031844259523394,20000000.0,1,3,0.58
I1,I,28,,0.0025368860879198,0.0025368860879198,36898520.71537977,1,3,0.58
I2,I,28,,0.0012684430439599,0.0012684430439599,32354009.531400587,1,3,0.58
I3,I,28,,0.0022197753269298,0.0022197753269298,34999680.14341556,1,3,0.58
P1,P,29,-0.0003342197410913,-0.0025327764852305,-0.0028669962263219,20000000.0,1,3,0.58
P2,P,29,-0.0002192547744654,-0.0029565514365735,-0.003175806211039,20000000.0,1,3,0.58
I1,I,29,,0.0025368860879198,0.0025368860879198,36715824.57229016,1,3,0.58
I2,I,29,,0.0012684430439599,0.0012684430439599,32185213.48689788,1,3,0.58
I3,I,29,,0.0022197753269298,0.0022197753269298,34824655.56301675,1,3,0.58
P1,P,0,-0.0018555547145273,0.0,-0.0018555547145273,20000000.0,1,4,0.58
P2,P,0,-0.0016978948667594,0.0,-0.0016978948667594,20000000.0,1,4,0.58
I1,I,0,,0.002537113274454,0.002537113274454,41676325.00804092,1,4,0.58
I2,I,0,,0.001268556637227,0.001268556637227,36144130.03416584,1,4,0.58
I3,I,0,,,,,0,4,0.58
P1,P,1,-0.0016994665978503,0.0,-0.0016994665978503,20000000.0,1,4,0.58
P2,P,1,-0.0015835027927598,0.0,-0.0015835027927598,20000000.0,1,4,0.58
I1,I,1,,0.002537113274454,0.002537113274454,41550171.07970256,1,4,0.58
I2,I,1,,0.001268556637227,0.001268556637227,36265762.35588229,1,4,0.58
I3,I,1,,,,,0,4,0.58
P1,P,2,-0.001681820109596,0.0,-0.001681820109596,20000000.0,1,4,0.58
P2,P,2,-0.0015731229317481,0.0,-0.0015731229317481,20000000.0,1,4,0.58
I1,I,2,,0.002537113274454,0.002537113274454,41839742.14626386,1,4,0.58
I2,I,2,,0.001268556637227,0.001268556637227,36517234.81780306,1,4,0.58
I3,I,2,,,,,0,4,0.58
P1,P,3,-0.0017005760607079,0.0,-0.0017005760607079,20000000.0,1,4,0.58
P2,P,3,-0.0015900287406175,0.0,-0.0015900287406175,20000000.0,1,4,0.58
I1,I,3,,0.002537113274454,0.002537113274454,42058758.43661758,1,4,0.58
I2,I,3,,0.001268556637227,0.001268556637227,36696662.9084105,1,4,0.58
I3,I,3,,,,,0,4,0.58
P1,P,4,-0.0017300957605366,0.0,-0.0017300957605366,20000000.0,1,4,0.58
P2,P,4,-0.0016161382197932,0.0,-0.0016161382197932,20000000.0,1,4,0.58
I1,I,4,,0.002537113274454,0.002537113274454,42216266.70582255,1,4,0.58
I2,I,4,,0.001268556637227,0.001268556637227,36828046.618287295,1,4,0.58
I3,I,4,,,,,0,4,0.58
P1,P,5,-0.0022533762407061,0.0,-0.0022533762407061,20000000.0,1,4,0.58
P2,P,5,-0.0018570225502737,-0.0001424616292058,-0.0019994841794796,20000000.0,1,4,0.58
I1,I,5,,0.002537113274454,0.002537113274454,47083252.93523672,1,4,0.58
I2,I,5,,0.001268556637227,0.001268556637227,41516197.10973499,1,4,0.58
I3,I,5,,0.0022199741151472,0.0022199741151472,44096900.25809271,1,4,0.58
P1,P,6,-0.0026052955919344,-2.646973330593289e-05,-0.0026317653252404,20000000.0,1,4,0.58
P2,P,6,-0.0017206899324075,-0.0008047915950505,-0.0025254815274581,20000000.0,1,4,0.58
I1,I,6,,0.002537113274454,0.002537113274454,48970735.19599794,1,4,0.58
I2,I,6,,0.001268556637227,0.001268556637227,43237272.61311786,1,4,0.58
I3,I,6,,0.0022199741151472,0.0022199741151472,45595409.0230781,1,4,0.58
P1,P,7,-0.0025148341283382,-0.0003296465521382,-0.0028444806804765,20000000.0,1,4,0.58
P2,P,7,-0.0015105645750961,-0.0015084725439249,-0.0030190371190211,20000000.0,1,4,0.58
I1,I,7,,0.002537113274454,0.002537113274454,49358806.32057286,1,4,0.58
I2,I,7,,0.001268556637227,0.001268556637227,43538032.79719066,1,4,0.58
I3,I,7,,0.0022199741151472,0.0022199741151472,45877484.40312523,1,4,0.58
P1,P,8,-0.0021872194326404,-0.0007986388043729,-0.0029858582370133,20000000.0,1,4,0.58
P2,P,8,-0.0013032897209519,-0.0020186324398974,-0.0033219221608494,20000000.0,1,4,0.58
I1,I,8,,0.002537113274454,0.002537113274454,48795920.87513136,1,4,0.58
I2,I,8,,0.001268556637227,0.001268556637227,42950209.27466136,1,4,0.58
I3,I,8,,0.0022199741151472,0.0022199741151472,45283132.39210802,1,4,0.58
P1,P,9,-0.0018576208757224,-0.0012014276331786,-0.0030590485089011,20000000.0,1,4,0.58
P2,P,9,-0.0011161041915035,-0.0023370573900105,-0.0034531615815141,20000000.0,1,4,0.58
I1,I,9,,0.002537113274454,0.002537113274454,47707087.43993967,1,4,0.58
I2,I,9,,0.001268556637227,0.001268556637227,41877060.752410345,1,4,0.58
I3,I,9,,0.0022199741151472,0.0022199741151472,44193656.527346,1,4,0.58
P1,P,10,-0.0015885928891446,-0.0014775252213938,-0.0030661181105384,20000000.0,1,4,0.58
P2,P,10,-0.0009570160914291,-0.0025205234295298,-0.0034775395209589,20000000.0,1,4,0.58
I1,I,10,,0.002537113274454,0.002537113274454,46445729.79297008,1,4,0.58
I2,I,10,,0.001268556637227,0.001268556637227,40650692.91598747,1,4,0.58
I3,I,10,,0.0022199741151472,0.0022199741151472,42944899.54319949,1,4,0.58
P1,P,11,-0.0013751603340025,-0.0016646298337258,-0.0030397901677284,20000000.0,1,4,0.58
P2,P,11,-0.0008270250795488,-0.0026241547431247,-0.0034511798226736,20000000.0,1,4,0.58
I1,I,11,,0.002537113274454,0.002537113274454,45223378.78042966,1,4,0.58
I2,I,11,,0.001268556637227,0.001268556637227,39469915.63908552,1,4,0.58
I3,I,11,,0.0022199741151472,0.0022199741151472,41740294.987111375,1,4,0.58
P1,P,12,-0.0012038822445868,-0.0018031642439402,-0.003007046488527,20000000.0,1,4,0.58
P2,P,12,-0.0007223272147298,-0.0026851733877436,-0.0034075006024735,20000000.0,1,4,0.58
I1,I,12,,0.002537113274454,0.002537113274454,44125953.035905726,1,4,0.58
I2,I,12,,0.001268556637227,0.001268556637227,38414770.41464195,1,4,0.58
I3,I,12,,0.0022199741151472,0.0022199741151472,40662189.17927417,1,4,0.58
P1,P,13,-0.0010647193817202,-0.001915381664165,-0.0029801010458852,20000000.0,1,4,0.58
P2,P,13,-0.0006379462908372,-0.0027234680419311,-0.0033614143327684,20000000.0,1,4,0.58
I1,I,13,,0.002537113274454,0.002537113274454,43170232.96876249,1,4,0.58
I2,I,13,,0.001268556637227,0.001268556637227,37499821.60425436,1,4,0.58
I3,I,13,,0.0022199741151472,0.0022199741151472,39725884.82944264,1,4,0.58
P1,P,14,-0.0009504472188981,-0.0020115228840928,-0.002961970102991,20000000.0,1,4,0.58
P2,P,14,-0.0005694022997659,-0.002749125979406,-0.0033185282791719,20000000.0,1,4,0.58
I1,I,14,,0.002537113274454,0.002537113274454,42344144.88415355,1,4,0.58
I2,I,14,,0.001268556637227,0.001268556637227,36712172.236664094,1,4,0.58
I3,I,14,,0.0022199741151472,0.0022199741151472,38918652.31214233,1,4,0.58
P1,P,15,-0.0008556823649479,-0.0020960408052666,-0.0029517231702145,20000000.0,1,4,0.58
P2,P,15,-0.000513034967491,-0.0027671498853777,-0.0032801848528688,20000000.0,1,4,0.58
I1,I,15,,0.002537113274454,0.002537113274454,41628154.19165628,1,4,0.58
I2,I,15,,0.001268556637227,0.001268556637227,36032080.9857051,1,4,0.58
I3,I,15,,0.0022199741151472,0.0022199741151472,38220683.513179824,1,4,0.58
P1,P,16,-0.0007763746208999,-0.0021709282491895,-0.0029473028700894,20000000.0,1,4,0.58
P2,P,16,-0.0004660565157502,-0.0027802473418804,-0.0032463038576306,20000000.0,1,4,0.58
I1,I,16,,0.002537113274454,0.002537113274454,41003750.74258709,1,4,0.58
I2,I,16,,0.001268556637227,0.001268556637227,35441041.12680538,1,4,0.58
I3,I,16,,0.0022199741151472,0.0022199741151472,37613353.68243992,1,4,0.58
P1,P,17,-0.0007093712482473,-0.0022375189811367,-0.002946890229384,20000000.0,1,4,0.58
P2,P,17,-0.0004264163051166,-0.0027900052930382,-0.0032164215981549,20000000.0,1,4,0.58
I1,I,17,,0.002537113274454,0.002537113274454,40455403.24553491,1,4,0.58
I2,I,17,,0.001268556637227,0.001268556637227,34923628.950959586,1,4,0.58
I3,I,17,,0.0022199741151472,0.0022199741151472,37081103.27141393,1,4,0.58
P1,P,18,-0.0006521918237582,-0.0022969148455623,-0.0029491066693205,20000000.0,1,4,0.58
P2,P,18,-0.0003926140025072,-0.002797376143694,-0.0031899901462013,20000000.0,1,4,0.58
I1,I,18,,0.002537113274454,0.002537113274454,39970707.28543142,1,4,0.58
I2,I,18,,0.001268556637227,0.001268556637227,34467608.26193282,1,4,0.58
I3,I,18,,0.0022199741151472,0.0022199741151472,36611550.7561936,1,4,0.58
P1,P,19,-0.0006029419466715,-0.0023500014587579,-0.0029529434054294,20000000.0,1,4,0.58
P2,P,19,-0.0003635367015218,-0.0028030254194934,-0.0031665621210152,20000000.0,1,4,0.58
I1,I,19,,0.002537113274454,0.002537113274454,39539836.41483828,1,4,0.58
I2,I,19,,0.001268556637227,0.001268556637227,34063342.56560009,1,4,0.58
I3,I,19,,0.0022199741151472,0.0022199741151472,36194921.472867526,1,4,0.58
P1,P,20,-0.0005601335127843,-0.0023976390926666,-0.0029577726054509,20000000.0,1,4,0.58
P2,P,20,-0.0003383075144101,-0.0028074805168602,-0.0031457880312704,20000000.0,1,4,0.58
I1,I,20,,0.002537113274454,0.002537113274454,39154682.40825839,1,4,0.58
I2,I,20,,0.001268556637227,0.001268556637227,33702914.18624723,1,4,0.58
I3,I,20,,0.0022199741151472,0.0022199741151472,35823167.81624291,1,4,0.58
P1,P,21,-0.000522600243052,-0.0024405499812237,-0.0029631502242757,20000000.0,1,4,0.58
P2,P,21,-0.0003162217230468,-0.002811156170002,-0.0031273778930489,20000000.0,1,4,0.58
I1,I,21,,0.002537113274454,0.002537113274454,38808480.815433145,1,4,0.58
I2,I,21,,0.001268556637227,0.001268556637227,33379723.59110405,1,4,0.58
I3,I,21,,0.0022199741151472,0.0022199741151472,35489581.257646576,1,4,0.58
P1,P,22,-0.0004893897874555,-0.0024793674521903,-0.0029687572396458,20000000.0,1,4,0.58
P2,P,22,-0.0002967048390775,-0.0028143870841735,-0.003111091923251,20000000.0,1,4,0.58
I1,I,22,,0.002537113274454,0.002537113274454,38495497.80896325,1,4,0.58
I2,I,22,,0.001268556637227,0.001268556637227,33088183.345908187,1,4,0.58
I3,I,22,,0.0022199741151472,0.0022199741151472,35188479.092964254,1,4,0.58
P1,P,23,-0.0004597286721089,-0.0025146711785856,-0.0029743998506946,20000000.0,1,4,0.58
P2,P,23,-0.0002793076615358,-0.0028173426312736,-0.0030966502928094,20000000.0,1,4,0.58
I1,I,23,,0.002537113274454,0.002537113274454,38210980.42036293,1,4,0.58
I2,I,23,,0.001268556637227,0.001268556637227,32823679.243962407,1,4,0.58
I3,I,23,,0.0022199741151472,0.0022199741151472,34915158.55236639,1,4,0.58
P1,P,24,-0.0004330023216828,-0.0025470568727967,-0.0029800591944796,20000000.0,1,4,0.58
P2,P,24,-0.0002636865993014,-0.0028200274879946,-0.0030837140872961,20000000.0,1,4,0.58
I1,I,24,,0.002537113274454,0.002537113274454,37950917.28299597,1,4,0.58
I2,I,24,,0.001268556637227,0.001268556637227,32582354.887186736,1,4,0.58
I3,I,24,,0.0022199741151472,0.0022199741151472,34665666.207301386,1,4,0.58
P1,P,25,-0.0004087517256342,-0.0025769358945172,-0.0029856876201515,20000000.0,1,4,0.58
P2,P,25,-0.0002495832143219,-0.0028224104366819,-0.0030719936510038,20000000.0,1,4,0.58
I1,I,25,,0.002537113274454,0.002537113274454,37712126.10065242,1,4,0.58
I2,I,25,,0.001268556637227,0.001268556637227,32361167.14843421,1,4,0.58
I3,I,25,,0.0022199741151472,0.0022199741151472,34436875.47962499,1,4,0.58
P1,P,26,-0.0003866236191856,-0.0026046436116009,-0.0029912672307865,20000000.0,1,4,0.58
P2,P,26,-0.0002367978289849,-0.0028244634872649,-0.0030612613162498,20000000.0,1,4,0.58
I1,I,26,,0.002537113274454,0.002537113274454,37492046.60075073,1,4,0.58
I2,I,26,,0.001268556637227,0.001268556637227,32157676.91706382,1,4,0.58
I3,I,26,,0.0022199741151472,0.0022199741151472,34226276.29132792,1,4,0.58
P1,P,27,-0.0003663554876755,-0.0026303858813245,-0.0029967413690001,20000000.0,1,4,0.58
P2,P,27,-0.0002251666345543,-0.0028262087934866,-0.0030513754280409,20000000.0,1,4,0.58
I1,I,27,,0.002537113274454,0.002537113274454,37288648.744856745,1,4,0.58
I2,I,27,,0.001268556637227,0.001268556637227,31969950.44895644,1,4,0.58
I3,I,27,,0.0022199741151472,0.0022199741151472,34031881.2899515,1,4,0.58
P1,P,28,-0.0003477375017778,-0.0026543198804198,-0.0030020573821976,20000000.0,1,4,0.58
P2,P,28,-0.0002145446114606,-0.002827721737404,-0.0030422663488647,20000000.0,1,4,0.58
I1,I,28,,0.002537113274454,0.002537113274454,37100201.53432802,1,4,0.58
I2,I,28,,0.001268556637227,0.001268556637227,31796328.739958134,1,4,0.58
I3,I,28,,0.0022199741151472,0.0022199741151472,33851992.62240581,1,4,0.58
P1,P,29,-0.0003305760875973,-0.002676597555934,-0.0030071736435313,20000000.0,1,4,0.58
P2,P,29,-0.0002048042790895,-0.0028290773805033,-0.0030338816595929,20000000.0,1,4,0.58
I1,I,29,,0.002537113274454,0.002537113274454,36925203.50807993,1,4,0.58
I2,I,29,,0.001268556637227,0.001268556637227,31635367.93744925,1,4,0.58
I3,I,29,,0.0022199741151472,0.0022199741151472,33685135.901708245,1,4,0.58
P1,P,0,-0.0015720811192072,0.0,-0.0015720811192072,20000000.0,1,22,0.58
P2,P,0,-0.0020456794391153,0.0,-0.0020456794391153,20000000.0,1,22,0.58
I1,I,0,,0.0025489634769492,0.0025489634769492,40737336.52418451,1,22,0.58
I2,I,0,,0.0012744817384746,0.0012744817384746,36907864.37489945,1,22,0.58
I3,I,0,,,,,0,22,0.58
P1,P,1,-0.00146555334581,0.0,-0.00146555334581,20000000.0,1,22,0.58
P2,P,1,-0.0018583404707165,0.0,-0.0018583404707165,20000000.0,1,22,0.58
I1,I,1,,0.0025489634769492,0.0025489634769492,40716517.12553339,1,22,0.58
I2,I,1,,0.0012744817384746,0.0012744817384746,36871514.56920603,1,22,0.58
I3,I,1,,,,,0,22,0.58
P1,P,2,-0.0014583675412984,0.0,-0.0014583675412984,20000000.0,1,22,0.58
P2,P,2,-0.0018243794368514,0.0,-0.0018243794368514,20000000.0,1,22,0.58
I1,I,2,,0.0025489634769492,0.0025489634769492,41030170.78274961,1,22,0.58
I2,I,2,,0.0012744817384746,0.0012744817384746,37076582.07435061,1,22,0.58
I3,I,2,,,,,0,22,0.58
P1,P,3,-0.001476728960565,0.0,-0.001476728960565,20000000.0,1,22,0.58
P2,P,3,-0.0018347765388313,0.0,-0.0018347765388313,20000000.0,1,22,0.58
I1,I,3,,0.0025489634769492,0.0025489634769492,41260040.48518012,1,22,0.58
I2,I,3,,0.0012744817384746,0.0012744817384746,37234205.105875626,1,22,0.58
I3,I,3,,,,,0,22,0.58
P1,P,4,-0.0015025938892568,0.0,-0.0015025938892568,20000000.0,1,22,0.58
P2,P,4,-0.001861275218708,0.0,-0.001861275218708,20000000.0,1,22,0.58
I1,I,4,,0.0025489634769492,0.0025489634769492,41421588.45163897,1,22,0.58
I2,I,4,,0.0012744817384746,0.0012744817384746,37352270.47434701,1,22,0.58
I3,I,4,,,,,0,22,0.58
P1,P,5,-0.0016079543191365,0.0,-0.0016079543191365,20000000.0,1,22,0.58
P2,P,5,-0.001851368793364,-6.10967014569028e-05,-0.0019124654948209,20000000.0,1,22,0.58
I1,I,5,,0.0025489634769492,0.0025489634769492,41932557.776783936,1,22,0.58
I2,I,5,,0.0012744817384746,0.0012744817384746,37801803.51783549,1,22,0.58
I3,I,5,,,,,0,22,0.58
P1,P,6,-0.0016739275790878,0.0,-0.0016739275790878,20000000.0,1,22,0.58
P2,P,6,-0.0016155276118252,-0.0004179284925297,-0.002033456104355,20000000.0,1,22,0.58
I1,I,6,,0.0025489634769492,0.0025489634769492,41986993.93126722,1,22,0.58
I2,I,6,,0.0012744817384746,0.0012744817384746,37804205.47587562,1,22,0.58
I3,I,6,,,,,0,22,0.58
P1,P,7,-0.0016754371567521,-1.2633958804920996e-06,-0.0016767005526326,20000000.0,1,22,0.58
P2,P,7,-0.0013782825845674,-0.0008474879620148,-0.0022257705465822,20000000.0,1,22,0.58
I1,I,7,,0.0025489634769492,0.0025489634769492,41652224.503954,1,22,0.58
I2,I,7,,0.0012744817384746,0.0012744817384746,37423714.67360024,1,22,0.58
I3,I,7,,,,,0,22,0.58
P1,P,8,-0.0015710025417724,-6.12122374749467e-05,-0.0016322147792474,20000000.0,1,22,0.58
P2,P,8,-0.0011943874106479,-0.0011710413081304,-0.0023654287187783,20000000.0,1,22,0.58
I1,I,8,,0.0025489634769492,0.0025489634769492,41100964.29063333,1,22,0.58
I2,I,8,,0.0012744817384746,0.0012744817384746,36853888.86376619,1,22,0.58
I3,I,8,,,,,0,22,0.58
P1,P,9,-0.0014275124985587,-0.0002073366902852,-0.0016348491888439,20000000.0,1,22,0.58
P2,P,9,-0.0010445603323037,-0.0013919675362978,-0.0024365278686016,20000000.0,1,22,0.58
I1,I,9,,0.0025489634769492,0.0025489634769492,40394065.92975305,1,22,0.58
I2,I,9,,0.0012744817384746,0.0012744817384746,36158396.20034282,1,22,0.58
I3,I,9,,,,,0,22,0.58
P1,P,10,-0.0012888413800653,-0.0003544005496566,-0.001643241929722,20000000.0,1,22,0.58
P2,P,10,-0.0009167025221716,-0.0015393321344968,-0.0024560346566684,20000000.0,1,22,0.58
I1,I,10,,0.0025489634769492,0.0025489634769492,39615323.193316855,1,22,0.58
I2,I,10,,0.0012744817384746,0.0012744817384746,35407850.41321927,1,22,0.58
I3,I,10,,,,,0,22,0.58
P1,P,11,-0.0011506986478082,-0.0004725246020882,-0.0016232232498965,20000000.0,1,22,0.58
P2,P,11,-0.0008092101763628,-0.0016418915773712,-0.002451101753734,20000000.0,1,22,0.58
I1,I,11,,0.0025489634769492,0.0025489634769492,38868972.47921042,1,22,0.58
I2,I,11,,0.0012744817384746,0.0012744817384746,34693446.58185405,1,22,0.58
I3,I,11,,,,,0,22,0.58
P1,P,12,-0.001024447713092,-0.0005733739451593,-0.0015978216582513,20000000.0,1,22,0.58
P2,P,12,-0.0007202975246407,-0.0017172113435118,-0.0024375088681526,20000000.0,1,22,0.58
I1,I,12,,0.0025489634769492,0.0025489634769492,38195557.66651439,1,22,0.58
I2,I,12,,0.0012744817384746,0.0012744817384746,34052001.553555995,1,22,0.58
I3,I,12,,,,,0,22,0.58
P1,P,13,-0.0009207300107354,-0.0006577658989191,-0.0015784959096545,20000000.0,1,22,0.58
P2,P,13,-0.0006467880305259,-0.0017741588382287,-0.0024209468687547,20000000.0,1,22,0.58
I1,I,13,,0.0025489634769492,0.0025489634769492,37596342.300911486,1,22,0.58
I2,I,13,,0.0012744817384746,0.0012744817384746,33484371.159519847,1,22,0.58
I3,I,13,,,,,0,22,0.58
P1,P,14,-0.0008365678546255,-0.0007265158055868,-0.0015630836602124,20000000.0,1,22,0.58
P2,P,14,-0.0005856663597888,-0.0018185500964914,-0.0024042164562803,20000000.0,1,22,0.58
I1,I,14,,0.0025489634769492,0.0025489634769492,37066885.24866162,1,22,0.58
I2,I,14,,0.0012744817384746,0.0012744817384746,32985549.30022436,1,22,0.58
I3,I,14,,,,,0,22,0.58
P1,P,15,-0.0007665000584458,-0.0007838269086375,-0.0015503269670834,20000000.0,1,22,0.58
P2,P,15,-0.0005345019099318,-0.0018546557250174,-0.0023891576349492,20000000.0,1,22,0.58
I1,I,15,,0.0025489634769492,0.0025489634769492,36600620.25215713,1,22,0.58
I2,I,15,,0.0012744817384746,0.0012744817384746,32548453.042005945,1,22,0.58
I3,I,15,,,,,0,22,0.58
P1,P,16,-0.0007068276998151,-0.0008339715610973,-0.0015407992609124,20000000.0,1,22,0.58
P2,P,16,-0.0004912841681287,-0.0018847235555258,-0.0023760077236545,20000000.0,1,22,0.58
I1,I,16,,0.0025489634769492,0.0025489634769492,36188399.459844194,1,22,0.58
I2,I,16,,0.0012744817384746,0.0012744817384746,32163889.66381462,1,22,0.58
I3,I,16,,,,,0,22,0.58
P1,P,17,-0.0006551073383183,-0.0008797952384302,-0.0015349025767486,20000000.0,1,22,0.58
P2,P,17,-0.0004543486772149,-0.001909860857701,-0.0023642095349159,20000000.0,1,22,0.58
I1,I,17,,0.0025489634769492,0.0025489634769492,35820323.57354137,1,22,0.58
I2,I,17,,0.0012744817384746,0.0012744817384746,31822137.398384158,1,22,0.58
I3,I,17,,,,,0,22,0.58
P1,P,18,-0.0006095964110021,-0.0009225107118915,-0.0015321071228936,20000000.0,1,22,0.58
P2,P,18,-0.0004224172988482,-0.001930741474674,-0.0023531587735222,20000000.0,1,22,0.58
I1,I,18,,0.0025489634769492,0.0025489634769492,35488347.07790531,1,22,0.58
I2,I,18,,0.0012744817384746,0.0012744817384746,31515288.7794228,1,22,0.58
I3,I,18,,,,,0,22,0.58
P1,P,19,-0.0005692022119588,-0.0009625264248228,-0.0015317286367816,20000000.0,1,22,0.58
P2,P,19,-0.0003945491064904,-0.0019478862738136,-0.0023424353803041,20000000.0,1,22,0.58
I1,I,19,,0.0025489634769492,0.0025489634769492,35186729.72037882,1,22,0.58
I2,I,19,,0.0012744817384746,0.0012744817384746,31237660.3234122,1,22,0.58
I3,I,19,,,,,0,22,0.58
P1,P,20,-0.0005332453227406,-0.0009999133627922,-0.0015331586855328,20000000.0,1,22,0.58
P2,P,20,-0.0003700304934096,-0.0019617857018326,-0.0023318161952422,20000000.0,1,22,0.58
I1,I,20,,0.0025489634769492,0.0025489634769492,34911512.89908688,1,22,0.58
I2,I,20,,0.0012744817384746,0.0012744817384746,30985319.989569627,1,22,0.58
I3,I,20,,,,,0,22,0.58
P1,P,21,-0.0005012695073359,-0.001034802302167,-0.0015360718095029,20000000.0,1,22,0.58
P2,P,21,-0.0003482928300314,-0.001973000285079,-0.0023212931151105,20000000.0,1,22,0.58
I1,I,21,,0.0025489634769492,0.0025489634769492,34659283.66495,1,22,0.58
I2,I,21,,0.0012744817384746,0.0012744817384746,30754876.249846943,1,22,0.58
I3,I,21,,,,,0,22,0.58
P1,P,22,-0.0004727520644193,-0.0010672355470435,-0.0015399876114628,20000000.0,1,22,0.58
P2,P,22,-0.0003288842772242,-0.0019820755220952,-0.0023109597993194,20000000.0,1,22,0.58
I1,I,22,,0.0025489634769492,0.0025489634769492,34427384.35641912,1,22,0.58
I2,I,22,,0.0012744817384746,0.0012744817384746,30543672.9097296,1,22,0.58
I3,I,22,,,,,0,22,0.58
P1,P,23,-0.0005865465078366,-0.0015513175304963,-0.002137864038333,20000000.0,1,22,0.58
P2,P,23,-0.0004048892183132,-0.0028424989783745,-0.0032473881966877,20000000.0,1,22,0.58
I1,I,23,,0.0025489634769492,0.0025489634769492,37556123.55521701,1,22,0.58
I2,I,23,,0.0012744817384746,0.0012744817384746,33497440.525798693,1,22,0.58
I3,I,23,,0.0022303430423305,0.0022303430423305,35309559.81193333,1,22,0.58
P1,P,24,-0.0005938132409757,-0.0017634540392135,-0.0023572672801892,20000000.0,1,22,0.58
P2,P,24,-0.0004067916076881,-0.0031343462493073,-0.0035411378569955,20000000.0,1,22,0.58
I1,I,24,,0.0025489634769492,0.0025489634769492,38028813.543670125,1,22,0.58
I2,I,24,,0.0012744817384746,0.0012744817384746,33929045.28562803,1,22,0.58
I3,I,24,,0.0022303430423305,0.0022303430423305,35604428.39986476,1,22,0.58
P1,P,25,-0.0005650214754917,-0.0018591260472596,-0.0024241475227514,20000000.0,1,22,0.58
P2,P,25,-0.0003876470443119,-0.0032352803707233,-0.0036229274150353,20000000.0,1,22,0.58
I1,I,25,,0.0025489634769492,0.0025489634769492,37948459.58969861,1,22,0.58
I2,I,25,,0.0012744817384746,0.0012744817384746,33855611.01390805,1,22,0.58
I3,I,25,,0.0022303430423305,0.0022303430423305,35472000.04671937,1,22,0.58
P1,P,26,-0.0005289173327516,-0.0019164537414674,-0.0024453710742191,20000000.0,1,22,0.58
P2,P,26,-0.0003645802799309,-0.003274757810807,-0.003639338090738,20000000.0,1,22,0.58
I1,I,26,,0.0025489634769492,0.0025489634769492,37727953.22621972,1,22,0.58
I2,I,26,,0.0012744817384746,0.0012744817384746,33652810.353497155,1,22,0.58
I3,I,26,,0.0022303430423305,0.0022303430423305,35230964.36633489,1,22,0.58
P1,P,27,-0.0004940358869591,-0.0019604304184987,-0.0024544663054579,20000000.0,1,22,0.58
P2,P,27,-0.0003424150372912,-0.0032936484773815,-0.0036360635146727,20000000.0,1,22,0.58
I1,I,27,,0.0025489634769492,0.0025489634769492,37482146.44194411,1,22,0.58
I2,I,27,,0.0012744817384746,0.0012744817384746,33426823.32399173,1,22,0.58
I3,I,27,,0.0022303430423305,0.0022303430423305,34976983.98707911,1,22,0.58
P1,P,28,-0.0004624346266729,-0.001998533585179,-0.002460968211852,20000000.0,1,22,0.58
P2,P,28,-0.0003221942472506,-0.0033048183829164,-0.0036270126301671,20000000.0,1,22,0.58
I1,I,28,,0.0025489634769492,0.0025489634769492,37242730.190684125,1,22,0.58
I2,I,28,,0.0012744817384746,0.0012744817384746,33206968.510792,1,22,0.58
I3,I,28,,0.0022303430423305,0.0022303430423305,34735132.8548174,1,22,0.58
P1,P,29,-0.0004342911149707,-0.0020329534497847,-0.0024672445647554,20000000.0,1,22,0.58
P2,P,29,-0.0003039346397745,-0.0033124816523801,-0.0036164162921547,20000000.0,1,22,0.58
I1,I,29,,0.0025489634769492,0.0025489634769492,37017355.4297192,1,22,0.58
I2,I,29,,0.0012744817384746,0.0012744817384746,33000264.739270262,1,22,0.58
I3,I,29,,0.0022303430423305,0.0022303430423305,34510314.17843414,1,22,0.58
P1,P,0,-0.001502931961175,0.0,-0.001502931961175,20000000.0,1,13,0.58
P2,P,0,-0.0020023545526546,0.0,-0.0020023545526546,20000000.0,1,13,0.58
I1,I,0,,0.0025485462358361,0.0025485462358361,40240226.46979291,1,13,0.58
I2,I,0,,0.001274273117918,0.001274273117918,36032302.539238185,1,13,0.58
I3,I,0,,,,,0,13,0.58
P1,P,1,-0.0014027404331138,0.0,-0.0014027404331138,20000000.0,1,13,0.58
P2,P,1,-0.0018277202780569,0.0,-0.0018277202780569,20000000.0,1,13,0.58
I1,I,1,,0.0025485462358361,0.0025485462358361,40307697.48178841,1,13,0.58
I2,I,1,,0.001274273117918,0.001274273117918,36138522.32116129,1,13,0.58
I3,I,1,,,,,0,13,0.58
P1,P,2,-0.0013991812202747,0.0,-0.0013991812202747,20000000.0,1,13,0.58
P2,P,2,-0.0018021138295349,0.0,-0.0018021138295349,20000000.0,1,13,0.58
I1,I,2,,0.0025485462358361,0.0025485462358361,40666139.16845726,1,13,0.58
I2,I,2,,0.001274273117918,0.001274273117918,36395292.473084494,1,13,0.58
I3,I,2,,,,,0,13,0.58
P1,P,3,-0.0014199533703172,0.0,-0.0014199533703172,20000000.0,1,13,0.58
P2,P,3,-0.0018185740910757,0.0,-0.0018185740910757,20000000.0,1,13,0.58
I1,I,3,,0.0025485462358361,0.0025485462358361,40933385.04431246,1,13,0.58
I2,I,3,,0.001274273117918,0.001274273117918,36589748.2157892,1,13,0.58
I3,I,3,,,,,0,13,0.58
P1,P,4,-0.0014477118809951,0.0,-0.0014477118809951,20000000.0,1,13,0.58
P2,P,4,-0.0018499033327026,0.0,-0.0018499033327026,20000000.0,1,13,0.58
I1,I,4,,0.0025485462358361,0.0025485462358361,41127424.82099264,1,13,0.58
I2,I,4,,0.001274273117918,0.001274273117918,36738321.9039717,1,13,0.58
I3,I,4,,,,,0,13,0.58
P1,P,5,-0.0015617140578939,0.0,-0.0015617140578939,20000000.0,1,13,0.58
P2,P,5,-0.0018368896491197,-6.938002549915212e-05,-0.0019062696746189,20000000.0,1,13,0.58
I1,I,5,,0.0025485462358361,0.0025485462358361,41755943.62059996,1,13,0.58
I2,I,5,,0.001274273117918,0.001274273117918,37299602.80302484,1,13,0.58
I3,I,5,,,,,0,13,0.58
P1,P,6,-0.001633973840445,0.0,-0.001633973840445,20000000.0,1,13,0.58
P2,P,6,-0.0015944867793821,-0.0004554604247962,-0.0020499472041783,20000000.0,1,13,0.58
I1,I,6,,0.0025485462358361,0.0025485462358361,41876192.82809868,1,13,0.58
I2,I,6,,0.001274273117918,0.001274273117918,37358546.08104348,1,13,0.58
I3,I,6,,,,,0,13,0.58
P1,P,7,-0.0016447005370732,-8.87953707379854e-07,-0.0016455884907806,20000000.0,1,13,0.58
P2,P,7,-0.0013547362668291,-0.0008988297103033,-0.0022535659771324,20000000.0,1,13,0.58
I1,I,7,,0.0025485462358361,0.0025485462358361,41568363.71906318,1,13,0.58
I2,I,7,,0.001274273117918,0.001274273117918,37002080.01359473,1,13,0.58
I3,I,7,,,,,0,13,0.58
P1,P,8,-0.0015545264994916,-6.396646111670897e-05,-0.0016184929606083,20000000.0,1,13,0.58
P2,P,8,-0.0011693686331407,-0.0012273293002777,-0.0023966979334184,20000000.0,1,13,0.58
I1,I,8,,0.0025485462358361,0.0025485462358361,40999707.09206741,1,13,0.58
I2,I,8,,0.001274273117918,0.001274273117918,36418473.83887954,1,13,0.58
I3,I,8,,,,,0,13,0.58
P1,P,9,-0.0014215545698596,-0.0002028903021689,-0.0016244448720286,20000000.0,1,13,0.58
P2,P,9,-0.0010217187964843,-0.0014442592062136,-0.002465978002698,20000000.0,1,13,0.58
I1,I,9,,0.0025485462358361,0.0025485462358361,40268116.83192733,1,13,0.58
I2,I,9,,0.001274273117918,0.001274273117918,35702662.80249941,1,13,0.58
I3,I,9,,,,,0,13,0.58
P1,P,10,-0.0012811755087175,-0.0003254015506742,-0.0016065770593917,20000000.0,1,13,0.58
P2,P,10,-0.0009008505295365,-0.0015879025753459,-0.0024887531048824,20000000.0,1,13,0.58
I1,I,10,,0.0025485462358361,0.0025485462358361,39508270.19826715,1,13,0.58
I2,I,10,,0.001274273117918,0.001274273117918,34970707.14940921,1,13,0.58
I3,I,10,,,,,0,13,0.58
P1,P,11,-0.0011421524440271,-0.0004361839701018,-0.0015783364141289,20000000.0,1,13,0.58
P2,P,11,-0.0008011898878486,-0.0016877990390418,-0.0024889889268905,20000000.0,1,13,0.58
I1,I,11,,0.0025485462358361,0.0025485462358361,38792623.487144604,1,13,0.58
I2,I,11,,0.001274273117918,0.001274273117918,34286452.89775098,1,13,0.58
I3,I,11,,,,,0,13,0.58
P1,P,12,-0.0010157987980037,-0.00053792360599,-0.0015537224039938,20000000.0,1,13,0.58
P2,P,12,-0.000718647493849,-0.0017604877954442,-0.0024791352892933,20000000.0,1,13,0.58
I1,I,12,,0.0025485462358361,0.0025485462358361,38141746.59834476,1,13,0.58
I2,I,12,,0.001274273117918,0.001274273117918,33668181.51944137,1,13,0.58
I3,I,12,,,,,0,13,0.58
P1,P,13,-0.0009115960469154,-0.0006204348851353,-0.0015320309320508,20000000.0,1,13,0.58
P2,P,13,-0.00065004677677,-0.0018159035669636,-0.0024659503437337,20000000.0,1,13,0.58
I1,I,13,,0.0025485462358361,0.0025485462358361,37561546.86271836,1,13,0.58
I2,I,13,,0.001274273117918,0.001274273117918,33120168.49364581,1,13,0.58
I3,I,13,,,,,0,13,0.58
P1,P,14,-0.0010130301965362,-0.0009455497375564,-0.0019585799340927,20000000.0,1,13,0.58
P2,P,14,-0.000715100452613,-0.0025711159115311,-0.0032862163641441,20000000.0,1,13,0.58
I1,I,14,,0.0025485462358361,0.0025485462358361,40714203.63448061,1,13,0.58
I2,I,14,,0.001274273117918,0.001274273117918,36105098.83420948,1,13,0.58
I3,I,14,,0.0022299779563566,0.0022299779563566,39624026.00384843,1,13,0.58
P1,P,15,-0.001001300687903,-0.0011804932052452,-0.0021817938931483,20000000.0,1,13,0.58
P2,P,15,-0.0007055051360686,-0.0029545225685596,-0.0036600277046283,20000000.0,1,13,0.58
I1,I,15,,0.0025485462358361,0.0025485462358361,41302854.30310906,1,13,0.58
I2,I,15,,0.001274273117918,0.001274273117918,36625620.45292421,1,13,0.58
I3,I,15,,0.0022299779563566,0.0022299779563566,39977214.72950895,1,13,0.58
P1,P,16,-0.0009384027583395,-0.0013275075174346,-0.0022659102757742,20000000.0,1,13,0.58
P2,P,16,-0.0006662296417665,-0.0031478523085236,-0.0038140819502902,20000000.0,1,13,0.58
I1,I,16,,0.0025485462358361,0.0025485462358361,41184046.89657906,1,13,0.58
I2,I,16,,0.001274273117918,0.001274273117918,36505362.17280632,1,13,0.58
I3,I,16,,0.0022299779563566,0.0022299779563566,39792511.222735226,1,13,0.58
P1,P,17,-0.0008619495336738,-0.0014330883871657,-0.0022950379208395,20000000.0,1,13,0.58
P2,P,17,-0.0006186674356204,-0.0032492497095148,-0.0038679171451353,20000000.0,1,13,0.58
I1,I,17,,0.0025485462358361,0.0025485462358361,40808666.16018845,1,13,0.58
I2,I,17,,0.001274273117918,0.001274273117918,36151488.00378445,1,13,0.58
I3,I,17,,0.0022299779563566,0.0022299779563566,39395986.87096698,1,13,0.58
P1,P,18,-0.0007859940389049,-0.0015222288917024,-0.0023082229306073,20000000.0,1,13,0.58
P2,P,18,-0.0005715347105052,-0.0033043880739188,-0.0038759227844241,20000000.0,1,13,0.58
I1,I,18,,0.0025485462358361,0.0025485462358361,40348249.46189242,1,13,0.58
I2,I,18,,0.001274273117918,0.001274273117918,35721898.326284304,1,13,0.58
I3,I,18,,0.0022299779563566,0.0022299779563566,38932256.13221123,1,13,0.58
P1,P,19,-0.0007161023729909,-0.0016023442531667,-0.0023184466261576,20000000.0,1,13,0.58
P2,P,19,-0.0005279120354041,-0.0033349414531043,-0.0038628534885085,20000000.0,1,13,0.58
I1,I,19,,0.0025485462358361,0.0025485462358361,39874821.405822046,1,13,0.58
I2,I,19,,0.001274273117918,0.001274273117918,35282623.71848687,1,13,0.58
I3,I,19,,0.0022299779563566,0.0022299779563566,38463640.9273683,1,13,0.58
P1,P,20,-0.0006542797118566,-0.0016748582747825,-0.0023291379866391,20000000.0,1,13,0.58
P2,P,20,-0.0004887378487994,-0.0033518009545536,-0.003840538803353,20000000.0,1,13,0.58
I1,I,20,,0.0025485462358361,0.0025485462358361,39418966.98115692,1,13,0.58
I2,I,20,,0.001274273117918,0.001274273117918,34861289.94717784,1,13,0.58
I3,I,20,,0.0022299779563566,0.0022299779563566,38016458.39868002,1,13,0.58
P1,P,21,-0.0006005712956313,-0.0017399725856844,-0.0023405438813157,20000000.0,1,13,0.58
P2,P,21,-0.0004539746095919,-0.0033610139905625,-0.0038149886001544,20000000.0,1,13,0.58
I1,I,21,,0.0025485462358361,0.0025485462358361,38993085.91531326,1,13,0.58
I2,I,21,,0.001274273117918,0.001274273117918,34468794.35214006,1,13,0.58
I3,I,21,,0.0022299779563566,0.0022299779563566,37601001.91759957,1,13,0.58
P1,P,22,-0.0005541435888477,-0.0017980663864617,-0.0023522099753094,20000000.0,1,13,0.58
P2,P,22,-0.0004231577138003,-0.0033661691462817,-0.003789326860082,20000000.0,1,13,0.58
I1,I,22,,0.0025485462358361,0.0025485462358361,38600924.845512696,1,13,0.58
I2,I,22,,0.001274273117918,0.001274273117918,34108175.85408943,1,13,0.58
I3,I,22,,0.0022299779563566,0.0022299779563566,37219924.91333735,1,13,0.58
P1,P,23,-0.0005139464601424,-0.0018498657630884,-0.0023638122232308,20000000.0,1,13,0.58
P2,P,23,-0.0003957370653074,-0.003369315972194,-0.0037650530375015,20000000.0,1,13,0.58
I1,I,23,,0.0025485462358361,0.0025485462358361,38241735.3534725,1,13,0.58
I2,I,23,,0.001274273117918,0.001274273117918,33778439.53316564,1,13,0.58
I3,I,23,,0.0022299779563566,0.0022299779563566,36871906.65741094,1,13,0.58
P1,P,24,-0.000478965829014,-0.0018962580443834,-0.0023752238733975,20000000.0,1,13,0.58
P2,P,24,-0.0003712169988049,-0.0033713846707345,-0.0037426016695395,20000000.0,1,13,0.58
I1,I,24,,0.0025485462358361,0.0025485462358361,37912918.490722254,1,13,0.58
I2,I,24,,0.001274273117918,0.001274273117918,33477020.945037503,1,13,0.58
I3,I,24,,0.0022299779563566,0.0022299779563566,36554068.66788621,1,13,0.58
P1,P,25,-0.0004483127642182,-0.0019379965070075,-0.0023863092712257,20000000.0,1,13,0.58
P2,P,25,-0.0003491983008186,-0.0033727473390477,-0.0037219456398663,20000000.0,1,13,0.58
I1,I,25,,0.0025485462358361,0.0025485462358361,37611723.91554944,1,13,0.58
I2,I,25,,0.001274273117918,0.001274273117918,33201321.025286127,1,13,0.58
I3,I,25,,0.0022299779563566,0.0022299779563566,36263536.9513633,1,13,0.58
P1,P,26,-0.0004212598643576,-0.0019757510216293,-0.002397010885987,20000000.0,1,13,0.58
P2,P,26,-0.0003293722734309,-0.0033735870812044,-0.0037029593546353,20000000.0,1,13,0.58
I1,I,26,,0.0025485462358361,0.0025485462358361,37335535.61990804,1,13,0.58
I2,I,26,,0.001274273117918,0.001274273117918,32948896.9908383,1,13,0.58
I3,I,26,,0.0022299779563566,0.0022299779563566,35997637.84947148,1,13,0.58
P1,P,27,-0.0003972240580804,-0.0020100493577769,-0.0024072734158573,20000000.0,1,13,0.58
P2,P,27,-0.0003114904943936,-0.0033740325233317,-0.0036855230177253,20000000.0,1,13,0.58
I1,I,27,,0.0025485462358361,0.0025485462358361,37081974.64284736,1,13,0.58
I2,I,27,,0.001274273117918,0.001274273117918,32717521.320508786,1,13,0.58
I3,I,27,,0.0022299779563566,0.0022299779563566,35753963.72440151,1,13,0.58
P1,P,28,-0.0003757152728365,-0.0020414297817201,-0.0024171450545567,20000000.0,1,13,0.58
P2,P,28,-0.0002953095607933,-0.0033741761406798,-0.0036694857014732,20000000.0,1,13,0.58
I1,I,28,,0.0025485462358361,0.0025485462358361,36848669.84777327,1,13,0.58
I2,I,28,,0.001274273117918,0.001274273117918,32504979.782785837,1,13,0.58
I3,I,28,,0.0022299779563566,0.0022299779563566,35530141.181782104,1,13,0.58
P1,P,29,-0.0003563292867566,-0.0020703251500407,-0.0024266544367973,20000000.0,1,13,0.58
P2,P,29,-0.0002806113955267,-0.0033740870497129,-0.0036546984452397,20000000.0,1,13,0.58
I1,I,29,,0.0025485462358361,0.0025485462358361,36633398.94099415,1,13,0.58
I2,I,29,,0.001274273117918,0.001274273117918,32309190.09380757,1,13,0.58
I3,I,29,,0.0022299779563566,0.0022299779563566,35323956.05593622,1,13,0.58
P1,P,0,-0.0016295700630996,0.0,-0.0016295700630996,20000000.0,1,15,0.58
P2,P,0,-0.0018789112006896,0.0,-0.0018789112006896,20000000.0,1,15,0.58
I1,I,0,,0.0025446512317736,0.0025446512317736,39558476.66180045,1,15,0.58
I2,I,0,,0.0012723256158868,0.0012723256158868,36187947.3853632,1,15,0.58
I3,I,0,,,,,0,15,0.58
P1,P,1,-0.0015037297212479,0.0,-0.0015037297212479,20000000.0,1,15,0.58
P2,P,1,-0.0017376498209905,0.0,-0.0017376498209905,20000000.0,1,15,0.58
I1,I,1,,0.0025446512317736,0.0025446512317736,39752079.02448722,1,15,0.58
I2,I,1,,0.0012723256158868,0.0012723256158868,36270560.113399886,1,15,0.58
I3,I,1,,,,,0,15,0.58
P1,P,2,-0.0014938553095941,0.0,-0.0014938553095941,20000000.0,1,15,0.58
P2,P,2,-0.0017219530915438,0.0,-0.0017219530915438,20000000.0,1,15,0.58
I1,I,2,,0.0025446512317736,0.0025446512317736,40139187.52933325,1,15,0.58
I2,I,2,,0.0012723256158868,0.0012723256158868,36529639.37272766,1,15,0.58
I3,I,2,,,,,0,15,0.58
P1,P,3,-0.0015137680521883,0.0,-0.0015137680521883,20000000.0,1,15,0.58
P2,P,3,-0.0017402084668315,0.0,-0.0017402084668315,20000000.0,1,15,0.58
I1,I,3,,0.0025446512317736,0.0025446512317736,40412392.48868612,1,15,0.58
I2,I,3,,0.0012723256158868,0.0012723256158868,36724475.89073299,1,15,0.58
I3,I,3,,,,,0,15,0.58
P1,P,4,-0.001542344972047,0.0,-0.001542344972047,20000000.0,1,15,0.58
P2,P,4,-0.0017702247289577,0.0,-0.0017702247289577,20000000.0,1,15,0.58
I1,I,4,,0.0025446512317736,0.0025446512317736,40605982.65977564,1,15,0.58
I2,I,4,,0.0012723256158868,0.0012723256158868,36871824.16494244,1,15,0.58
I3,I,4,,,,,0,15,0.58
P1,P,5,-0.0016596579620495,0.0,-0.0016596579620495,20000000.0,1,15,0.58
P2,P,5,-0.0017698855824358,-5.630900295006837e-05,-0.0018261945853858,20000000.0,1,15,0.58
I1,I,5,,0.0025446512317736,0.0025446512317736,41214262.0541687,1,15,0.58
I2,I,5,,0.0012723256158868,0.0012723256158868,37416355.25521222,1,15,0.58
I3,I,5,,,,,0,15,0.58
P1,P,6,-0.001737181548249,0.0,-0.001737181548249,20000000.0,1,15,0.58
P2,P,6,-0.0015361719105388,-0.0003981652431978,-0.0019343371537366,20000000.0,1,15,0.58
I1,I,6,,0.0025446512317736,0.0025446512317736,41350632.46403715,1,15,0.58
I2,I,6,,0.0012723256158868,0.0012723256158868,37501496.16057668,1,15,0.58
I3,I,6,,,,,0,15,0.58
P1,P,7,-0.001742336528992,-2.2816116799983677e-06,-0.001744618140672,20000000.0,1,15,0.58
P2,P,7,-0.0013092291734449,-0.000811945466088,-0.002121174639533,20000000.0,1,15,0.58
I1,I,7,,0.0025446512317736,0.0025446512317736,41087605.3803234,1,15,0.58
I2,I,7,,0.0012723256158868,0.0012723256158868,37195157.57248188,1,15,0.58
I3,I,7,,,,,0,15,0.58
P1,P,8,-0.0016234950952658,-8.581562347959356e-05,-0.0017093107187454,20000000.0,1,15,0.58
P2,P,8,-0.0011349303595149,-0.0011298085526952,-0.0022647389122101,20000000.0,1,15,0.58
I1,I,8,,0.0025446512317736,0.0025446512317736,40577733.29952254,1,15,0.58
I2,I,8,,0.0012723256158868,0.0012723256158868,36670371.43180932,1,15,0.58
I3,I,8,,,,,0,15,0.58
P1,P,9,-0.0014634044291892,-0.0002690951917189,-0.0017324996209081,20000000.0,1,15,0.58
P2,P,9,-0.0009901878875612,-0.0013500563472873,-0.0023402442348485,20000000.0,1,15,0.58
I1,I,9,,0.0025446512317736,0.0025446512317736,39862713.26967555,1,15,0.58
I2,I,9,,0.0012723256158868,0.0012723256158868,35971591.146797895,1,15,0.58
I3,I,9,,,,,0,15,0.58
P1,P,10,-0.0013116511766315,-0.000442872415513,-0.0017545235921446,20000000.0,1,15,0.58
P2,P,10,-0.0008657185509143,-0.0014945743302551,-0.0023602928811695,20000000.0,1,15,0.58
I1,I,10,,0.0025446512317736,0.0025446512317736,39042852.23357176,1,15,0.58
I2,I,10,,0.0012723256158868,0.0012723256158868,35185306.16742262,1,15,0.58
I3,I,10,,,,,0,15,0.58
P1,P,11,-0.0011742873492253,-0.000575179536471,-0.0017494668856964,20000000.0,1,15,0.58
P2,P,11,-0.0007611577484432,-0.0015883494877007,-0.0023495072361439,20000000.0,1,15,0.58
I1,I,11,,0.0025446512317736,0.0025446512317736,38233423.32987718,1,15,0.58
I2,I,11,,0.0012723256158868,0.0012723256158868,34414806.13042056,1,15,0.58
I3,I,11,,,,,0,15,0.58
P1,P,12,-0.0010498383377986,-0.0006706014216877,-0.0017204397594864,20000000.0,1,15,0.58
P2,P,12,-0.0006762030678053,-0.0016536873312441,-0.0023298903990494,20000000.0,1,15,0.58
I1,I,12,,0.0025446512317736,0.0025446512317736,37512114.80973449,1,15,0.58
I2,I,12,,0.0012723256158868,0.0012723256158868,33731016.37468537,1,15,0.58
I3,I,12,,,,,0,15,0.58
P1,P,13,-0.000946859518596,-0.0007454183075202,-0.0016922778261163,20000000.0,1,15,0.58
P2,P,13,-0.0006076216087106,-0.0017030033762577,-0.0023106249849683,20000000.0,1,15,0.58
I1,I,13,,0.0025446512317736,0.0025446512317736,36888839.877645575,1,15,0.58
I2,I,13,,0.0012723256158868,0.0012723256158868,33143021.72493861,1,15,0.58
I3,I,13,,,,,0,15,0.58
P1,P,14,-0.0008643597503406,-0.0008078198182007,-0.0016721795685413,20000000.0,1,15,0.58
P2,P,14,-0.000551466880284,-0.0017419065713185,-0.0022933734516025,20000000.0,1,15,0.58
I1,I,14,,0.0025446512317736,0.0025446512317736,36347662.698976144,1,15,0.58
I2,I,14,,0.0012723256158868,0.0012723256158868,32635325.17928044,1,15,0.58
I3,I,14,,,,,0,15,0.58
P1,P,15,-0.0007956267367185,-0.0008625248363545,-0.0016581515730731,20000000.0,1,15,0.58
P2,P,15,-0.0005047695068302,-0.0017732155773932,-0.0022779850842234,20000000.0,1,15,0.58
I1,I,15,,0.0025446512317736,0.0025446512317736,35873554.56871348,1,15,0.58
I2,I,15,,0.0012723256158868,0.0012723256158868,32192999.266509145,1,15,0.58
I3,I,15,,,,,0,15,0.58
P1,P,16,-0.0009218341942677,-0.0012683919477714,-0.0021902261420392,20000000.0,1,15,0.58
P2,P,16,-0.0005728868594666,-0.0025051175848609,-0.0030780044443275,20000000.0,1,15,0.58
I1,I,16,,0.0025446512317736,0.0025446512317736,39045201.18006364,1,15,0.58
I2,I,16,,0.0012723256158868,0.0012723256158868,35168126.7361908,1,15,0.58
I3,I,16,,0.0022265698278019,0.0022265698278019,37865694.4887558,1,15,0.58
P1,P,17,-0.0009158718053966,-0.001523316025202,-0.0024391878305986,20000000.0,1,15,0.58
P2,P,17,-0.0005706333196099,-0.0028378899528659,-0.0034085232724759,20000000.0,1,15,0.58
I1,I,17,,0.0025446512317736,0.0025446512317736,39597743.231140725,1,15,0.58
I2,I,17,,0.0012723256158868,0.0012723256158868,35669269.715639345,1,15,0.58
I3,I,17,,0.0022265698278019,0.0022265698278019,38198158.54295672,1,15,0.58
P1,P,18,-0.00085466389494,-0.0016767122307421,-0.0025313761256821,20000000.0,1,15,0.58
P2,P,18,-0.000541572535991,-0.0029871295676407,-0.0035287021036318,20000000.0,1,15,0.58
I1,I,18,,0.0025446512317736,0.0025446512317736,39473315.40165728,1,15,0.58
I2,I,18,,0.0012723256158868,0.0012723256158868,35552285.53144752,1,15,0.58
I3,I,18,,0.0022265698278019,0.0022265698278019,38013077.92285054,1,15,0.58
P1,P,19,-0.0007818513967606,-0.0017844573180183,-0.002566308714779,20000000.0,1,15,0.58
P2,P,19,-0.0005052037909228,-0.0030567383942344,-0.0035619421851573,20000000.0,1,15,0.58
I1,I,19,,0.0025446512317736,0.0025446512317736,39126001.5906462,1,15,0.58
I2,I,19,,0.0012723256158868,0.0012723256158868,35228886.08559803,1,15,0.58
I3,I,19,,0.0022265698278019,0.0022265698278019,37645244.00006758,1,15,0.58
P1,P,20,-0.0007126757394041,-0.0018700732543999,-0.0025827489938041,20000000.0,1,15,0.58
P2,P,20,-0.0004692248947201,-0.0030906222080595,-0.0035598471027797,20000000.0,1,15,0.58
I1,I,20,,0.0025446512317736,0.0025446512317736,38718398.36106724,1,15,0.58
I2,I,20,,0.0012723256158868,0.0012723256158868,34850368.00428411,1,15,0.58
I3,I,20,,0.0022265698278019,0.0022265698278019,37232670.76810617,1,15,0.58
P1,P,21,-0.0006513264477768,-0.0019424144531366,-0.0025937409009135,20000000.0,1,15,0.58
P2,P,21,-0.0004362088777906,-0.0031078962802607,-0.0035441051580514,20000000.0,1,15,0.58
I1,I,21,,0.0025446512317736,0.0025446512317736,38312225.68892393,1,15,0.58
I2,I,21,,0.0012723256158868,0.0012723256158868,34474178.70469466,1,15,0.58
I3,I,21,,0.0022265698278019,0.0022265698278019,36828537.62134942,1,15,0.58
P1,P,22,-0.0005981375889848,-0.0020055795175514,-0.0026037171065363,20000000.0,1,15,0.58
P2,P,22,-0.0004067077395673,-0.0031169307074531,-0.0035236384470204,20000000.0,1,15,0.58
I1,I,22,,0.0025446512317736,0.0025446512317736,37929225.88191421,1,15,0.58
I2,I,22,,0.0012723256158868,0.0012723256158868,34120369.17910663,1,15,0.58
I3,I,22,,0.0022265698278019,0.0022265698278019,36450993.22496976,1,15,0.58
P1,P,23,-0.0005522520440803,-0.0020616487139329,-0.0026139007580133,20000000.0,1,15,0.58
P2,P,23,-0.0003805954869265,-0.0031214503430385,-0.0035020458299651,20000000.0,1,15,0.58
I1,I,23,,0.0025446512317736,0.0025446512317736,37575671.0103038,1,15,0.58
I2,I,23,,0.0012723256158868,0.0012723256158868,33794579.04706978,1,15,0.58
I3,I,23,,0.0022265698278019,0.0022265698278019,36104607.4251117,1,15,0.58
P1,P,24,-0.0005125736195964,-0.0021118015701133,-0.0026243751897097,20000000.0,1,15,0.58
P2,P,24,-0.0003575253235102,-0.0031233287151955,-0.0034808540387058,20000000.0,1,15,0.58
I1,I,24,,0.0025446512317736,0.0025446512317736,37252058.14801185,1,15,0.58
I2,I,24,,0.0012723256158868,0.0012723256158868,33497105.262412697,1,15,0.58
I3,I,24,,0.0022265698278019,0.0022265698278019,35789001.1575958,1,15,0.58
P1,P,25,-0.0004780535213227,-0.0021568138320377,-0.0026348673533604,20000000.0,1,15,0.58
P2,P,25,-0.0003370430808545,-0.0031238538808573,-0.0034608969617119,20000000.0,1,15,0.58
I1,I,25,,0.0025446512317736,0.0025446512317736,36956431.23662897,1,15,0.58
I2,I,25,,0.0012723256158868,0.0012723256158868,33225925.17796904,1,15,0.58
I3,I,25,,0.0022265698278019,0.0022265698278019,35501720.8276189,1,15,0.58
P1,P,26,-0.0004477913013811,-0.002197417855995,-0.0026452091573761,20000000.0,1,15,0.58
P2,P,26,-0.0003186928713138,-0.0031238009513315,-0.0034424938226454,20000000.0,1,15,0.58
I1,I,26,,0.0025446512317736,0.0025446512317736,36685746.999153554,1,15,0.58
I2,I,26,,0.0012723256158868,0.0012723256158868,32978045.04209375,1,15,0.58
I3,I,26,,0.0022265698278019,0.0022265698278019,35239441.52522772,1,15,0.58
P1,P,27,-0.0004210090057068,-0.0022342209392661,-0.0026552299449729,20000000.0,1,15,0.58
P2,P,27,-0.0003020907648879,-0.0031235673307127,-0.0034256580956006,20000000.0,1,15,0.58
I1,I,27,,0.0025446512317736,0.0025446512317736,36436993.89674285,1,15,0.58
I2,I,27,,0.0012723256158868,0.0012723256158868,32750556.57664809,1,15,0.58
I3,I,27,,0.0022265698278019,0.0022265698278019,34998995.145971335,1,15,0.58
P1,P,28,-0.0003970783404615,-0.0022677764845629,-0.0026648548250245,20000000.0,1,15,0.58
P2,P,28,-0.0002869542545592,-0.0031233063199222,-0.0034102605744814,20000000.0,1,15,0.58
I1,I,28,,0.0025446512317736,0.0025446512317736,36207525.205685854,1,15,0.58
I2,I,28,,0.0012723256158868,0.0012723256158868,32540943.862153865,1,15,0.58
I3,I,28,,0.0022265698278019,0.0022265698278019,34777650.696473464,1,15,0.58
P1,P,29,-0.0003755022765522,-0.0022985511244825,-0.0026740534010348,20000000.0,1,15,0.58
P2,P,29,-0.0002730727163193,-0.0031230935167351,-0.0033961662330544,20000000.0,1,15,0.58
I1,I,29,,0.0025446512317736,0.0025446512317736,35995041.785441995,1,15,0.58
I2,I,29,,0.0012723256158868,0.0012723256158868,32347041.757875163,1,15,0.58
I3,I,29,,0.0022265698278019,0.0022265698278019,34573063.79115604,1,15,0.58
P1,P,0,-0.0015411264098172,0.0,-0.0015411264098172,20000000.0,1,12,0.58
P2,P,0,-0.0019878776356912,0.0,-0.0019878776356912,20000000.0,1,12,0.58
I1,I,0,,0.0025451453599834,0.0025451453599834,39497726.35977841,1,12,0.58
I2,I,0,,0.0012725726799917,0.0012725726799917,36284453.885201216,1,12,0.58
I3,I,0,,,,,0,12,0.58
P1,P,1,-0.0014329243050227,0.0,-0.0014329243050227,20000000.0,1,12,0.58
P2,P,1,-0.0018247077121313,0.0,-0.0018247077121313,20000000.0,1,12,0.58
I1,I,1,,0.0025451453599834,0.0025451453599834,39671284.07492951,1,12,0.58
I2,I,1,,0.0012725726799917,0.0012725726799917,36313562.86133855,1,12,0.58
I3,I,1,,,,,0,12,0.58
P1,P,2,-0.0014267502607309,0.0,-0.0014267502607309,20000000.0,1,12,0.58
P2,P,2,-0.0018026837635774,0.0,-0.0018026837635774,20000000.0,1,12,0.58
I1,I,2,,0.0025451453599834,0.0025451453599834,40036288.86721857,1,12,0.58
I2,I,2,,0.0012725726799917,0.0012725726799917,36544267.6065971,1,12,0.58
I3,I,2,,,,,0,12,0.58
P1,P,3,-0.0014463302504859,0.0,-0.0014463302504859,20000000.0,1,12,0.58
P2,P,3,-0.0018192666452884,0.0,-0.0018192666452884,20000000.0,1,12,0.58
I1,I,3,,0.0025451453599834,0.0025451453599834,40294928.487193935,1,12,0.58
I2,I,3,,0.0012725726799917,0.0012725726799917,36723484.147055045,1,12,0.58
I3,I,3,,,,,0,12,0.58
P1,P,4,-0.0014732967134077,0.0,-0.0014732967134077,20000000.0,1,12,0.58
P2,P,4,-0.0018492433041064,0.0,-0.0018492433041064,20000000.0,1,12,0.58
I1,I,4,,0.0025451453599834,0.0025451453599834,40478146.98478017,1,12,0.58
I2,I,4,,0.0012725726799917,0.0012725726799917,36860622.19211835,1,12,0.58
I3,I,4,,,,,0,12,0.58
P1,P,5,-0.0015843862025976,0.0,-0.0015843862025976,20000000.0,1,12,0.58
P2,P,5,-0.0018339857496992,-6.588679074294924e-05,-0.0018998725404422,20000000.0,1,12,0.58
I1,I,5,,0.0025451453599834,0.0025451453599834,41058381.81007491,1,12,0.58
I2,I,5,,0.0012725726799917,0.0012725726799917,37382766.32131465,1,12,0.58
I3,I,5,,,,,0,12,0.58
P1,P,6,-0.0016550230899002,0.0,-0.0016550230899002,20000000.0,1,12,0.58
P2,P,6,-0.0015837219597098,-0.0004459555762066,-0.0020296775359165,20000000.0,1,12,0.58
I1,I,6,,0.0025451453599834,0.0025451453599834,41154784.7773322,1,12,0.58
I2,I,6,,0.0012725726799917,0.0012725726799917,37424612.78867137,1,12,0.58
I3,I,6,,,,,0,12,0.58
P1,P,7,-0.0016581049344172,-1.251463328220592e-06,-0.0016593563977454,20000000.0,1,12,0.58
P2,P,7,-0.0013392793173167,-0.0008944290304108,-0.0022337083477275,20000000.0,1,12,0.58
I1,I,7,,0.0025451453599834,0.0025451453599834,40835367.77636431,1,12,0.58
I2,I,7,,0.0012725726799917,0.0012725726799917,37054698.56069619,1,12,0.58
I3,I,7,,,,,0,12,0.58
P1,P,8,-0.0015453377733913,-6.925016263348688e-05,-0.0016145879360248,20000000.0,1,12,0.58
P2,P,8,-0.0011505621297562,-0.0012356016773378,-0.0023861638070941,20000000.0,1,12,0.58
I1,I,8,,0.0025451453599834,0.0025451453599834,40274710.92572133,1,12,0.58
I2,I,8,,0.0012725726799917,0.0012725726799917,36471728.03137294,1,12,0.58
I3,I,8,,,,,0,12,0.58
P1,P,9,-0.0013981734654624,-0.0002243262434787,-0.0016224997089411,20000000.0,1,12,0.58
P2,P,9,-0.0009985975811046,-0.0014654335090983,-0.002464031090203,20000000.0,1,12,0.58
I1,I,9,,0.0025451453599834,0.0025451453599834,39533958.7344468,1,12,0.58
I2,I,9,,0.0012725726799917,0.0012725726799917,35743191.38732701,1,12,0.58
I3,I,9,,,,,0,12,0.58
P1,P,10,-0.0012576847157517,-0.0003780892426761,-0.0016357739584278,20000000.0,1,12,0.58
P2,P,10,-0.0008726321673978,-0.0016092095515366,-0.0024818417189344,20000000.0,1,12,0.58
I1,I,10,,0.0025451453599834,0.0025451453599834,38710740.65774168,1,12,0.58
I2,I,10,,0.0012725726799917,0.0012725726799917,34954308.559426524,1,12,0.58
I3,I,10,,,,,0,12,0.58
P1,P,11,-0.0011276974124625,-0.0005012943812126,-0.0016289917936751,20000000.0,1,12,0.58
P2,P,11,-0.0007687682723433,-0.0016983252021634,-0.0024670934745067,20000000.0,1,12,0.58
I1,I,11,,0.0025451453599834,0.0025451453599834,37911229.3899863,1,12,0.58
I2,I,11,,0.0012725726799917,0.0012725726799917,34197046.35436535,1,12,0.58
I3,I,11,,,,,0,12,0.58
P1,P,12,-0.0010106502331777,-0.0005976466543186,-0.0016082968874964,20000000.0,1,12,0.58
P2,P,12,-0.000684467348439,-0.0017571720212961,-0.0024416393697352,20000000.0,1,12,0.58
I1,I,12,,0.0025451453599834,0.0025451453599834,37197255.16450248,1,12,0.58
I2,I,12,,0.0012725726799917,0.0012725726799917,33525117.89778921,1,12,0.58
I3,I,12,,,,,0,12,0.58
P1,P,13,-0.001111706429758,-0.0009244150547128,-0.0020361214844709,20000000.0,1,12,0.58
P2,P,13,-0.0007390943201051,-0.0024818348685029,-0.0032209291886081,20000000.0,1,12,0.58
I1,I,13,,0.0025451453599834,0.0025451453599834,40226734.82883683,1,12,0.58
I2,I,13,,0.0012725726799917,0.0012725726799917,36383189.311393484,1,12,0.58
I3,I,13,,0.0022270021899855,0.0022270021899855,38969029.43584838,1,12,0.58
P1,P,14,-0.0010945366528965,-0.0011627953384559,-0.0022573319913525,20000000.0,1,12,0.58
P2,P,14,-0.0007242235996683,-0.0028618088677702,-0.0035860324674386,20000000.0,1,12,0.58
I1,I,14,,0.0025451453599834,0.0025451453599834,40758583.73720408,1,12,0.58
I2,I,14,,0.0012725726799917,0.0012725726799917,36851361.66277686,1,12,0.58
I3,I,14,,0.0022270021899855,0.0022270021899855,39264648.97910216,1,12,0.58
P1,P,15,-0.0010239321953688,-0.0013165573718407,-0.0023404895672096,20000000.0,1,12,0.58
P2,P,15,-0.0006827848280173,-0.0030560976083894,-0.0037388824364068,20000000.0,1,12,0.58
I1,I,15,,0.0025451453599834,0.0025451453599834,40608751.20414168,1,12,0.58
I2,I,15,,0.0012725726799917,0.0012725726799917,36703293.31456986,1,12,0.58
I3,I,15,,0.0022270021899855,0.0022270021899855,39049135.8770656,1,12,0.58
P1,P,16,-0.000938224848973,-0.0014296868468995,-0.0023679116958725,20000000.0,1,12,0.58
P2,P,16,-0.0006343433095479,-0.0031588378044382,-0.0037931811139862,20000000.0,1,12,0.58
I1,I,16,,0.0025451453599834,0.0025451453599834,40214902.22087116,1,12,0.58
I2,I,16,,0.0012725726799917,0.0012725726799917,36333086.36396511,1,12,0.58
I3,I,16,,0.0022270021899855,0.0022270021899855,38634249.81006726,1,12,0.58
P1,P,17,-0.0008529294770484,-0.0015257733003864,-0.0023787027774349,20000000.0,1,12,0.58
P2,P,17,-0.0005869957693094,-0.0032148232124868,-0.0038018189817962,20000000.0,1,12,0.58
I1,I,17,,0.0025451453599834,0.0025451453599834,39744202.29243007,1,12,0.58
I2,I,17,,0.0012725726799917,0.0012725726799917,35894745.235128455,1,12,0.58
I3,I,17,,0.0022270021899855,0.0022270021899855,38160283.92343837,1,12,0.58
P1,P,18,-0.0007748005008614,-0.0016117872315209,-0.0023865877323823,20000000.0,1,12,0.58
P2,P,18,-0.0005435793036904,-0.0032457551478609,-0.0037893344515513,20000000.0,1,12,0.58
I1,I,18,,0.0025451453599834,0.0025451453599834,39266097.06861895,1,12,0.58
I2,I,18,,0.0012725726799917,0.0012725726799917,35452172.92354985,1,12,0.58
I3,I,18,,0.0022270021899855,0.0022270021899855,37687151.54388817,1,12,0.58
P1,P,19,-0.0007059141983814,-0.001689467751425,-0.0023953819498065,20000000.0,1,12,0.58
P2,P,19,-0.0005046562579619,-0.0032630467233517,-0.0037677029813137,20000000.0,1,12,0.58
I1,I,19,,0.0025451453599834,0.0025451453599834,38808676.48719064,1,12,0.58
I2,I,19,,0.0012725726799917,0.0012725726799917,35030663.82253869,1,12,0.58
I3,I,19,,0.0022270021899855,0.0022270021899855,37238719.58149631,1,12,0.58
P1,P,20,-0.0006460289563943,-0.0017595330013741,-0.0024055619577684,20000000.0,1,12,0.58
P2,P,20,-0.0004700278283117,-0.0032727128182447,-0.0037427406465565,20000000.0,1,12,0.58
I1,I,20,,0.0025451453599834,0.0025451453599834,38382252.08598772,1,12,0.58
I2,I,20,,0.0012725726799917,0.0012725726799917,34639124.79097024,1,12,0.58
I3,I,20,,0.0022270021899855,0.0022270021899855,36823205.64132418,1,12,0.58
P1,P,21,-0.0005941411448726,-0.0018226520642938,-0.0024167932091664,20000000.0,1,12,0.58
P2,P,21,-0.0004393142675161,-0.0032778629283569,-0.003717177195873,20000000.0,1,12,0.58
I1,I,21,,0.0025451453599834,0.0025451453599834,37989578.58194575,1,12,0.58
I2,I,21,,0.0012725726799917,0.0012725726799917,34279665.56485774,1,12,0.58
I3,I,21,,0.0022270021899855,0.0022270021899855,36442263.00429957,1,12,0.58
P1,P,22,-0.0005491736102002,-0.0018796033685703,-0.0024287769787705,20000000.0,1,12,0.58
P2,P,22,-0.0004120468467994,-0.0032801950251878,-0.0036922418719872,20000000.0,1,12,0.58
I1,I,22,,0.0025451453599834,0.0025451453599834,37629868.60275754,1,12,0.58
I2,I,22,,0.0012725726799917,0.0012725726799917,33951261.429227434,1,12,0.58
I3,I,22,,0.0022270021899855,0.0022270021899855,36094504.94999852,1,12,0.58
P1,P,23,-0.0005100839709716,-0.001930871275874,-0.0024409552468456,20000000.0,1,12,0.58
P2,P,23,-0.0003876708248613,-0.0032811115066351,-0.0036687823314964,20000000.0,1,12,0.58
I1,I,23,,0.0025451453599834,0.0025451453599834,37300679.3316926,1,12,0.58
I2,I,23,,0.0012725726799917,0.0012725726799917,33651339.78705082,1,12,0.58
I3,I,23,,0.0022270021899855,0.0022270021899855,35777119.466005474,1,12,0.58
P1,P,24,-0.0004759313611649,-0.0019769508871886,-0.0024528822483536,20000000.0,1,12,0.58
P2,P,24,-0.0003656680169186,-0.0032815350045457,-0.0036472030214643,20000000.0,1,12,0.58
I1,I,24,,0.0025451453599834,0.0025451453599834,36998965.83944611,1,12,0.58
I2,I,24,,0.0012725726799917,0.0012725726799917,33376848.169591285,1,12,0.58
I3,I,24,,0.0022270021899855,0.0022270021899855,35486850.365677685,1,12,0.58
P1,P,25,-0.0004458969435251,-0.0020183940857899,-0.0024642910293151,20000000.0,1,12,0.58
P2,P,25,-0.0003456389097739,-0.0032819387213608,-0.0036275776311348,20000000.0,1,12,0.58
I1,I,25,,0.0025451453599834,0.0025451453599834,36721719.17794729,1,12,0.58
I2,I,25,,0.0012725726799917,0.0012725726799917,33124867.038658515,1,12,0.58
I3,I,25,,0.0022270021899855,0.0022270021899855,35220585.26790704,1,12,0.58
P1,P,26,-0.0004193231249172,-0.0020556827863207,-0.002475005911238,20000000.0,1,12,0.58
P2,P,26,-0.0003273088547557,-0.0032824863342348,-0.0036097951889906,20000000.0,1,12,0.58
I1,I,26,,0.0025451453599834,0.0025451453599834,36466458.24853833,1,12,0.58
I2,I,26,,0.0012725726799917,0.0012725726799917,32893041.383747347,1,12,0.58
I3,I,26,,0.0022270021899855,0.0022270021899855,34975797.66209569,1,12,0.58
P1,P,27,-0.0003956457100545,-0.0020893693191221,-0.0024850150291767,20000000.0,1,12,0.58
P2,P,27,-0.0003104858333487,-0.0032832034090663,-0.003593689242415,20000000.0,1,12,0.58
I1,I,27,,0.0025451453599834,0.0025451453599834,36230995.44836851,1,12,0.58
I2,I,27,,0.0012725726799917,0.0012725726799917,32679339.2888588,1,12,0.58
I3,I,27,,0.0022270021899855,0.0022270021899855,34750295.7409788,1,12,0.58
P1,P,28,-0.0003743839932396,-0.0021199930254174,-0.0024943770186571,20000000.0,1,12,0.58
P2,P,28,-0.0002950227220517,-0.0032840492690832,-0.0035790719911349,20000000.0,1,12,0.58
I1,I,28,,0.0025451453599834,0.0025451453599834,36013332.92395598,1,12,0.58
I2,I,28,,0.0012725726799917,0.0012725726799917,32481937.87014828,1,12,0.58
I3,I,28,,0.0022270021899855,0.0022270021899855,34542101.708004475,1,12,0.58
P1,P,29,-0.0003551474530021,-0.0021480448301872,-0.0025031922831894,20000000.0,1,12,0.58
P2,P,29,-0.0002807821876527,-0.0032849679466624,-0.0035657501343151,20000000.0,1,12,0.58
I1,I,29,,0.0025451453599834,0.0025451453599834,35811574.50797648,1,12,0.58
I2,I,29,,0.0012725726799917,0.0012725726799917,32299103.233468257,1,12,0.58
I3,I,29,,0.0022270021899855,0.0022270021899855,34349345.33838633,1,12,0.58
P1,P,0,-0.0015703287320023,0.0,-0.0015703287320023,20000000.0,1,23,0.58
P2,P,0,-0.0018403083859822,0.0,-0.0018403083859822,20000000.0,1,23,0.58
I1,I,0,,0.0025385687273972,0.0025385687273972,39875436.77473383,1,23,0.58
I2,I,0,,0.0012692843636986,0.0012692843636986,35881736.62918552,1,23,0.58
I3,I,0,,,,,0,23,0.58
P1,P,1,-0.0014572774470793,0.0,-0.0014572774470793,20000000.0,1,23,0.58
P2,P,1,-0.0016998164092232,0.0,-0.0016998164092232,20000000.0,1,23,0.58
I1,I,1,,0.0025385687273972,0.0025385687273972,40004535.26215788,1,23,0.58
I2,I,1,,0.0012692843636986,0.0012692843636986,36030280.26084308,1,23,0.58
I3,I,1,,,,,0,23,0.58
P1,P,2,-0.0014534334381044,0.0,-0.0014534334381044,20000000.0,1,23,0.58
P2,P,2,-0.0016868420121168,0.0,-0.0016868420121168,20000000.0,1,23,0.58
I1,I,2,,0.0025385687273972,0.0025385687273972,40377577.49969383,1,23,0.58
I2,I,2,,0.0012692843636986,0.0012692843636986,36314414.86766825,1,23,0.58
I3,I,2,,,,,0,23,0.58
P1,P,3,-0.0014769158071888,0.0,-0.0014769158071888,20000000.0,1,23,0.58
P2,P,3,-0.001707885937885,0.0,-0.001707885937885,20000000.0,1,23,0.58
I1,I,3,,0.0025385687273972,0.0025385687273972,40654642.68251745,1,23,0.58
I2,I,3,,0.0012692843636986,0.0012692843636986,36530258.4284026,1,23,0.58
I3,I,3,,,,,0,23,0.58
P1,P,4,-0.0015080399053207,0.0,-0.0015080399053207,20000000.0,1,23,0.58
P2,P,4,-0.0017403968765832,0.0,-0.0017403968765832,20000000.0,1,23,0.58
I1,I,4,,0.0025385687273972,0.0025385687273972,40859584.14884216,1,23,0.58
I2,I,4,,0.0012692843636986,0.0012692843636986,36697120.94365328,1,23,0.58
I3,I,4,,,,,0,23,0.58
P1,P,5,-0.001634375522659,0.0,-0.001634375522659,20000000.0,1,23,0.58
P2,P,5,-0.0017370070304964,-6.380913988788135e-05,-0.0018008161703843,20000000.0,1,23,0.58
I1,I,5,,0.0025385687273972,0.0025385687273972,41535298.85179479,1,23,0.58
I2,I,5,,0.0012692843636986,0.0012692843636986,37314108.16718997,1,23,0.58
I3,I,5,,,,,0,23,0.58
P1,P,6,-0.0017162407614339,0.0,-0.0017162407614339,20000000.0,1,23,0.58
P2,P,6,-0.0015100252803518,-0.0004246956859485,-0.0019347209663003,20000000.0,1,23,0.58
I1,I,6,,0.0025385687273972,0.0025385687273972,41702457.03936843,1,23,0.58
I2,I,6,,0.0012692843636986,0.0012692843636986,37427080.80005664,1,23,0.58
I3,I,6,,,,,0,23,0.58
P1,P,7,-0.0017289698130819,-1.104251479422944e-06,-0.0017300740645613,20000000.0,1,23,0.58
P2,P,7,-0.0012896895859342,-0.0008460717255387,-0.002135761311473,20000000.0,1,23,0.58
I1,I,7,,0.0025385687273972,0.0025385687273972,41438069.20876092,1,23,0.58
I2,I,7,,0.0012692843636986,0.0012692843636986,37116848.63146298,1,23,0.58
I3,I,7,,,,,0,23,0.58
P1,P,8,-0.0016188892877678,-7.608431182033497e-05,-0.0016949735995881,20000000.0,1,23,0.58
P2,P,8,-0.0011188341846604,-0.0011679399539296,-0.0022867741385901,20000000.0,1,23,0.58
I1,I,8,,0.0025385687273972,0.0025385687273972,40909532.6682375,1,23,0.58
I2,I,8,,0.0012692843636986,0.0012692843636986,36572272.00852682,1,23,0.58
I3,I,8,,,,,0,23,0.58
P1,P,9,-0.0014610187134163,-0.0002573052816805,-0.0017183239950969,20000000.0,1,23,0.58
P2,P,9,-0.0009762014694408,-0.0013879539312718,-0.0023641554007127,20000000.0,1,23,0.58
I1,I,9,,0.0025385687273972,0.0025385687273972,40165532.92086472,1,23,0.58
I2,I,9,,0.0012692843636986,0.0012692843636986,35845578.232927166,1,23,0.58
I3,I,9,,,,,0,23,0.58
P1,P,10,-0.0013083467763603,-0.0004266102457075,-0.0017349570220678,20000000.0,1,23,0.58
P2,P,10,-0.0008539392769571,-0.0015294082628314,-0.0023833475397885,20000000.0,1,23,0.58
I1,I,10,,0.0025385687273972,0.0025385687273972,39326368.36589792,1,23,0.58
I2,I,10,,0.0012692843636986,0.0012692843636986,35040243.818381466,1,23,0.58
I3,I,10,,,,,0,23,0.58
P1,P,11,-0.0011695364034725,-0.0005509701102533,-0.0017205065137258,20000000.0,1,23,0.58
P2,P,11,-0.0007519217611418,-0.0016209709827886,-0.0023728927439304,20000000.0,1,23,0.58
I1,I,11,,0.0025385687273972,0.0025385687273972,38517498.93710036,1,23,0.58
I2,I,11,,0.0012692843636986,0.0012692843636986,34268031.86606588,1,23,0.58
I3,I,11,,,,,0,23,0.58
P1,P,12,-0.0010437303065854,-0.0006467104786584,-0.0016904407852438,20000000.0,1,23,0.58
P2,P,12,-0.0006690273938546,-0.0016846561448692,-0.0023536835387239,20000000.0,1,23,0.58
I1,I,12,,0.0025385687273972,0.0025385687273972,37800474.166218765,1,23,0.58
I2,I,12,,0.0012692843636986,0.0012692843636986,33585696.447264984,1,23,0.58
I3,I,12,,,,,0,23,0.58
P1,P,13,-0.0009381113242885,-0.0007248801637295,-0.0016629914880181,20000000.0,1,23,0.58
P2,P,13,-0.0006019479474887,-0.0017323647069498,-0.0023343126544385,20000000.0,1,23,0.58
I1,I,13,,0.0025385687273972,0.0025385687273972,37180201.43694082,1,23,0.58
I2,I,13,,0.0012692843636986,0.0012692843636986,32997929.1999039,1,23,0.58
I3,I,13,,,,,0,23,0.58
P1,P,14,-0.0008531891924385,-0.0007905480962843,-0.0016437372887228,20000000.0,1,23,0.58
P2,P,14,-0.0005469663758111,-0.0017694017918179,-0.0023163681676291,20000000.0,1,23,0.58
I1,I,14,,0.0025385687273972,0.0025385687273972,36641145.5532693,1,23,0.58
I2,I,14,,0.0012692843636986,0.0012692843636986,32489767.74126853,1,23,0.58
I3,I,14,,,,,0,23,0.58
P1,P,15,-0.00078309739581,-0.0008471363118691,-0.0016302337076792,20000000.0,1,23,0.58
P2,P,15,-0.000501198237161,-0.0017988932088047,-0.0023000914459657,20000000.0,1,23,0.58
I1,I,15,,0.0025385687273972,0.0025385687273972,36169344.55458001,1,23,0.58
I2,I,15,,0.0012692843636986,0.0012692843636986,32047383.85610801,1,23,0.58
I3,I,15,,,,,0,23,0.58
P1,P,16,-0.0007227179005802,-0.0008986613627538,-0.0016213792633341,20000000.0,1,23,0.58
P2,P,16,-0.0004625108415318,-0.0018228911742901,-0.002285402015822,20000000.0,1,23,0.58
I1,I,16,,0.0025385687273972,0.0025385687273972,35752627.61769713,1,23,0.58
I2,I,16,,0.0012692843636986,0.0012692843636986,31658719.91116036,1,23,0.58
I3,I,16,,,,,0,23,0.58
P1,P,17,-0.0006692381951345,-0.0009476650286936,-0.0016169032238281,20000000.0,1,23,0.58
P2,P,17,-0.0004293007978589,-0.0018424342352036,-0.0022717350330625,20000000.0,1,23,0.58
I1,I,17,,0.0025385687273972,0.0025385687273972,35380048.82593531,1,23,0.58
I2,I,17,,0.0012692843636986,0.0012692843636986,31313041.32687556,1,23,0.58
I3,I,17,,,,,0,23,0.58
P1,P,18,-0.0006213379514194,-0.0009948859640693,-0.0016162239154887,20000000.0,1,23,0.58
P2,P,18,-0.0004003783341881,-0.0018581505462114,-0.0022585288803996,20000000.0,1,23,0.58
I1,I,18,,0.0025385687273972,0.0025385687273972,35042710.37300782,1,23,0.58
I2,I,18,,0.0012692843636986,0.0012692843636986,31001598.954402197,1,23,0.58
I3,I,18,,,,,0,23,0.58
P1,P,19,-0.0005784423306198,-0.0010402019593494,-0.0016186442899693,20000000.0,1,23,0.58
P2,P,19,-0.0003749137927781,-0.0018704060390749,-0.002245319831853,20000000.0,1,23,0.58
I1,I,19,,0.0025385687273972,0.0025385687273972,34734046.10798087,1,23,0.58
I2,I,19,,0.0012692843636986,0.0012692843636986,30717899.54540981,1,23,0.58
I3,I,19,,,,,0,23,0.58
P1,P,20,-0.0005402065067713,-0.0010829017990035,-0.0016231083057749,20000000.0,1,23,0.58
P2,P,20,-0.0003523422654354,-0.0018796437360343,-0.0022319860014698,20000000.0,1,23,0.58
I1,I,20,,0.0025385687273972,0.0025385687273972,34450097.3963566,1,23,0.58
I2,I,20,,0.0012692843636986,0.0012692843636986,30457937.574287545,1,23,0.58
I3,I,20,,,,,0,23,0.58
P1,P,21,-0.0005063845780088,-0.0011225421135077,-0.0016289266915166,20000000.0,1,23,0.58
P2,P,21,-0.0003322073232253,-0.0018863983926701,-0.0022186057158954,20000000.0,1,23,0.58
I1,I,21,,0.0025385687273972,0.0025385687273972,34188247.68488372,1,23,0.58
I2,I,21,,0.0012692843636986,0.0012692843636986,30219030.57751257,1,23,0.58
I3,I,21,,,,,0,23,0.58
P1,P,22,-0.0004766010377098,-0.0011588380166263,-0.0016354390543361,20000000.0,1,23,0.58
P2,P,22,-0.0003141175207407,-0.0018913276884044,-0.0022054452091452,20000000.0,1,23,0.58
I1,I,22,,0.0025385687273972,0.0025385687273972,33946703.747963175,1,23,0.58
I2,I,22,,0.0012692843636986,0.0012692843636986,29999312.059098,1,23,0.58
I3,I,22,,,,,0,23,0.58
P1,P,23,-0.0004503627898667,-0.0011916897305698,-0.0016420525204365,20000000.0,1,23,0.58
P2,P,23,-0.0002977787981183,-0.0018951049329324,-0.0021928837310508,20000000.0,1,23,0.58
I1,I,23,,0.0025385687273972,0.0025385687273972,33724101.781488776,1,23,0.58
I2,I,23,,0.0012692843636986,0.0012692843636986,29797335.117202424,1,23,0.58
I3,I,23,,,,,0,23,0.58
P1,P,24,-0.0005627214071474,-0.0017244320894191,-0.0022871534965665,20000000.0,1,23,0.58
P2,P,24,-0.0003681584324052,-0.0027113074457199,-0.0030794658781252,20000000.0,1,23,0.58
I1,I,24,,0.0025385687273972,0.0025385687273972,36875066.67148452,1,23,0.58
I2,I,24,,0.0012692843636986,0.0012692843636986,32746830.965405643,1,23,0.58
I3,I,24,,0.0022212476364725,0.0022212476364725,36345173.94527253,1,23,0.58
P1,P,25,-0.0005673219045219,-0.0019524323996431,-0.002519754304165,20000000.0,1,23,0.58
P2,P,25,-0.0003728825908194,-0.0029822145356902,-0.0033550971265096,20000000.0,1,23,0.58
I1,I,25,,0.0025385687273972,0.0025385687273972,37368147.97893264,1,23,0.58
I2,I,25,,0.0012692843636986,0.0012692843636986,33202233.86394069,1,23,0.58
I3,I,25,,0.0022212476364725,0.0022212476364725,36637348.17122796,1,23,0.58
P1,P,26,-0.0005382860594204,-0.0020520965935798,-0.0025903826530002,20000000.0,1,23,0.58
P2,P,26,-0.000357740339604,-0.0030734470361915,-0.0034311873757956,20000000.0,1,23,0.58
I1,I,26,,0.0025385687273972,0.0025385687273972,37304446.81478666,1,23,0.58
I2,I,26,,0.0012692843636986,0.0012692843636986,33145568.647771277,1,23,0.58
I3,I,26,,0.0022212476364725,0.0022212476364725,36515388.53137695,1,23,0.58
P1,P,27,-0.0005037922411488,-0.0021082397918791,-0.002612032033028,20000000.0,1,23,0.58
P2,P,27,-0.0003384400907341,-0.0031080148761833,-0.0034464549669174,20000000.0,1,23,0.58
I1,I,27,,0.0025385687273972,0.0025385687273972,37100079.73624413,1,23,0.58
I2,I,27,,0.0012692843636986,0.0012692843636986,32957501.9925577,1,23,0.58
I3,I,27,,0.0022212476364725,0.0022212476364725,36287575.80750311,1,23,0.58
P1,P,28,-0.0004713012991685,-0.0021491607608487,-0.0026204620600172,20000000.0,1,23,0.58
P2,P,28,-0.0003195442996761,-0.0031243176349828,-0.003443861934659,20000000.0,1,23,0.58
I1,I,28,,0.0025385687273972,0.0025385687273972,36869553.03315154,1,23,0.58
I2,I,28,,0.0012692843636986,0.0012692843636986,32745014.44993712,1,23,0.58
I3,I,28,,0.0022212476364725,0.0022212476364725,36047060.544027686,1,23,0.58
P1,P,29,-0.0004421338730642,-0.0021838159288938,-0.0026259498019581,20000000.0,1,23,0.58
P2,P,29,-0.0003021247199181,-0.0031340273025302,-0.0034361520224483,20000000.0,1,23,0.58
I1,I,29,,0.0025385687273972,0.0025385687273972,36643935.69365311,1,23,0.58
I2,I,29,,0.0012692843636986,0.0012692843636986,32537214.90279872,1,23,0.58
I3,I,29,,0.0022212476364725,0.0022212476364725,35817707.82861469,1,23,0.58
P1,P,0,-0.0016903609551981,0.0,-0.0016903609551981,20000000.0,1,8,0.58
P2,P,0,-0.0018247542553976,0.0,-0.0018247542553976,20000000.0,1,8,0.58
I1,I,0,,0.0025424503448417,0.0025424503448417,40506494.82226045,1,8,0.58
I2,I,0,,0.0012712251724208,0.0012712251724208,36112436.37996888,1,8,0.58
I3,I,0,,,,,0,8,0.58
P1,P,1,-0.0015615049139015,0.0,-0.0015615049139015,20000000.0,1,8,0.58
P2,P,1,-0.0016865853724977,0.0,-0.0016865853724977,20000000.0,1,8,0.58
I1,I,1,,0.0025424503448417,0.0025424503448417,40540680.679842,1,8,0.58
I2,I,1,,0.0012712251724208,0.0012712251724208,36231047.73812672,1,8,0.58
I3,I,1,,,,,0,8,0.58
P1,P,2,-0.0015512839867171,0.0,-0.0015512839867171,20000000.0,1,8,0.58
P2,P,2,-0.0016706651218131,0.0,-0.0016706651218131,20000000.0,1,8,0.58
I1,I,2,,0.0025424503448417,0.0025424503448417,40873912.96755385,1,8,0.58
I2,I,2,,0.0012712251724208,0.0012712251724208,36487373.586529225,1,8,0.58
I3,I,2,,,,,0,8,0.58
P1,P,3,-0.0015716454954543,0.0,-0.0015716454954543,20000000.0,1,8,0.58
P2,P,3,-0.0016878357694554,0.0,-0.0016878357694554,20000000.0,1,8,0.58
I1,I,3,,0.0025424503448417,0.0025424503448417,41119071.096752375,1,8,0.58
I2,I,3,,0.0012712251724208,0.0012712251724208,36676633.695696265,1,8,0.58
I3,I,3,,,,,0,8,0.58
P1,P,4,-0.0016009388742765,0.0,-0.0016009388742765,20000000.0,1,8,0.58
P2,P,4,-0.0017164123002962,0.0,-0.0017164123002962,20000000.0,1,8,0.58
I1,I,4,,0.0025424503448417,0.0025424503448417,41295465.82023194,1,8,0.58
I2,I,4,,0.0012712251724208,0.0012712251724208,36818624.184425086,1,8,0.58
I3,I,4,,,,,0,8,0.58
P1,P,5,-0.0017207503092046,0.0,-0.0017207503092046,20000000.0,1,8,0.58
P2,P,5,-0.0017129040111383,-5.462988478945182e-05,-0.0017675338959277,20000000.0,1,8,0.58
I1,I,5,,0.0025424503448417,0.0025424503448417,41867718.92300988,1,8,0.58
I2,I,5,,0.0012712251724208,0.0012712251724208,37339750.38034907,1,8,0.58
I3,I,5,,,,,0,8,0.58
P1,P,6,-0.0017982737013711,0.0,-0.0017982737013711,20000000.0,1,8,0.58
P2,P,6,-0.0015028842245933,-0.0003787472945908,-0.0018816315191841,20000000.0,1,8,0.58
I1,I,6,,0.0025424503448417,0.0025424503448417,41966527.74519129,1,8,0.58
I2,I,6,,0.0012712251724208,0.0012712251724208,37397666.940271735,1,8,0.58
I3,I,6,,,,,0,8,0.58
P1,P,7,-0.0018038854210081,-2.8244809720822827e-06,-0.0018067099019802,20000000.0,1,8,0.58
P2,P,7,-0.0012944896744004,-0.0007661793461492,-0.0020606690205496,20000000.0,1,8,0.58
I1,I,7,,0.0025424503448417,0.0025424503448417,41683223.39819708,1,8,0.58
I2,I,7,,0.0012712251724208,0.0012712251724208,37082292.34758185,1,8,0.58
I3,I,7,,,,,0,8,0.58
P1,P,8,-0.0016842008002613,-9.998339317647736e-05,-0.0017841841934377,20000000.0,1,8,0.58
P2,P,8,-0.0011267109696618,-0.0010692588309142,-0.0021959698005761,20000000.0,1,8,0.58
I1,I,8,,0.0025424503448417,0.0025424503448417,41148975.85981763,1,8,0.58
I2,I,8,,0.0012712251724208,0.0012712251724208,36542415.71569325,1,8,0.58
I3,I,8,,,,,0,8,0.58
P1,P,9,-0.0017983213484045,-0.0004354426259571,-0.0022337639743617,20000000.0,1,8,0.58
P2,P,9,-0.0011273897699568,-0.0017885092495893,-0.0029158990195461,20000000.0,1,8,0.58
I1,I,9,,0.0025424503448417,0.0025424503448417,44317852.1752033,1,8,0.58
I2,I,9,,0.0012712251724208,0.0012712251724208,39528260.77247533,1,8,0.58
I3,I,9,,0.0022246440517365,0.0022246440517365,42544679.39069223,1,8,0.58
P1,P,10,-0.001699481297647,-0.000817825928875,-0.002517307226522,20000000.0,1,8,0.58
P2,P,10,-0.0010482429055377,-0.0023027012026383,-0.0033509441081761,20000000.0,1,8,0.58
I1,I,10,,0.0025424503448417,0.0025424503448417,44802244.59147648,1,8,0.58
I2,I,10,,0.0012712251724208,0.0012712251724208,39935822.40563942,1,8,0.58
I3,I,10,,0.0022246440517365,0.0022246440517365,42751097.90887952,1,8,0.58
P1,P,11,-0.0015199491386031,-0.0011258881627184,-0.0026458373013215,20000000.0,1,8,0.58
P2,P,11,-0.0009443497037087,-0.0026129671212649,-0.0035573168249736,20000000.0,1,8,0.58
I1,I,11,,0.0025424503448417,0.0025424503448417,44414465.38316378,1,8,0.58
I2,I,11,,0.0012712251724208,0.0012712251724208,39542218.70395983,1,8,0.58
I3,I,11,,0.0022246440517365,0.0022246440517365,42288610.58032522,1,8,0.58
P1,P,12,-0.0013525809310222,-0.0013347845103389,-0.0026873654413612,20000000.0,1,8,0.58
P2,P,12,-0.0008419855740306,-0.0027893307028377,-0.0036313162768684,20000000.0,1,8,0.58
I1,I,12,,0.0025424503448417,0.0025424503448417,43693712.10378379,1,8,0.58
I2,I,12,,0.0012712251724208,0.0012712251724208,38842960.73498741,1,8,0.58
I3,I,12,,0.0022246440517365,0.0022246440517365,41545367.649263255,1,8,0.58
P1,P,13,-0.0012054659051704,-0.0014817499047528,-0.0026872158099233,20000000.0,1,8,0.58
P2,P,13,-0.0007511436310317,-0.0028900740525683,-0.0036412176836,20000000.0,1,8,0.58
I1,I,13,,0.0025424503448417,0.0025424503448417,42893676.58373252,1,8,0.58
I2,I,13,,0.0012712251724208,0.0012712251724208,38075324.56045678,1,8,0.58
I3,I,13,,0.0022246440517365,0.0022246440517365,40742723.88404799,1,8,0.58
P1,P,14,-0.0010755719555403,-0.0016011093937733,-0.0026766813493136,20000000.0,1,8,0.58
P2,P,14,-0.0006736039100051,-0.002949624749908,-0.0036232286599131,20000000.0,1,8,0.58
I1,I,14,,0.0025424503448417,0.0025424503448417,42120940.40612836,1,8,0.58
I2,I,14,,0.0012712251724208,0.0012712251724208,37339072.85590222,1,8,0.58
I3,I,14,,0.0022246440517365,0.0022246440517365,39976281.46965598,1,8,0.58
P1,P,15,-0.0009627911236977,-0.001706501850891,-0.0026692929745887,20000000.0,1,8,0.58
P2,P,15,-0.0006081816182444,-0.0029859151781009,-0.0035940967963453,20000000.0,1,8,0.58
I1,I,15,,0.0025424503448417,0.0025424503448417,41409567.52088315,1,8,0.58
I2,I,15,,0.0012712251724208,0.0012712251724208,36665227.83857063,1,8,0.58
I3,I,15,,0.0022246440517365,0.0022246440517365,39275514.09592875,1,8,0.58
P1,P,16,-0.0008664467703803,-0.0018010082930765,-0.0026674550634568,20000000.0,1,8,0.58
P2,P,16,-0.0005528259058836,-0.0030085268377465,-0.0035613527436301,20000000.0,1,8,0.58
I1,I,16,,0.0025424503448417,0.0025424503448417,40765815.15240291,1,8,0.58
I2,I,16,,0.0012712251724208,0.0012712251724208,36058408.48244035,1,8,0.58
I3,I,16,,0.0022246440517365,0.0022246440517365,38644411.48752794,1,8,0.58
P1,P,17,-0.0007847598775365,-0.0018855134057164,-0.002670273283253,20000000.0,1,8,0.58
P2,P,17,-0.0005056363222151,-0.0030227773065153,-0.0035284136287304,20000000.0,1,8,0.58
I1,I,17,,0.0025424503448417,0.0025424503448417,40186532.93046772,1,8,0.58
I2,I,17,,0.0012712251724208,0.0012712251724208,35514580.043114334,1,8,0.58
I3,I,17,,0.0022246440517365,0.0022246440517365,38078606.53236847,1,8,0.58
P1,P,18,-0.0007155136149022,-0.001960848652052,-0.0026763622669543,20000000.0,1,8,0.58
P2,P,18,-0.0004651146645756,-0.0030316622042572,-0.0034967768688328,20000000.0,1,8,0.58
I1,I,18,,0.0025424503448417,0.0025424503448417,39665893.0350365,1,8,0.58
I2,I,18,,0.0012712251724208,0.0012712251724208,35027490.04534908,1,8,0.58
I3,I,18,,0.0022246440517365,0.0022246440517365,37571599.885219246,1,8,0.58
P1,P,19,-0.0006564931895144,-0.0020279540553864,-0.0026844472449009,20000000.0,1,8,0.58
P2,P,19,-0.0004301001756451,-0.0030370397050653,-0.0034671398807105,20000000.0,1,8,0.58
I1,I,19,,0.0025424503448417,0.0025424503448417,39197833.19331268,1,8,0.58
I2,I,19,,0.0012712251724208,0.0012712251724208,34590902.92562088,1,8,0.58
I3,I,19,,0.0022246440517365,0.0022246440517365,37116949.20612577,1,8,0.58
P1,P,20,-0.0006058261345635,-0.0020878496593198,-0.0026936757938833,20000000.0,1,8,0.58
P2,P,20,-0.0003996322880727,-0.0030402157323699,-0.0034398480204426,20000000.0,1,8,0.58
I1,I,20,,0.0025424503448417,0.0025424503448417,38776333.67085736,1,8,0.58
I2,I,20,,0.0012712251724208,0.0012712251724208,34198766.68351453,1,8,0.58
I3,I,20,,0.0022246440517365,0.0022246440517365,36708420.46311443,1,8,0.58
P1,P,21,-0.0005619914195056,-0.0021413731768184,-0.0027033645963241,20000000.0,1,8,0.58
P2,P,21,-0.0003728974728866,-0.0030421732529841,-0.0034150707258708,20000000.0,1,8,0.58
I1,I,21,,0.0025424503448417,0.0025424503448417,38395704.281964645,1,8,0.58
I2,I,21,,0.0012712251724208,0.0012712251724208,33845440.330062345,1,8,0.58
I3,I,21,,0.0022246440517365,0.0022246440517365,36340210.34492591,1,8,0.58
P1,P,22,-0.0005237588321952,-0.0021892734924669,-0.0027130323246622,20000000.0,1,8,0.58
P2,P,22,-0.000349222259145,-0.0030436052243492,-0.0033928274834942,20000000.0,1,8,0.58
I1,I,22,,0.0025424503448417,0.0025424503448417,38050706.91011948,1,8,0.58
I2,I,22,,0.0012712251724208,0.0012712251724208,33525782.4713729,1,8,0.58
I3,I,22,,0.0022246440517365,0.0022246440517365,36007027.005278066,1,8,0.58
P1,P,23,-0.0004901433516691,-0.0022321913084008,-0.0027223346600699,20000000.0,1,8,0.58
P2,P,23,-0.0003280876665069,-0.0030449000114336,-0.0033729876779405,20000000.0,1,8,0.58
I1,I,23,,0.0025424503448417,0.0025424503448417,37736855.30765748,1,8,0.58
I2,I,23,,0.0012712251724208,0.0012712251724208,33235442.48443879,1,8,0.58
I3,I,23,,0.0022246440517365,0.0022246440517365,35704376.874509126,1,8,0.58
P1,P,24,-0.0004603670389178,-0.0022707717919544,-0.0027311388308723,20000000.0,1,8,0.58
P2,P,24,-0.0003091068238171,-0.0030461898796104,-0.0033552967034276,20000000.0,1,8,0.58
I1,I,24,,0.0025424503448417,0.0025424503448417,37450372.74631396,1,8,0.58
I2,I,24,,0.0012712251724208,0.0012712251724208,32970807.62127208,1,8,0.58
I3,I,24,,0.0022246440517365,0.0022246440517365,35428504.32772898,1,8,0.58
P1,P,25,-0.0004338001679566,-0.0023056953493172,-0.0027394955172738,20000000.0,1,8,0.58
P2,P,25,-0.0002919845307954,-0.0030474359732469,-0.0033394205040423,20000000.0,1,8,0.58
I1,I,25,,0.0025424503448417,0.0025424503448417,37187996.66382569,1,8,0.58
I2,I,25,,0.0012712251724208,0.0012712251724208,32728795.87295137,1,8,0.58
I3,I,25,,0.0022246440517365,0.0022246440517365,35176185.79408716,1,8,0.58
P1,P,26,-0.0004099118562683,-0.0023375664418021,-0.0027474782980704,20000000.0,1,8,0.58
P2,P,26,-0.0002764778348355,-0.0030485831493771,-0.0033250609842127,20000000.0,1,8,0.58
I1,I,26,,0.0025424503448417,0.0025424503448417,36946880.03279798,1,8,0.58
I2,I,26,,0.0012712251724208,0.0012712251724208,32506728.43963884,1,8,0.58
I3,I,26,,0.0022246440517365,0.0022246440517365,34944620.34323273,1,8,0.58
P1,P,27,-0.0003882640159049,-0.0023668875842866,-0.0027551516001916,20000000.0,1,8,0.58
P2,P,27,-0.0002623834247693,-0.0030495777487748,-0.0033119611735442,20000000.0,1,8,0.58
I1,I,27,,0.0025424503448417,0.0025424503448417,36724570.81761166,1,8,0.58
I2,I,27,,0.0012712251724208,0.0012712251724208,32302295.617457528,1,8,0.58
I3,I,27,,0.0022246440517365,0.0022246440517365,34731391.28997325,1,8,0.58
P1,P,28,-0.0003685017687275,-0.0023939769169822,-0.0027624786857097,20000000.0,1,8,0.58
P2,P,28,-0.0002495271334747,-0.0030504453708854,-0.0032999725043601,20000000.0,1,8,0.58
I1,I,28,,0.0025424503448417,0.0025424503448417,36519073.64535387,1,8,0.58
I2,I,28,,0.0012712251724208,0.0012712251724208,32113610.88423721,1,8,0.58
I3,I,28,,0.0022246440517365,0.0022246440517365,34534533.48073089,1,8,0.58
P1,P,29,-0.0003503531030568,-0.002419215629445,-0.0027695687325018,20000000.0,1,8,0.58
P2,P,29,-0.0002377539023699,-0.0030511644492182,-0.0032889183515881,20000000.0,1,8,0.58
I1,I,29,,0.0025424503448417,0.0025424503448417,36328434.80203885,1,8,0.58
I2,I,29,,0.0012712251724208,0.0012712251724208,31938836.300950248,1,8,0.58
I3,I,29,,0.0022246440517365,0.0022246440517365,34352128.39709704,1,8,0.58
P1,P,0,-0.0016571711498027,0.0,-0.0016571711498027,20000000.0,1,6,0.58
P2,P,0,-0.0017802598263773,0.0,-0.0017802598263773,20000000.0,1,6,0.58
I1,I,0,,0.0025436288408234,0.0025436288408234,44706267.91487637,1,6,0.58
I2,I,0,,0.0012718144204117,0.0012718144204117,35686463.97728069,1,6,0.58
I3,I,0,,,,,0,6,0.58
P1,P,1,-0.0015385168615482,0.0,-0.0015385168615482,20000000.0,1,6,0.58
P2,P,1,-0.0016478391697498,0.0,-0.0016478391697498,20000000.0,1,6,0.58
I1,I,1,,0.0025436288408234,0.0025436288408234,44169657.554030426,1,6,0.58
I2,I,1,,0.0012718144204117,0.0012718144204117,35872239.592868604,1,6,0.58
I3,I,1,,,,,0,6,0.58
P1,P,2,-0.0015346313528815,0.0,-0.0015346313528815,20000000.0,1,6,0.58
P2,P,2,-0.0016359888706559,0.0,-0.0016359888706559,20000000.0,1,6,0.58
I1,I,2,,0.0025436288408234,0.0025436288408234,44411849.80009521,1,6,0.58
I2,I,2,,0.0012718144204117,0.0012718144204117,36166364.35911851,1,6,0.58
I3,I,2,,,,,0,6,0.58
P1,P,3,-0.0015589209643461,0.0,-0.0015589209643461,20000000.0,1,6,0.58
P2,P,3,-0.0016561105988457,0.0,-0.0016561105988457,20000000.0,1,6,0.58
I1,I,3,,0.0025436288408234,0.0025436288408234,44643210.74508386,1,6,0.58
I2,I,3,,0.0012718144204117,0.0012718144204117,36385160.49059783,1,6,0.58
I3,I,3,,,,,0,6,0.58
P1,P,4,-0.0015907947067141,0.0,-0.0015907947067141,20000000.0,1,6,0.58
P2,P,4,-0.0016869386290558,0.0,-0.0016869386290558,20000000.0,1,6,0.58
I1,I,4,,0.0025436288408234,0.0025436288408234,44825679.52312405,1,6,0.58
I2,I,4,,0.0012718144204117,0.0012718144204117,36551139.85227704,1,6,0.58
I3,I,4,,,,,0,6,0.58
P1,P,5,-0.0017163180615434,0.0,-0.0017163180615434,20000000.0,1,6,0.58
P2,P,5,-0.001702206497855,-5.3850978024114326e-05,-0.0017560574758791,20000000.0,1,6,0.58
I1,I,5,,0.0025436288408234,0.0025436288408234,45442030.72430022,1,6,0.58
I2,I,5,,0.0012718144204117,0.0012718144204117,37128735.11668178,1,6,0.58
I3,I,5,,,,,0,6,0.58
P1,P,6,-0.0017995079177034,0.0,-0.0017995079177034,20000000.0,1,6,0.58
P2,P,6,-0.001498061863478,-0.0003638369951133,-0.0018618988585914,20000000.0,1,6,0.58
I1,I,6,,0.0025436288408234,0.0025436288408234,45600601.96533478,1,6,0.58
I2,I,6,,0.0012718144204117,0.0012718144204117,37251300.2622695,1,6,0.58
I3,I,6,,,,,0,6,0.58
P1,P,7,-0.0021202880744019,-4.3688396568386994e-05,-0.0021639764709703,20000000.0,1,6,0.58
P2,P,7,-0.0014546302700776,-0.0011238650936631,-0.0025784953637407,20000000.0,1,6,0.58
I1,I,7,,0.0025436288408234,0.0025436288408234,49543733.743398026,1,6,0.58
I2,I,7,,0.0012718144204117,0.0012718144204117,40964803.11751837,1,6,0.58
I3,I,7,,0.0022256752357204,0.0022256752357204,44592383.92284736,1,6,0.58
P1,P,8,-0.0021171632929451,-0.0003430794466477,-0.0024602427395928,20000000.0,1,6,0.58
P2,P,8,-0.0013303491268827,-0.0018291513842573,-0.0031595005111401,20000000.0,1,6,0.58
I1,I,8,,0.0025436288408234,0.0025436288408234,50598348.35439226,1,6,0.58
I2,I,8,,0.0012718144204117,0.0012718144204117,41889533.92251679,1,6,0.58
I3,I,8,,0.0022256752357204,0.0022256752357204,45299937.99940217,1,6,0.58
P1,P,9,-0.0018872163363275,-0.0007464076017283,-0.0026336239380558,20000000.0,1,6,0.58
P2,P,9,-0.0011870022579603,-0.0023097826993795,-0.0034967849573399,20000000.0,1,6,0.58
I1,I,9,,0.0025436288408234,0.0025436288408234,50468905.12558059,1,6,0.58
I2,I,9,,0.0012718144204117,0.0012718144204117,41727190.943803824,1,6,0.58
I3,I,9,,0.0022256752357204,0.0022256752357204,45077932.152078725,1,6,0.58
P1,P,10,-0.0016388174591595,-0.0010887647457681,-0.0027275822049277,20000000.0,1,6,0.58
P2,P,10,-0.0010454419985083,-0.0026040274495966,-0.0036494694481049,20000000.0,1,6,0.58
I1,I,10,,0.0025436288408234,0.0025436288408234,49731736.22666652,1,6,0.58
I2,I,10,,0.0012718144204117,0.0012718144204117,41003698.12017895,1,6,0.58
I3,I,10,,0.0022256752357204,0.0022256752357204,44314630.19191057,1,6,0.58
P1,P,11,-0.0014269837169576,-0.00133082477211,-0.0027578084890677,20000000.0,1,6,0.58
P2,P,11,-0.0009173158610294,-0.0027747550487163,-0.0036920709097457,20000000.0,1,6,0.58
I1,I,11,,0.0025436288408234,0.0025436288408234,48750723.28090271,1,6,0.58
I2,I,11,,0.0012718144204117,0.0012718144204117,40057130.50209506,1,6,0.58
I3,I,11,,0.0022256752357204,0.0022256752357204,43332485.63336012,1,6,0.58
P1,P,12,-0.0012522835380296,-0.0015033726729854,-0.0027556562110151,20000000.0,1,6,0.58
P2,P,12,-0.0008072005466728,-0.0028726407145171,-0.0036798412611899,20000000.0,1,6,0.58
I1,I,12,,0.0025436288408234,0.0025436288408234,47732969.26923902,1,6,0.58
I2,I,12,,0.0012718144204117,0.0012718144204117,39081885.427016415,1,6,0.58
I3,I,12,,0.0022256752357204,0.0022256752357204,42324185.11359672,1,6,0.58
P1,P,13,-0.0011083355746307,-0.0016343988159534,-0.0027427343905842,20000000.0,1,6,0.58
P2,P,13,-0.0007148766645648,-0.002930293396353,-0.0036451700609178,20000000.0,1,6,0.58
I1,I,13,,0.0025436288408234,0.0025436288408234,46775599.52934924,1,6,0.58
I2,I,13,,0.0012718144204117,0.0012718144204117,38168850.250970185,1,6,0.58
I3,I,13,,0.0022256752357204,0.0022256752357204,41380775.91165109,1,6,0.58
P1,P,14,-0.000989562023119,-0.0017399698319052,-0.0027295318550242,20000000.0,1,6,0.58
P2,P,14,-0.0006381126022025,-0.0029663176525136,-0.0036044302547162,20000000.0,1,6,0.58
I1,I,14,,0.0025436288408234,0.0025436288408234,45912880.01977439,1,6,0.58
I2,I,14,,0.0012718144204117,0.0012718144204117,37349254.18488015,1,6,0.58
I3,I,14,,0.0022256752357204,0.0022256752357204,40533676.18635775,1,6,0.58
P1,P,15,-0.0008911574941493,-0.0018285205735259,-0.0027196780676753,20000000.0,1,6,0.58
P2,P,15,-0.0005741833989328,-0.0029905021529195,-0.0035646855518523,20000000.0,1,6,0.58
I1,I,15,,0.0025436288408234,0.0025436288408234,45149047.44694056,1,6,0.58
I2,I,15,,0.0012718144204117,0.0012718144204117,36626025.366475046,1,6,0.58
I3,I,15,,0.0022256752357204,0.0022256752357204,39785755.53652816,1,6,0.58
P1,P,16,-0.0008089348768412,-0.0019046483558487,-0.00271358323269,20000000.0,1,6,0.58
P2,P,16,-0.0005206398140871,-0.0030079586304384,-0.0035285984445255,20000000.0,1,6,0.58
I1,I,16,,0.0025436288408234,0.0025436288408234,44476352.78770681,1,6,0.58
I2,I,16,,0.0012718144204117,0.0012718144204117,35990953.570682764,1,6,0.58
I3,I,16,,0.0022256752357204,0.0022256752357204,39128608.24637881,1,6,0.58
P1,P,17,-0.0007395428802838,-0.001971288850527,-0.0027108317308109,20000000.0,1,6,0.58
P2,P,17,-0.0004753814506839,-0.0030213767519309,-0.0034967582026149,20000000.0,1,6,0.58
I1,I,17,,0.0025436288408234,0.0025436288408234,43882999.71499492,1,6,0.58
I2,I,17,,0.0012718144204117,0.0012718144204117,35432271.70456414,1,6,0.58
I3,I,17,,0.0022256752357204,0.0022256752357204,38550158.96331088,1,6,0.58
P1,P,18,-0.0006803074575434,-0.0020300798744356,-0.002710387331979,20000000.0,1,6,0.58
P2,P,18,-0.0004367280678515,-0.0030323698742696,-0.0034690979421211,20000000.0,1,6,0.58
I1,I,18,,0.0025436288408234,0.0025436288408234,43357437.99806453,1,6,0.58
I2,I,18,,0.0012718144204117,0.0012718144204117,34938556.176995315,1,6,0.58
I3,I,18,,0.0022256752357204,0.0022256752357204,38038726.884245336,1,6,0.58
P1,P,19,-0.0006292411449554,-0.0020823537072226,-0.0027115948521781,20000000.0,1,6,0.58
P2,P,19,-0.0004034489373232,-0.0030415547352459,-0.0034450036725691,20000000.0,1,6,0.58
I1,I,19,,0.0025436288408234,0.0025436288408234,42889584.70907186,1,6,0.58
I2,I,19,,0.0012718144204117,0.0012718144204117,34500018.133908235,1,6,0.58
I3,I,19,,0.0022256752357204,0.0022256752357204,37584228.92146281,1,6,0.58
P1,P,20,-0.0005848396637329,-0.0021291852082424,-0.0027140248719754,20000000.0,1,6,0.58
P2,P,20,-0.0003746570547665,-0.0030491209574612,-0.0034237780122277,20000000.0,1,6,0.58
I1,I,20,,0.0025436288408234,0.0025436288408234,42471169.37881074,1,6,0.58
I2,I,20,,0.0012718144204117,0.0012718144204117,34108707.82308824,1,6,0.58
I3,I,20,,0.0022256752357204,0.0022256752357204,37178440.10243589,1,6,0.58
P1,P,21,-0.0005459150953752,-0.0021713967307772,-0.0027173118261524,20000000.0,1,6,0.58
P2,P,21,-0.0003496407223235,-0.0030552620746181,-0.0034049027969416,20000000.0,1,6,0.58
I1,I,21,,0.0025436288408234,0.0025436288408234,42095518.8052076,1,6,0.58
I2,I,21,,0.0012718144204117,0.0012718144204117,33758212.99774896,1,6,0.58
I3,I,21,,0.0022256752357204,0.0022256752357204,36814733.209947005,1,6,0.58
P1,P,22,-0.0005115319171221,-0.00220970939974,-0.0027212413168622,20000000.0,1,6,0.58
P2,P,22,-0.0003277580081799,-0.0030602949053307,-0.0033880529135106,20000000.0,1,6,0.58
I1,I,22,,0.0025436288408234,0.0025436288408234,41756752.64947535,1,6,0.58
I2,I,22,,0.0012718144204117,0.0012718144204117,33442868.952471323,1,6,0.58
I3,I,22,,0.0022256752357204,0.0022256752357204,36487271.71409903,1,6,0.58
P1,P,23,-0.0004809168130495,-0.00224472354696,-0.0027256403600096,20000000.0,1,6,0.58
P2,P,23,-0.0003084207752175,-0.0030645648521999,-0.0033729856274174,20000000.0,1,6,0.58
I1,I,23,,0.0025436288408234,0.0025436288408234,41449558.61049446,1,6,0.58
I2,I,23,,0.0012718144204117,0.0012718144204117,33157530.75337962,1,6,0.58
I3,I,23,,0.0022256752357204,0.0022256752357204,36190780.5306149,1,6,0.58
P1,P,24,-0.0004534202760085,-0.0022769672593808,-0.0027303875353893,20000000.0,1,6,0.58
P2,P,24,-0.0002911611858387,-0.0030682503460225,-0.0033594115318612,20000000.0,1,6,0.58
I1,I,24,,0.0025436288408234,0.0025436288408234,41169377.5003428,1,6,0.58
I2,I,24,,0.0012718144204117,0.0012718144204117,32897797.94530412,1,6,0.58
I3,I,24,,0.0022256752357204,0.0022256752357204,35920746.468702324,1,6,0.58
P1,P,25,-0.0004285188496471,-0.0023068132557425,-0.0027353321053896,20000000.0,1,6,0.58
P2,P,25,-0.0002756492355111,-0.0030714322399283,-0.0033470814754395,20000000.0,1,6,0.58
I1,I,25,,0.0025436288408234,0.0025436288408234,40912602.63481209,1,6,0.58
I2,I,25,,0.0012718144204117,0.0012718144204117,32660193.65414084,1,6,0.58
I3,I,25,,0.0022256752357204,0.0022256752357204,35673593.483286284,1,6,0.58
P1,P,26,-0.000405812397056,-0.0023346278985406,-0.0027404402955967,20000000.0,1,6,0.58
P2,P,26,-0.0002616342913543,-0.0030741125477066,-0.003335746839061,20000000.0,1,6,0.58
I1,I,26,,0.0025436288408234,0.0025436288408234,40676258.75887852,1,6,0.58
I2,I,26,,0.0012718144204117,0.0012718144204117,32441881.11002517,1,6,0.58
I3,I,26,,0.0022256752357204,0.0022256752357204,35446387.36493836,1,6,0.58
P1,P,27,-0.0003849993213324,-0.0023606944056049,-0.0027456937269373,20000000.0,1,6,0.58
P2,P,27,-0.0002489221066438,-0.0030762738446859,-0.0033251959513297,20000000.0,1,6,0.58
I1,I,27,,0.0025436288408234,0.0025436288408234,40457920.395792045,1,6,0.58
I2,I,27,,0.0012718144204117,0.0012718144204117,32240562.750654917,1,6,0.58
I3,I,27,,0.0022256752357204,0.0022256752357204,35236744.56793784,1,6,0.58
P1,P,28,-0.0003658402680522,-0.0023852242360154,-0.0027510645040676,20000000.0,1,6,0.58
P2,P,28,-0.0002373472589822,-0.003077936463923,-0.0033152837229053,20000000.0,1,6,0.58
I1,I,28,,0.0025436288408234,0.0025436288408234,40255595.17290292,1,6,0.58
I2,I,28,,0.0012718144204117,0.0012718144204117,32054350.730255425,1,6,0.58
I3,I,28,,0.0022256752357204,0.0022256752357204,35042709.026930735,1,6,0.58
P1,P,29,-0.0003481335194735,-0.0024083720060015,-0.0027565055254751,20000000.0,1,6,0.58
P2,P,29,-0.0002267577301288,-0.0030792056161918,-0.0033059633463206,20000000.0,1,6,0.58
I1,I,29,,0.0025436288408234,0.0025436288408234,40067455.00662982,1,6,0.58
I2,I,29,,0.0012718144204117,0.0012718144204117,31881489.7359044,1,6,0.58
I3,I,29,,0.0022256752357204,0.0022256752357204,34862477.22128708,1,6,0.58
P1,P,0,-0.0017176804036577,0.0,-0.0017176804036577,20000000.0,1,7,0.58
P2,P,0,-0.0017222876450741,0.0,-0.0017222876450741,20000000.0,1,7,0.58
I1,I,0,,0.0025378891729841,0.0025378891729841,40803444.92057358,1,7,0.58
I2,I,0,,0.001268944586492,0.001268944586492,36093286.34554631,1,7,0.58
I3,I,0,,,,,0,7,0.58
P1,P,1,-0.0015822503324143,0.0,-0.0015822503324143,20000000.0,1,7,0.58
P2,P,1,-0.0016015354763256,0.0,-0.0016015354763256,20000000.0,1,7,0.58
I1,I,1,,0.0025378891729841,0.0025378891729841,40799400.2064171,1,7,0.58
I2,I,1,,0.001268944586492,0.001268944586492,36237747.88754232,1,7,0.58
I3,I,1,,,,,0,7,0.58
P1,P,2,-0.0015727781314903,0.0,-0.0015727781314903,20000000.0,1,7,0.58
P2,P,2,-0.0015926486062582,0.0,-0.0015926486062582,20000000.0,1,7,0.58
I1,I,2,,0.0025378891729841,0.0025378891729841,41142495.40597399,1,7,0.58
I2,I,2,,0.001268944586492,0.001268944586492,36526473.84899228,1,7,0.58
I3,I,2,,,,,0,7,0.58
P1,P,3,-0.001595556151867,0.0,-0.001595556151867,20000000.0,1,7,0.58
P2,P,3,-0.001613122394848,0.0,-0.001613122394848,20000000.0,1,7,0.58
I1,I,3,,0.0025378891729841,0.0025378891729841,41405248.96197227,1,7,0.58
I2,I,3,,0.001268944586492,0.001268944586492,36744304.911299855,1,7,0.58
I3,I,3,,,,,0,7,0.58
P1,P,4,-0.0016276057951606,0.0,-0.0016276057951606,20000000.0,1,7,0.58
P2,P,4,-0.0016433336749365,0.0,-0.0016433336749365,20000000.0,1,7,0.58
I1,I,4,,0.0025378891729841,0.0025378891729841,41600344.7013978,1,7,0.58
I2,I,4,,0.001268944586492,0.001268944586492,36910675.74823448,1,7,0.58
I3,I,4,,,,,0,7,0.58
P1,P,5,-0.0017560241267224,0.0,-0.0017560241267224,20000000.0,1,7,0.58
P2,P,5,-0.0016583368255454,-5.179476998486477e-05,-0.0017101315955303,20000000.0,1,7,0.58
I1,I,5,,0.0025378891729841,0.0025378891729841,42233771.87113863,1,7,0.58
I2,I,5,,0.001268944586492,0.001268944586492,37494448.334325366,1,7,0.58
I3,I,5,,,,,0,7,0.58
P1,P,6,-0.0018404187867343,0.0,-0.0018404187867343,20000000.0,1,7,0.58
P2,P,6,-0.001461903315275,-0.00035746387561,-0.0018193671908851,20000000.0,1,7,0.58
I1,I,6,,0.0025378891729841,0.0025378891729841,42381634.95020017,1,7,0.58
I2,I,6,,0.001268944586492,0.001268944586492,37603575.24275144,1,7,0.58
I3,I,6,,,,,0,7,0.58
P1,P,7,-0.0018403507690551,-8.270229060723414e-06,-0.0018486209981158,20000000.0,1,7,0.58
P2,P,7,-0.0012619539555416,-0.0007348533104822,-0.0019968072660238,20000000.0,1,7,0.58
I1,I,7,,0.0025378891729841,0.0025378891729841,42142552.264209874,1,7,0.58
I2,I,7,,0.001268944586492,0.001268944586492,37332498.86640333,1,7,0.58
I3,I,7,,,,,0,7,0.58
P1,P,8,-0.0020310648066368,-0.0002338580083436,-0.0022649228149804,20000000.0,1,7,0.58
P2,P,8,-0.0012569437135292,-0.0014430238284534,-0.0026999675419826,20000000.0,1,7,0.58
I1,I,8,,0.0025378891729841,0.0025378891729841,45674632.1806946,1,7,0.58
I2,I,8,,0.001268944586492,0.001268944586492,40653326.31523845,1,7,0.58
I3,I,8,,0.0022206530263611,0.0022206530263611,43893874.29930864,1,7,0.58
P1,P,9,-0.0019440757476816,-0.0006481324785391,-0.0025922082262208,20000000.0,1,7,0.58
P2,P,9,-0.0011727235980207,-0.0019991099465031,-0.0031718335445239,20000000.0,1,7,0.58
I1,I,9,,0.0025378891729841,0.0025378891729841,46393241.54470954,1,7,0.58
I2,I,9,,0.001268944586492,0.001268944586492,41287870.48009613,1,7,0.58
I3,I,9,,0.0022206530263611,0.0022206530263611,44310007.1837098,1,7,0.58
P1,P,10,-0.0017251755747134,-0.0010359873099302,-0.0027611628846436,20000000.0,1,7,0.58
P2,P,10,-0.0010570111813651,-0.0023576839288134,-0.0034146951101785,20000000.0,1,7,0.58
I1,I,10,,0.0025378891729841,0.0025378891729841,46094449.42748965,1,7,0.58
I2,I,10,,0.001268944586492,0.001268944586492,40980698.79856961,1,7,0.58
I3,I,10,,0.0022206530263611,0.0022206530263611,43932889.368701965,1,7,0.58
P1,P,11,-0.0015209511817108,-0.0013055853673106,-0.0028265365490214,20000000.0,1,7,0.58
P2,P,11,-0.0009394249940616,-0.002573572058172,-0.0035129970522336,20000000.0,1,7,0.58
I1,I,11,,0.0025378891729841,0.0025378891729841,45356041.35010362,1,7,0.58
I2,I,11,,0.001268944586492,0.001268944586492,40262303.92109311,1,7,0.58
I3,I,11,,0.0022206530263611,0.0022206530263611,43171649.208937615,1,7,0.58
P1,P,12,-0.00134890522909,-0.0014848018048244,-0.0028337070339144,20000000.0,1,7,0.58
P2,P,12,-0.0008331428739365,-0.0027026514263894,-0.0035357943003259,20000000.0,1,7,0.58
I1,I,12,,0.0025378891729841,0.0025378891729841,44479644.542871006,1,7,0.58
I2,I,12,,0.001268944586492,0.001268944586492,39417276.508007005,1,7,0.58
I3,I,12,,0.0022206530263611,0.0022206530263611,42292926.230895884,1,7,0.58
P1,P,13,-0.0012007121531048,-0.0016200467456181,-0.0028207588987229,20000000.0,1,7,0.58
P2,P,13,-0.0007416699893679,-0.0027822781141622,-0.0035239481035302,20000000.0,1,7,0.58
I1,I,13,,0.0025378891729841,0.0025378891729841,43606178.17167248,1,7,0.58
I2,I,13,,0.001268944586492,0.001268944586492,38579616.89556662,1,7,0.58
I3,I,13,,0.0022206530263611,0.0022206530263611,41426145.90693314,1,7,0.58
P1,P,14,-0.0010710908300402,-0.0017366828301046,-0.0028077736601448,20000000.0,1,7,0.58
P2,P,14,-0.0006641886336418,-0.0028330190777253,-0.0034972077113671,20000000.0,1,7,0.58
I1,I,14,,0.0025378891729841,0.0025378891729841,42787343.59936152,1,7,0.58
I2,I,14,,0.001268944586492,0.001268944586492,37798113.05434028,1,7,0.58
I3,I,14,,0.0022206530263611,0.0022206530263611,40618367.67306332,1,7,0.58
P1,P,15,-0.0009584906553603,-0.0018424526473229,-0.0028009433026833,20000000.0,1,7,0.58
P2,P,15,-0.0005985745999612,-0.0028657405334693,-0.0034643151334306,20000000.0,1,7,0.58
I1,I,15,,0.0025378891729841,0.0025378891729841,42037000.43476103,1,7,0.58
I2,I,15,,0.001268944586492,0.001268944586492,37085085.10446384,1,7,0.58
I3,I,15,,0.0022206530263611,0.0022206530263611,39881203.05702528,1,7,0.58
P1,P,16,-0.00086211218964,-0.0019376116210976,-0.0027997238107377,20000000.0,1,7,0.58
P2,P,16,-0.0005426906484673,-0.0028871149294603,-0.0034298055779277,20000000.0,1,7,0.58
I1,I,16,,0.0025378891729841,0.0025378891729841,41356191.816781394,1,7,0.58
I2,I,16,,0.001268944586492,0.001268944586492,36440394.422975,1,7,0.58
I3,I,16,,0.0022206530263611,0.0022206530263611,39214387.24499781,1,7,0.58
P1,P,17,-0.0007803341315584,-0.0020219472895289,-0.0028022814210874,20000000.0,1,7,0.58
P2,P,17,-0.0004949018513987,-0.0029011023431744,-0.0033960041945731,20000000.0,1,7,0.58
I1,I,17,,0.0025378891729841,0.0025378891729841,40742090.39966342,1,7,0.58
I2,I,17,,0.001268944586492,0.001268944586492,35860513.39621912,1,7,0.58
I3,I,17,,0.0022206530263611,0.0022206530263611,38614345.71498004,1,7,0.58
P1,P,18,-0.0007110365359928,-0.0020960266177846,-0.0028070631537775,20000000.0,1,7,0.58
P2,P,18,-0.0004539500123852,-0.0029102392885868,-0.0033641893009721,20000000.0,1,7,0.58
I1,I,18,,0.0025378891729841,0.0025378891729841,40190411.03692734,1,7,0.58
I2,I,18,,0.001268944586492,0.001268944586492,35340849.847351186,1,7,0.58
I3,I,18,,0.0022206530263611,0.0022206530263611,38076391.99327868,1,7,0.58
P1,P,19,-0.0006521259103152,-0.0021609016329952,-0.0028130275433105,20000000.0,1,7,0.58
P2,P,19,-0.0004187055868336,-0.0029164289830132,-0.0033351345698468,20000000.0,1,7,0.58
I1,I,19,,0.0025378891729841,0.0025378891729841,39695731.618697256,1,7,0.58
I2,I,19,,0.001268944586492,0.001268944586492,34875890.925733805,1,7,0.58
I3,I,19,,0.0022206530263611,0.0022206530263611,37594891.68019976,1,7,0.58
P1,P,20,-0.0006017583424016,-0.0022177704867322,-0.0028195288291338,20000000.0,1,7,0.58
P2,P,20,-0.0003881178800332,-0.0029211131080263,-0.0033092309880595,20000000.0,1,7,0.58
I1,I,20,,0.0025378891729841,0.0025378891729841,39251712.07376286,1,7,0.58
I2,I,20,,0.001268944586492,0.001268944586492,34459328.26094712,1,7,0.58
I3,I,20,,0.0022206530263611,0.0022206530263611,37163402.75300956,1,7,0.58
P1,P,21,-0.00055830769484,-0.0022678604478818,-0.0028261681427219,20000000.0,1,7,0.58
P2,P,21,-0.000361321181522,-0.0029250922241449,-0.0032864134056669,20000000.0,1,7,0.58
I1,I,21,,0.0025378891729841,0.0025378891729841,38852044.67272928,1,7,0.58
I2,I,21,,0.001268944586492,0.001268944586492,34084990.268976,1,7,0.58
I3,I,21,,0.0022206530263611,0.0022206530263611,36775592.1438255,1,7,0.58
P1,P,22,-0.0005204244469982,-0.0023124047153451,-0.0028328291623434,20000000.0,1,7,0.58
P2,P,22,-0.000337669684337,-0.0029286239799534,-0.0032662936642905,20000000.0,1,7,0.58
I1,I,22,,0.0025378891729841,0.0025378891729841,38490916.30402356,1,7,0.58
I2,I,22,,0.001268944586492,0.001268944586492,33747285.40318174,1,7,0.58
I3,I,22,,0.0022206530263611,0.0022206530263611,36425673.4212371,1,7,0.58
P1,P,23,-0.0004870446837683,-0.002352476508559,-0.0028395211923274,20000000.0,1,7,0.58
P2,P,23,-0.0003166700188165,-0.0029316589058193,-0.0032483289246359,20000000.0,1,7,0.58
I1,I,23,,0.0025378891729841,0.0025378891729841,38163421.027566135,1,7,0.58
I2,I,23,,0.001268944586492,0.001268944586492,33441558.811370537,1,7,0.58
I3,I,23,,0.0022206530263611,0.0022206530263611,36108798.13495672,1,7,0.58
P1,P,24,-0.0004573568897457,-0.0023888143069606,-0.0028461711967064,20000000.0,1,7,0.58
P2,P,24,-0.0002979477097166,-0.002934247523479,-0.0032321952331957,20000000.0,1,7,0.58
I1,I,24,,0.0025378891729841,0.0025378891729841,37865378.87322912,1,7,0.58
I2,I,24,,0.001268944586492,0.001268944586492,33163827.93918252,1,7,0.58
I3,I,24,,0.0022206530263611,0.0022206530263611,35820835.94289684,1,7,0.58
P1,P,25,-0.0004307415809943,-0.0024219599251855,-0.0028527015061799,20000000.0,1,7,0.58
P2,P,25,-0.0002811872225247,-0.0029364536240754,-0.0032176408466001,20000000.0,1,7,0.58
I1,I,25,,0.0025378891729841,0.0025378891729841,37593281.175496265,1,7,0.58
I2,I,25,,0.001268944586492,0.001268944586492,32910737.035233185,1,7,0.58
I3,I,25,,0.0022206530263611,0.0022206530263611,35558311.77004231,1,7,0.58
P1,P,26,-0.0004067134680485,-0.002452335427168,-0.0028590488952165,20000000.0,1,7,0.58
P2,P,26,-0.0002661224791219,-0.0029383601032791,-0.0032044825824011,20000000.0,1,7,0.58
I1,I,26,,0.0025378891729841,0.0025378891729841,37344115.78270717,1,7,0.58
I2,I,26,,0.001268944586492,0.001268944586492,32679395.095772386,1,7,0.58
I3,I,26,,0.0022206530263611,0.0022206530263611,35318244.467757575,1,7,0.58
P1,P,27,-0.0003848842395973,-0.0024803493883557,-0.002865233627953,20000000.0,1,7,0.58
P2,P,27,-0.0002525178406216,-0.0029400220371858,-0.0031925398778074,20000000.0,1,7,0.58
I1,I,27,,0.0025378891729841,0.0025378891729841,37115113.53307482,1,7,0.58
I2,I,27,,0.001268944586492,0.001268944586492,32467151.553481728,1,7,0.58
I3,I,27,,0.0022206530263611,0.0022206530263611,35097897.258760944,1,7,0.58
P1,P,28,-0.0003649425447694,-0.0025063002022071,-0.0028712427469766,20000000.0,1,7,0.58
P2,P,28,-0.0002401695482462,-0.0029414690203165,-0.0031816385685628,20000000.0,1,7,0.58
I1,I,28,,0.0025378891729841,0.0025378891729841,36903929.771661125,1,7,0.58
I2,I,28,,0.001268944586492,0.001268944586492,32271766.188773587,1,7,0.58
I3,I,28,,0.0022206530263611,0.0022206530263611,34894956.851678364,1,7,0.58
P1,P,29,-0.0003466387039295,-0.0025304433703086,-0.0028770820742382,20000000.0,1,7,0.58
P2,P,29,-0.0002289047712544,-0.0029427247410631,-0.0031716295123176,20000000.0,1,7,0.58
I1,I,29,,0.0025378891729841,0.0025378891729841,36708553.65053776,1,7,0.58
I2,I,29,,0.001268944586492,0.001268944586492,32091320.325167447,1,7,0.58
I3,I,29,,0.0022206530263611,0.0022206530263611,34707441.03239432,1,7,0.58
P1,P,0,-0.0016630706814069,0.0,-0.0016630706814069,20000000.0,1,0,0.58
P2,P,0,-0.0019690564173265,0.0,-0.0019690564173265,20000000.0,1,0,0.58
I1,I,0,,0.0025405410038538,0.0025405410038538,41924108.50533638,1,0,0.58
I2,I,0,,0.0012702705019269,0.0012702705019269,38465308.06078391,1,0,0.58
I3,I,0,,0.002222973378372,0.002222973378372,40401702.018979326,1,0,0.58
P1,P,1,-0.0016183755649117,0.0,-0.0016183755649117,20000000.0,1,0,0.58
P2,P,1,-0.0019128230392398,0.0,-0.0019128230392398,20000000.0,1,0,0.58
I1,I,1,,0.0025405410038538,0.0025405410038538,43078798.7601548,1,0,0.58
I2,I,1,,0.0012702705019269,0.0012702705019269,39484481.66440989,1,0,0.58
I3,I,1,,0.002222973378372,0.002222973378372,41368742.70207654,1,0,0.58
P1,P,2,-0.0016999159325091,0.0,-0.0016999159325091,20000000.0,1,0,0.58
P2,P,2,-0.0020007560721055,0.0,-0.0020007560721055,20000000.0,1,0,0.58
I1,I,2,,0.0025405410038538,0.0025405410038538,44234491.15648341,1,0,0.58
I2,I,2,,0.0012702705019269,0.0012702705019269,40470534.21381874,1,0,0.58
I3,I,2,,0.002222973378372,0.002222973378372,42401097.76209148,1,0,0.58
P1,P,3,-0.0018131004132912,0.0,-0.0018131004132912,20000000.0,1,0,0.58
P2,P,3,-0.0021259433255935,0.0,-0.0021259433255935,20000000.0,1,0,0.58
I1,I,3,,0.0025405410038538,0.0025405410038538,45163470.10436661,1,0,0.58
I2,I,3,,0.0012702705019269,0.0012702705019269,41286917.03266712,1,0,0.58
I3,I,3,,0.002222973378372,0.002222973378372,43259404.63567889,1,0,0.58
P1,P,4,-0.0019318691526263,0.0,-0.0019318691526263,20000000.0,1,0,0.58
P2,P,4,-0.0022605269361569,-1.5889608430548035e-173,-0.0022605269361569,20000000.0,1,0,0.58
I1,I,4,,0.0025405410038538,0.0025405410038538,45926311.76892437,1,0,0.58
I2,I,4,,0.0012702705019269,0.0012702705019269,41968472.97265475,1,0,0.58
I3,I,4,,0.002222973378372,0.002222973378372,43974504.13114612,1,0,0.58
P1,P,5,-0.0023615840158043,0.0,-0.0023615840158043,20000000.0,1,0,0.58
P2,P,5,-0.0021947835905545,-0.0003928176446205,-0.0025876012351751,20000000.0,1,0,0.58
I1,I,5,,0.0025405410038538,0.0025405410038538,48152591.13198831,1,0,0.58
I2,I,5,,0.0012702705019269,0.0012702705019269,44052053.00528664,1,0,0.58
I3,I,5,,0.002222973378372,0.002222973378372,46111213.09965965,1,0,0.58
P1,P,6,-0.0024908495610393,-6.015331003804508e-05,-0.0025510028710774,20000000.0,1,0,0.58
P2,P,6,-0.0018719555898102,-0.001293216712504,-0.0031651723023142,20000000.0,1,0,0.58
I1,I,6,,0.0025405410038538,0.0025405410038538,48875012.44273443,1,0,0.58
I2,I,6,,0.0012702705019269,0.0012702705019269,44629937.10377605,1,0,0.58
I3,I,6,,0.002222973378372,0.002222973378372,46766346.78942181,1,0,0.58
P1,P,7,-0.002294059311272,-0.0003535356719372,-0.0026475949832093,20000000.0,1,0,0.58
P2,P,7,-0.0015940402776723,-0.0019999300181079,-0.0035939702957802,20000000.0,1,0,0.58
I1,I,7,,0.0025405410038538,0.0025405410038538,48517076.99905399,1,0,0.58
I2,I,7,,0.0012702705019269,0.0012702705019269,44195407.64320403,1,0,0.58
I3,I,7,,0.002222973378372,0.002222973378372,46378796.37991367,1,0,0.58
P1,P,8,-0.0019828667804887,-0.0007177230401449,-0.0027005898206336,20000000.0,1,0,0.58
P2,P,8,-0.0013656629534951,-0.0024404309419342,-0.0038060938954294,20000000.0,1,0,0.58
I1,I,8,,0.0025405410038538,0.0025405410038538,47535910.63237988,1,0,0.58
I2,I,8,,0.0012702705019269,0.0012702705019269,43204016.91579568,1,0,0.58
I3,I,8,,0.002222973378372,0.002222973378372,45398089.27506181,1,0,0.58
P1,P,9,-0.0017019791818833,-0.0009995924211246,-0.0027015716030079,20000000.0,1,0,0.58
P2,P,9,-0.0011758868385128,-0.002698275029248,-0.0038741618677609,20000000.0,1,0,0.58
I1,I,9,,0.0025405410038538,0.0025405410038538,46307622.76954121,1,0,0.58
I2,I,9,,0.0012702705019269,0.0012702705019269,42002044.36460368,1,0,0.58
I3,I,9,,0.002222973378372,0.002222973378372,44185963.9047244,1,0,0.58
P1,P,10,-0.0014734470842017,-0.0011969955372197,-0.0026704426214214,20000000.0,1,0,0.58
P2,P,10,-0.0010197781836961,-0.0028492444605097,-0.0038690226442058,20000000.0,1,0,0.58
I1,I,10,,0.0025405410038538,0.0025405410038538,45069001.338782966,1,0,0.58
I2,I,10,,0.0012702705019269,0.0012702705019269,40805211.5157451,1,0,0.58
I3,I,10,,0.002222973378372,0.002222973378372,42969982.45487197,1,0,0.58
P1,P,11,-0.00128592128444,-0.0013463261626188,-0.0026322474470589,20000000.0,1,0,0.58
P2,P,11,-0.0008922477144426,-0.002941950306279,-0.0038341980207217,20000000.0,1,0,0.58
I1,I,11,,0.0025405410038538,0.0025405410038538,43927718.50718962,1,0,0.58
I2,I,11,,0.0012702705019269,0.0012702705019269,39710858.53418901,1,0,0.58
I3,I,11,,0.002222973378372,0.002222973378372,41853423.82530581,1,0,0.58
P1,P,12,-0.0011293387060678,-0.0014720119911269,-0.0026013506971947,20000000.0,1,0,0.58
P2,P,12,-0.0007878589829271,-0.0030023324089797,-0.0037901913919068,20000000.0,1,0,0.58
I1,I,12,,0.0025405410038538,0.0025405410038538,42913417.65522227,1,0,0.58
I2,I,12,,0.0012702705019269,0.0012702705019269,38744229.132681966,1,0,0.58
I3,I,12,,0.002222973378372,0.002222973378372,40864047.33519675,1,0,0.58
P1,P,13,-0.0009984031409473,-0.0015832540886697,-0.002581657229617,20000000.0,1,0,0.58
P2,P,13,-0.0007018999333027,-0.0030433443434668,-0.0037452442767696,20000000.0,1,0,0.58
I1,I,13,,0.0025405410038538,0.0025405410038538,42021716.01772885,1,0,0.58
I2,I,13,,0.0012702705019269,0.0012702705019269,37898936.44416377,1,0,0.58
I3,I,13,,0.002222973378372,0.002222973378372,39996585.95221177,1,0,0.58
P1,P,14,-0.000889344628234,-0.0016823449223913,-0.0025716895506254,20000000.0,1,0,0.58
P2,P,14,-0.0006304036349,-0.003071808499175,-0.0037022121340751,20000000.0,1,0,0.58
I1,I,14,,0.0025405410038538,0.0025405410038538,41238990.89651767,1,0,0.58
I2,I,14,,0.0012702705019269,0.0012702705019269,37160375.82946701,1,0,0.58
I3,I,14,,0.002222973378372,0.002222973378372,39236966.34206237,1,0,0.58
P1,P,15,-0.0007986690560372,-0.0017700106613359,-0.0025686797173732,20000000.0,1,0,0.58
P2,P,15,-0.0005703512662431,-0.0030920229180047,-0.0036623741842478,20000000.0,1,0,0.58
I1,I,15,,0.0025405410038538,0.0025405410038538,40550632.24172825,1,0,0.58
I2,I,15,,0.0012702705019269,0.0012702705019269,36513393.9605007,1,0,0.58
I3,I,15,,0.002222973378372,0.002222973378372,38570324.95209074,1,0,0.58
P1,P,16,-0.0007231062741279,-0.0018471071055176,-0.0025702133796455,20000000.0,1,0,0.58
P2,P,16,-0.0005195489547939,-0.0031065722180535,-0.0036261211728475,20000000.0,1,0,0.58
I1,I,16,,0.0025405410038538,0.0025405410038538,39943586.49130336,1,0,0.58
I2,I,16,,0.0012702705019269,0.0012702705019269,35944775.17802233,1,0,0.58
I3,I,16,,0.002222973378372,0.002222973378372,37983545.829887,1,0,0.58
P1,P,17,-0.0006597842970609,-0.0019148015166272,-0.0025745858136882,20000000.0,1,0,0.58
P2,P,17,-0.0004762454269203,-0.0031172972763788,-0.0035935427032991,20000000.0,1,0,0.58
I1,I,17,,0.0025405410038538,0.0025405410038538,39406445.93995256,1,0,0.58
I2,I,17,,0.0012702705019269,0.0012702705019269,35443158.63511143,1,0,0.58
I3,I,17,,0.002222973378372,0.002222973378372,37465251.07042697,1,0,0.58
P1,P,18,-0.0006062576609603,-0.0019743152953711,-0.0025805729563314,20000000.0,1,0,0.58
P2,P,18,-0.0004389554839779,-0.0031257120843445,-0.0035646675683224,20000000.0,1,0,0.58
I1,I,18,,0.0025405410038538,0.0025405410038538,38929022.73894367,1,0,0.58
I2,I,18,,0.0012702705019269,0.0012702705019269,34998471.141269505,1,0,0.58
I3,I,18,,0.002222973378372,0.002222973378372,37005313.07522137,1,0,0.58
P1,P,19,-0.0005605736969216,-0.0020269066895922,-0.0025874803865139,20000000.0,1,0,0.58
P2,P,19,-0.0004064900301793,-0.0031327280432958,-0.0035392180734752,20000000.0,1,0,0.58
I1,I,19,,0.0025405410038538,0.0025405410038538,38502228.275261246,1,0,0.58
I2,I,19,,0.0012702705019269,0.0012702705019269,34601831.562957935,1,0,0.58
I3,I,19,,0.002222973378372,0.002222973378372,36594741.55018739,1,0,0.58
P1,P,20,-0.0005211896453192,-0.0020735585047731,-0.0025947481500923,20000000.0,1,0,0.58
P2,P,20,-0.0003779786527755,-0.0031387726907132,-0.0035167513434887,20000000.0,1,0,0.58
I1,I,20,,0.0025405410038538,0.0025405410038538,38118724.616431125,1,0,0.58
I2,I,20,,0.0012702705019269,0.0012702705019269,34246156.81829667,1,0,0.58
I3,I,20,,0.002222973378372,0.002222973378372,36226319.59401925,1,0,0.58
P1,P,21,-0.000486925614796,-0.0021151640722582,-0.0026020896870542,20000000.0,1,0,0.58
P2,P,21,-0.0003527807924326,-0.0031440308650437,-0.0034968116574763,20000000.0,1,0,0.58
I1,I,21,,0.0025405410038538,0.0025405410038538,37772630.26086856,1,0,0.58
I2,I,21,,0.0012702705019269,0.0012702705019269,33925819.44545876,1,0,0.58
I3,I,21,,0.002222973378372,0.002222973378372,35894284.07023298,1,0,0.58
P1,P,22,-0.0004568648307269,-0.0021524911426164,-0.0026093559733433,20000000.0,1,0,0.58
P2,P,22,-0.0003304183136096,-0.0031485936864273,-0.003479012000037,20000000.0,1,0,0.58
I1,I,22,,0.0025405410038538,0.0025405410038538,37459150.97168096,1,0,0.58
I2,I,22,,0.0012702705019269,0.0012702705019269,33636253.56579827,1,0,0.58
I3,I,22,,0.002222973378372,0.002222973378372,35593946.31192713,1,0,0.58
P1,P,23,-0.0004302678836085,-0.0021862284568056,-0.0026164963404142,20000000.0,1,0,0.58
P2,P,23,-0.0003104886534914,-0.0031525453150229,-0.0034630339685144,20000000.0,1,0,0.58
I1,I,23,,0.0025405410038538,0.0025405410038538,37174194.74579315,1,0,0.58
I2,I,23,,0.0012702705019269,0.0012702705019269,33373565.670174506,1,0,0.58
I3,I,23,,0.002222973378372,0.002222973378372,35321305.8475497,1,0,0.58
P1,P,24,-0.0004065251698001,-0.0022169881440956,-0.0026235133138958,20000000.0,1,0,0.58
P2,P,24,-0.0002926462752902,-0.0031559509246558,-0.003448597199946,20000000.0,1,0,0.58
I1,I,24,,0.0025405410038538,0.0025405410038538,36914170.802156284,1,0,0.58
I2,I,24,,0.0012702705019269,0.0012702705019269,33134340.56926738,1,0,0.58
I3,I,24,,0.002222973378372,0.002222973378372,35072851.4210501,1,0,0.58
P1,P,25,-0.0003851303150927,-0.0022453011954102,-0.002630431510503,20000000.0,1,0,0.58
P2,P,25,-0.0002765971461008,-0.00315884614786,-0.0034354432939608,20000000.0,1,0,0.58
I1,I,25,,0.0025405410038538,0.0025405410038538,36675936.39899574,1,0,0.58
I2,I,25,,0.0012702705019269,0.0012702705019269,32915592.85928837,1,0,0.58
I3,I,25,,0.002222973378372,0.002222973378372,34845512.046175055,1,0,0.58
P1,P,26,-0.0003656793152086,-0.0022715835925176,-0.0026372629077263,20000000.0,1,0,0.58
P2,P,26,-0.0002621012454393,-0.0031612501244398,-0.0034233513698791,20000000.0,1,0,0.58
I1,I,26,,0.0025405410038538,0.0025405410038538,36456804.9436136,1,0,0.58
I2,I,26,,0.0012702705019269,0.0012702705019269,32714772.229191307,1,0,0.58
I3,I,26,,0.002222973378372,0.002222973378372,34636662.99634519,1,0,0.58
P1,P,27,-0.0003478669033955,-0.0022961311506819,-0.0026439980540774,20000000.0,1,0,0.58
P2,P,27,-0.0002489449854552,-0.0031632215729527,-0.0034121665584079,20000000.0,1,0,0.58
I1,I,27,,0.0025405410038538,0.0025405410038538,36254468.5621694,1,0,0.58
I2,I,27,,0.0012702705019269,0.0012702705019269,32529685.918074213,1,0,0.58
I3,I,27,,0.002222973378372,0.002222973378372,34444049.797321714,1,0,0.58
P1,P,28,-0.000331459502198,-0.0023191583665444,-0.0026506178687425,20000000.0,1,0,0.58
P2,P,28,-0.0002369506515731,-0.0031648173610442,-0.0034017680126173,20000000.0,1,0,0.58
I1,I,28,,0.0025405410038538,0.0025405410038538,36066957.31775082,1,0,0.58
I2,I,28,,0.0012702705019269,0.0012702705019269,32358468.59396059,1,0,0.58
I3,I,28,,0.002222973378372,0.002222973378372,34265755.89492912,1,0,0.58
P1,P,29,-0.0003162747949399,-0.0023408049293554,-0.0026570797242954,20000000.0,1,0,0.58
P2,P,29,-0.0002259678288123,-0.0031661068355636,-0.0033920746643759,20000000.0,1,0,0.58
I1,I,29,,0.0025405410038538,0.0025405410038538,35892642.31009686,1,0,0.58
I2,I,29,,0.0012702705019269,0.0012702705019269,32199567.16544184,1,0,0.58
I3,I,29,,0.002222973378372,0.002222973378372,34100187.838907704,1,0,0.58
P1,P,0,-0.0015509044244545,0.0,-0.0015509044244545,20000000.0,1,9,0.58
P2,P,0,-0.0018605475296671,0.0,-0.0018605475296671,20000000.0,1,9,0.58
I1,I,0,,0.0025417829031318,0.0025417829031318,39871084.995335706,1,9,0.58
I2,I,0,,0.0012708914515659,0.0012708914515659,36028776.4706984,1,9,0.58
I3,I,0,,,,,0,9,0.58
P1,P,1,-0.0014424121448451,0.0,-0.0014424121448451,20000000.0,1,9,0.58
P2,P,1,-0.001712366939023,0.0,-0.001712366939023,20000000.0,1,9,0.58
I1,I,1,,0.0025417829031318,0.0025417829031318,40007661.816766135,1,9,0.58
I2,I,1,,0.0012708914515659,0.0012708914515659,36180460.80157251,1,9,0.58
I3,I,1,,,,,0,9,0.58
P1,P,2,-0.001439917071271,0.0,-0.001439917071271,20000000.0,1,9,0.58
P2,P,2,-0.0016967487359174,0.0,-0.0016967487359174,20000000.0,1,9,0.58
I1,I,2,,0.0025417829031318,0.0025417829031318,40381739.02079408,1,9,0.58
I2,I,2,,0.0012708914515659,0.0012708914515659,36467186.28896342,1,9,0.58
I3,I,2,,,,,0,9,0.58
P1,P,3,-0.0014638438730807,0.0,-0.0014638438730807,20000000.0,1,9,0.58
P2,P,3,-0.0017171489978361,0.0,-0.0017171489978361,20000000.0,1,9,0.58
I1,I,3,,0.0025417829031318,0.0025417829031318,40659545.21725059,1,9,0.58
I2,I,3,,0.0012708914515659,0.0012708914515659,36686239.232649386,1,9,0.58
I3,I,3,,,,,0,9,0.58
P1,P,4,-0.0014951295222334,0.0,-0.0014951295222334,20000000.0,1,9,0.58
P2,P,4,-0.001749816279734,0.0,-0.001749816279734,20000000.0,1,9,0.58
I1,I,4,,0.0025417829031318,0.0025417829031318,40864668.1358828,1,9,0.58
I2,I,4,,0.0012708914515659,0.0012708914515659,36855937.62603408,1,9,0.58
I3,I,4,,,,,0,9,0.58
P1,P,5,-0.0016209570356793,0.0,-0.0016209570356793,20000000.0,1,9,0.58
P2,P,5,-0.0017522602216143,-6.62432754008554e-05,-0.0018185034970151,20000000.0,1,9,0.58
I1,I,5,,0.0025417829031318,0.0025417829031318,41527233.85672788,1,9,0.58
I2,I,5,,0.0012708914515659,0.0012708914515659,37465949.55413054,1,9,0.58
I3,I,5,,,,,0,9,0.58
P1,P,6,-0.0017016074721556,0.0,-0.0017016074721556,20000000.0,1,9,0.58
P2,P,6,-0.0015348359306615,-0.0004221810422912,-0.0019570169729528,20000000.0,1,9,0.58
I1,I,6,,0.0025417829031318,0.0025417829031318,41684653.95951361,1,9,0.58
I2,I,6,,0.0012708914515659,0.0012708914515659,37572888.84716841,1,9,0.58
I3,I,6,,,,,0,9,0.58
P1,P,7,-0.0017092187241869,-3.129346117938865e-06,-0.0017123480703048,20000000.0,1,9,0.58
P2,P,7,-0.0013205070740525,-0.0008347347514308,-0.0021552418254834,20000000.0,1,9,0.58
I1,I,7,,0.0025417829031318,0.0025417829031318,41424392.91817348,1,9,0.58
I2,I,7,,0.0012708914515659,0.0012708914515659,37271596.25844992,1,9,0.58
I3,I,7,,,,,0,9,0.58
P1,P,8,-0.0016033193704449,-9.278547015827052e-05,-0.0016961048406032,20000000.0,1,9,0.58
P2,P,8,-0.0011497887853642,-0.0011486849382978,-0.0022984737236621,20000000.0,1,9,0.58
I1,I,8,,0.0025417829031318,0.0025417829031318,40885005.74441397,1,9,0.58
I2,I,8,,0.0012708914515659,0.0012708914515659,36721392.842956,1,9,0.58
I3,I,8,,,,,0,9,0.58
P1,P,9,-0.0014599300809815,-0.0002669105473789,-0.0017268406283604,20000000.0,1,9,0.58
P2,P,9,-0.0010041702057791,-0.0013638294338327,-0.0023679996396118,20000000.0,1,9,0.58
I1,I,9,,0.0025417829031318,0.0025417829031318,40131299.288030736,1,9,0.58
I2,I,9,,0.0012708914515659,0.0012708914515659,35987109.88347865,1,9,0.58
I3,I,9,,,,,0,9,0.58
P1,P,10,-0.0015656604265173,-0.0005703816435992,-0.0021360420701166,20000000.0,1,9,0.58
P2,P,10,-0.0010182087907777,-0.0020690303234794,-0.0030872391142571,20000000.0,1,9,0.58
I1,I,10,,0.0025417829031318,0.0025417829031318,43190425.74350204,1,9,0.58
I2,I,10,,0.0012708914515659,0.0012708914515659,38880151.32732391,1,9,0.58
I3,I,10,,0.0022240600402403,0.0022240600402403,42638908.619449496,1,9,0.58
P1,P,11,-0.0014913597702307,-0.0008823951074664,-0.0023737548776972,20000000.0,1,9,0.58
P2,P,11,-0.0009619725596626,-0.0025298620694413,-0.003491834629104,20000000.0,1,9,0.58
I1,I,11,,0.0025417829031318,0.0025417829031318,43683022.51970376,1,9,0.58
I2,I,11,,0.0012708914515659,0.0012708914515659,39301707.28561419,1,9,0.58
I3,I,11,,0.0022240600402403,0.0022240600402403,42849174.09056938,1,9,0.58
P1,P,12,-0.0013535859685527,-0.0011286499692459,-0.0024822359377986,20000000.0,1,9,0.58
P2,P,12,-0.0008810337111243,-0.0027974985078197,-0.0036785322189441,20000000.0,1,9,0.58
I1,I,12,,0.0025417829031318,0.0025417829031318,43381271.78426783,1,9,0.58
I2,I,12,,0.0012708914515659,0.0012708914515659,38997944.25210956,1,9,0.58
I3,I,12,,0.0022240600402403,0.0022240600402403,42472045.0077577,1,9,0.58
P1,P,13,-0.001221148588016,-0.001295519931997,-0.002516668520013,20000000.0,1,9,0.58
P2,P,13,-0.0007980774605534,-0.002949282528584,-0.0037473599891374,20000000.0,1,9,0.58
I1,I,13,,0.0025417829031318,0.0025417829031318,42778376.92538619,1,9,0.58
I2,I,13,,0.0012708914515659,0.0012708914515659,38417826.17951214,1,9,0.58
I3,I,13,,0.0022240600402403,0.0022240600402403,41846278.75975546,1,9,0.58
P1,P,14,-0.0011014576074858,-0.0014167962523804,-0.0025182538598663,20000000.0,1,9,0.58
P2,P,14,-0.0007221218384631,-0.0030377720035038,-0.0037598938419669,20000000.0,1,9,0.58
I1,I,14,,0.0025417829031318,0.0025417829031318,42094228.24463103,1,9,0.58
I2,I,14,,0.0012708914515659,0.0012708914515659,37765989.183904745,1,9,0.58
I3,I,14,,0.0022240600402403,0.0022240600402403,41159056.18792976,1,9,0.58
P1,P,15,-0.0009924505986804,-0.0015191732469154,-0.0025116238455959,20000000.0,1,9,0.58
P2,P,15,-0.0006555089488741,-0.0030920851424101,-0.0037475940912842,20000000.0,1,9,0.58
I1,I,15,,0.0025417829031318,0.0025417829031318,41420780.08378981,1,9,0.58
I2,I,15,,0.0012708914515659,0.0012708914515659,37128174.93628058,1,9,0.58
I3,I,15,,0.0022240600402403,0.0022240600402403,40491281.79493637,1,9,0.58
P1,P,16,-0.0008942401992838,-0.0016140467997328,-0.0025082869990167,20000000.0,1,9,0.58
P2,P,16,-0.0005977375528687,-0.0031266205190358,-0.0037243580719046,20000000.0,1,9,0.58
I1,I,16,,0.0025417829031318,0.0025417829031318,40787975.18946946,1,9,0.58
I2,I,16,,0.0012708914515659,0.0012708914515659,36531815.119700186,1,9,0.58
I3,I,16,,0.0022240600402403,0.0022240600402403,39868401.12627736,1,9,0.58
P1,P,17,-0.0008078163023216,-0.0017027904222613,-0.002510606724583,20000000.0,1,9,0.58
P2,P,17,-0.0005475929393063,-0.0031486409594976,-0.003696233898804,20000000.0,1,9,0.58
I1,I,17,,0.0025417829031318,0.0025417829031318,40202382.74326047,1,9,0.58
I2,I,17,,0.0012708914515659,0.0012708914515659,35982225.66310946,1,9,0.58
I3,I,17,,0.0022240600402403,0.0022240600402403,39294826.783648185,1,9,0.58
P1,P,18,-0.0007333860537568,-0.0017841886046341,-0.002517574658391,20000000.0,1,9,0.58
P2,P,18,-0.0005038969232178,-0.0031620899408713,-0.0036659868640891,20000000.0,1,9,0.58
I1,I,18,,0.0025417829031318,0.0025417829031318,39664096.04001893,1,9,0.58
I2,I,18,,0.0012708914515659,0.0012708914515659,35478753.05317097,1,9,0.58
I3,I,18,,0.0022240600402403,0.0022240600402403,38769487.29658518,1,9,0.58
P1,P,19,-0.0006699129317394,-0.0018572639771704,-0.0025271769089098,20000000.0,1,9,0.58
P2,P,19,-0.0004657394816237,-0.0031698139718465,-0.0036355534534703,20000000.0,1,9,0.58
I1,I,19,,0.0025417829031318,0.0025417829031318,39172056.01710735,1,9,0.58
I2,I,19,,0.0012708914515659,0.0012708914515659,35019809.21698858,1,9,0.58
I3,I,19,,0.0022240600402403,0.0022240600402403,38290604.04798625,1,9,0.58
P1,P,20,-0.000615798082272,-0.0019222336183143,-0.0025380317005863,20000000.0,1,9,0.58
P2,P,20,-0.0004322669639062,-0.0031740100299279,-0.0036062769938342,20000000.0,1,9,0.58
I1,I,20,,0.0025417829031318,0.0025417829031318,38724173.64017953,1,9,0.58
I2,I,20,,0.0012708914515659,0.0012708914515659,34603009.49057183,1,9,0.58
I3,I,20,,0.0022240600402403,0.0022240600402403,37855663.25212632,1,9,0.58
P1,P,21,-0.0005693855265623,-0.0019798731152449,-0.0025492586418072,20000000.0,1,9,0.58
P2,P,21,-0.0004026888526278,-0.0031764362267898,-0.0035791250794176,20000000.0,1,9,0.58
I1,I,21,,0.0025417829031318,0.0025417829031318,38316897.32951526,1,9,0.58
I2,I,21,,0.0012708914515659,0.0012708914515659,34224644.727549665,1,9,0.58
I3,I,21,,0.0022240600402403,0.0022240600402403,37460859.77961595,1,9,0.58
P1,P,22,-0.000529272006853,-0.0020309941879097,-0.0025602661947627,20000000.0,1,9,0.58
P2,P,22,-0.0003763473539783,-0.0031781209207356,-0.0035544682747139,20000000.0,1,9,0.58
I1,I,22,,0.0025417829031318,0.0025417829031318,37946289.39604387,1,9,0.58
I2,I,22,,0.0012708914515659,0.0012708914515659,33880788.15068065,1,9,0.58
I3,I,22,,0.0022240600402403,0.0022240600402403,37102138.723726034,1,9,0.58
P1,P,23,-0.0004943461195685,-0.0020763831442598,-0.0025707292638283,20000000.0,1,9,0.58
P2,P,23,-0.000352786724088,-0.0031795018978204,-0.0035322886219084,20000000.0,1,9,0.58
I1,I,23,,0.0025417829031318,0.0025417829031318,37608708.85217577,1,9,0.58
I2,I,23,,0.0012708914515659,0.0012708914515659,33567937.94697987,1,9,0.58
I3,I,23,,0.0022240600402403,0.0022240600402403,36775827.60294678,1,9,0.58
P1,P,24,-0.0004637063093465,-0.0021167897547843,-0.0025804960641309,20000000.0,1,9,0.58
P2,P,24,-0.0003316737958376,-0.0031807437688223,-0.00351241756466,20000000.0,1,9,0.58
I1,I,24,,0.0025417829031318,0.0025417829031318,37300967.83620435,1,9,0.58
I2,I,24,,0.0012708914515659,0.0012708914515659,33283088.11119791,1,9,0.58
I3,I,24,,0.0022240600402403,0.0022240600402403,36478751.74686436,1,9,0.58
P1,P,25,-0.0004365966444525,-0.0021530404600555,-0.0025896371045081,20000000.0,1,9,0.58
P2,P,25,-0.0003127220451269,-0.00318188117989,-0.003494603225017,20000000.0,1,9,0.58
I1,I,25,,0.0025417829031318,0.0025417829031318,37019999.16169044,1,9,0.58
I2,I,25,,0.0012708914515659,0.0012708914515659,33023363.889711645,1,9,0.58
I3,I,25,,0.0022240600402403,0.0022240600402403,36207876.098085,1,9,0.58
P1,P,26,-0.0004124052851101,-0.002185934535555,-0.0025983398206652,20000000.0,1,9,0.58
P2,P,26,-0.0002956594236113,-0.0031828737209631,-0.0034785331445744,20000000.0,1,9,0.58
I1,I,26,,0.0025417829031318,0.0025417829031318,36762703.87700888,1,9,0.58
I2,I,26,,0.0012708914515659,0.0012708914515659,32785862.393146276,1,9,0.58
I3,I,26,,0.0022240600402403,0.0022240600402403,35960146.15253008,1,9,0.58
P1,P,27,-0.0003906120789756,-0.0022160328719169,-0.0026066449508926,20000000.0,1,9,0.58
P2,P,27,-0.0002802377548777,-0.0031837248562794,-0.0034639626111572,20000000.0,1,9,0.58
I1,I,27,,0.0025417829031318,0.0025417829031318,36526325.20125054,1,9,0.58
I2,I,27,,0.0012708914515659,0.0012708914515659,32567988.441371165,1,9,0.58
I3,I,27,,0.0022240600402403,0.0022240600402403,35732845.96959509,1,9,0.58
P1,P,28,-0.0003708166072657,-0.0022437973825376,-0.0026146139898034,20000000.0,1,9,0.58
P2,P,28,-0.000266237786822,-0.0031844219360008,-0.0034506597228228,20000000.0,1,9,0.58
I1,I,28,,0.0025417829031318,0.0025417829031318,36308428.11376628,1,9,0.58
I2,I,28,,0.0012708914515659,0.0012708914515659,32367454.77947703,1,9,0.58
I3,I,28,,0.0022240600402403,0.0022240600402403,35523587.76878701,1,9,0.58
P1,P,29,-0.0003527113664729,-0.0022695072040757,-0.0026222185705486,20000000.0,1,9,0.58
P2,P,29,-0.000253471511678,-0.003185018990032,-0.00343849050171,20000000.0,1,9,0.58
I1,I,29,,0.0025417829031318,0.0025417829031318,36106964.01836937,1,9,0.58
I2,I,29,,0.0012708914515659,0.0012708914515659,32182315.90106337,1,9,0.58
I3,I,29,,0.0022240600402403,0.0022240600402403,35330345.99802665,1,9,0.58
P1,P,0,-0.0014856979169538,0.0,-0.0014856979169538,20000000.0,1,19,0.5
P2,P,0,-0.001940506370705,0.0,-0.001940506370705,20000000.0,1,19,0.5
I1,I,0,,0.0025496798690879,0.0025496798690879,40311418.27567181,1,19,0.5
I2,I,0,,0.0012748399345439,0.0012748399345439,35688705.11391598,1,19,0.5
I3,I,0,,,,,0,19,0.5
P1,P,1,-0.0013899342514029,0.0,-0.0013899342514029,20000000.0,1,19,0.5
P2,P,1,-0.0017760337125453,0.0,-0.0017760337125453,20000000.0,1,19,0.5
I1,I,1,,0.0025496798690879,0.0025496798690879,40377625.30677384,1,19,0.5
I2,I,1,,0.0012748399345439,0.0012748399345439,35875061.38773207,1,19,0.5
I3,I,1,,,,,0,19,0.5
P1,P,2,-0.0013901956710166,0.0,-0.0013901956710166,20000000.0,1,19,0.5
P2,P,2,-0.0017554430062426,0.0,-0.0017554430062426,20000000.0,1,19,0.5
I1,I,2,,0.0025496798690879,0.0025496798690879,40742984.83086448,1,19,0.5
I2,I,2,,0.0012748399345439,0.0012748399345439,36160826.26414018,1,19,0.5
I3,I,2,,,,,0,19,0.5
P1,P,3,-0.0014140565785828,0.0,-0.0014140565785828,20000000.0,1,19,0.5
P2,P,3,-0.0017747369060091,0.0,-0.0017747369060091,20000000.0,1,19,0.5
I1,I,3,,0.0025496798690879,0.0025496798690879,41021217.47062038,1,19,0.5
I2,I,3,,0.0012748399345439,0.0012748399345439,36376577.534816094,1,19,0.5
I3,I,3,,,,,0,19,0.5
P1,P,4,-0.0014444081573295,0.0,-0.0014444081573295,20000000.0,1,19,0.5
P2,P,4,-0.0018077976582207,0.0,-0.0018077976582207,20000000.0,1,19,0.5
I1,I,4,,0.0025496798690879,0.0025496798690879,41229188.1324096,1,19,0.5
I2,I,4,,0.0012748399345439,0.0012748399345439,36544112.780741714,1,19,0.5
I3,I,4,,,,,0,19,0.5
P1,P,5,-0.0015677127616646,0.0,-0.0015677127616646,20000000.0,1,19,0.5
P2,P,5,-0.0018037683190943,-6.329660851875573e-05,-0.0018670649276131,20000000.0,1,19,0.5
I1,I,5,,0.0025496798690879,0.0025496798690879,41927019.50754557,1,19,0.5
I2,I,5,,0.0012748399345439,0.0012748399345439,37176979.86556131,1,19,0.5
I3,I,5,,,,,0,19,0.5
P1,P,6,-0.0016471698431495,0.0,-0.0016471698431495,20000000.0,1,19,0.5
P2,P,6,-0.0015740430750271,-0.0004412971746094,-0.0020153402496366,20000000.0,1,19,0.5
I1,I,6,,0.0025496798690879,0.0025496798690879,42106226.57135533,1,19,0.5
I2,I,6,,0.0012748399345439,0.0012748399345439,37294260.40611128,1,19,0.5
I3,I,6,,,,,0,19,0.5
P1,P,7,-0.0016601944617882,-1.3277818302581862e-06,-0.0016615222436185,20000000.0,1,19,0.5
P2,P,7,-0.0013469420280773,-0.0008812259777726,-0.0022281680058499,20000000.0,1,19,0.5
I1,I,7,,0.0025496798690879,0.0025496798690879,41839257.59766191,1,19,0.5
I2,I,7,,0.0012748399345439,0.0012748399345439,36975852.90644127,1,19,0.5
I3,I,7,,,,,0,19,0.5
P1,P,8,-0.0015659576527999,-6.119653820228053e-05,-0.0016271541910022,20000000.0,1,19,0.5
P2,P,8,-0.0011707595987354,-0.0012098489232632,-0.0023806085219987,20000000.0,1,19,0.5
I1,I,8,,0.0025496798690879,0.0025496798690879,41304904.68865117,1,19,0.5
I2,I,8,,0.0012748399345439,0.0012748399345439,36424382.4147376,1,19,0.5
I3,I,8,,,,,0,19,0.5
P1,P,9,-0.0014174756939235,-0.0001982547169096,-0.0016157304108331,20000000.0,1,19,0.5
P2,P,9,-0.0010265734176698,-0.0014357325188744,-0.0024623059365443,20000000.0,1,19,0.5
I1,I,9,,0.0025496798690879,0.0025496798690879,40611454.038821466,1,19,0.5
I2,I,9,,0.0012748399345439,0.0012748399345439,35742873.206673265,1,19,0.5
I3,I,9,,,,,0,19,0.5
P1,P,10,-0.0012641472971871,-0.0003431428281925,-0.0016072901253796,20000000.0,1,19,0.5
P2,P,10,-0.0009039688130847,-0.0015889318556251,-0.0024929006687099,20000000.0,1,19,0.5
I1,I,10,,0.0025496798690879,0.0025496798690879,39855841.20247091,1,19,0.5
I2,I,10,,0.0012748399345439,0.0012748399345439,35014000.348528296,1,19,0.5
I3,I,10,,,,,0,19,0.5
P1,P,11,-0.001125721944655,-0.0004725223070831,-0.0015982442517381,20000000.0,1,19,0.5
P2,P,11,-0.0007999887007258,-0.0016921939155754,-0.0024921826163012,20000000.0,1,19,0.5
I1,I,11,,0.0025496798690879,0.0025496798690879,39104207.407115504,1,19,0.5
I2,I,11,,0.0012748399345439,0.0012748399345439,34296065.55283985,1,19,0.5
I3,I,11,,,,,0,19,0.5
P1,P,12,-0.0010063481885601,-0.0005770632548079,-0.0015834114433681,20000000.0,1,19,0.5
P2,P,12,-0.0007132645840104,-0.0017634599791118,-0.0024767245631222,20000000.0,1,19,0.5
I1,I,12,,0.0025496798690879,0.0025496798690879,38403745.39447342,1,19,0.5
I2,I,12,,0.0012748399345439,0.0012748399345439,33630677.511920765,1,19,0.5
I3,I,12,,,,,0,19,0.5
P1,P,13,-0.0009053487265496,-0.0006572821086124,-0.0015626308351621,20000000.0,1,19,0.5
P2,P,13,-0.0006418579036531,-0.0018158373875724,-0.0024576952912255,20000000.0,1,19,0.5
I1,I,13,,0.0025496798690879,0.0025496798690879,37781313.92780887,1,19,0.5
I2,I,13,,0.0012748399345439,0.0012748399345439,33041620.58499376,1,19,0.5
I3,I,13,,,,,0,19,0.5
P1,P,14,-0.0008231161692592,-0.000721996647677,-0.0015451128169362,20000000.0,1,19,0.5
P2,P,14,-0.0005829357384697,-0.0018564817330311,-0.0024394174715008,20000000.0,1,19,0.5
I1,I,14,,0.0025496798690879,0.0025496798690879,37234765.503837965,1,19,0.5
I2,I,14,,0.0012748399345439,0.0012748399345439,32526518.13250062,1,19,0.5
I3,I,14,,,,,0,19,0.5
P1,P,15,-0.0007559564391618,-0.0007770087850285,-0.0015329652241904,20000000.0,1,19,0.5
P2,P,15,-0.0005336993641758,-0.0018888419166473,-0.0024225412808232,20000000.0,1,19,0.5
I1,I,15,,0.0025496798690879,0.0025496798690879,36752428.30181611,1,19,0.5
I2,I,15,,0.0012748399345439,0.0012748399345439,32074125.153126925,1,19,0.5
I3,I,15,,,,,0,19,0.5
P1,P,16,-0.0006991808255966,-0.0008261034899302,-0.0015252843155268,20000000.0,1,19,0.5
P2,P,16,-0.0004919398653992,-0.0019150477799908,-0.0024069876453901,20000000.0,1,19,0.5
I1,I,16,,0.0025496798690879,0.0025496798690879,36323106.63616056,1,19,0.5
I2,I,16,,0.0012748399345439,0.0012748399345439,31673470.822592106,1,19,0.5
I3,I,16,,,,,0,19,0.5
P1,P,17,-0.0006493854503854,-0.0008721625914105,-0.0015215480417959,20000000.0,1,19,0.5
P2,P,17,-0.0004559970255791,-0.0019363714087217,-0.0023923684343009,20000000.0,1,19,0.5
I1,I,17,,0.0025496798690879,0.0025496798690879,35937053.032740854,1,19,0.5
I2,I,17,,0.0012748399345439,0.0012748399345439,31314982.983334094,1,19,0.5
I3,I,17,,,,,0,19,0.5
P1,P,18,-0.0006047645246414,-0.0009163855133633,-0.0015211500380047,20000000.0,1,19,0.5
P2,P,18,-0.0004246763024429,-0.0019535770904454,-0.0023782533928883,20000000.0,1,19,0.5
I1,I,18,,0.0025496798690879,0.0025496798690879,35586443.46087743,1,19,0.5
I2,I,18,,0.0012748399345439,0.0012748399345439,30990946.960049,1,19,0.5
I3,I,18,,,,,0,19,0.5
P1,P,19,-0.0005645352137544,-0.0009590503081352,-0.0015235855218897,20000000.0,1,19,0.5
P2,P,19,-0.0003970868842123,-0.001967141663134,-0.0023642285473464,20000000.0,1,19,0.5
I1,I,19,,0.0025496798690879,0.0025496798690879,35265304.08096625,1,19,0.5
I2,I,19,,0.0012748399345439,0.0012748399345439,30695447.187413637,1,19,0.5
I3,I,19,,,,,0,19,0.5
P1,P,20,-0.0006552729621024,-0.0013386561727939,-0.0019939291348963,20000000.0,1,19,0.5
P2,P,20,-0.0004570960832318,-0.0026659123523709,-0.0031230084356028,20000000.0,1,19,0.5
I1,I,20,,0.0025496798690879,0.0025496798690879,37955355.10967244,1,19,0.5
I2,I,20,,0.0012748399345439,0.0012748399345439,33230318.247551337,1,19,0.5
I3,I,20,,0.0019122599018159,0.0019122599018159,36961132.80767073,1,19,0.5
P1,P,21,-0.000654406826588,-0.0015408642734971,-0.0021952711000851,20000000.0,1,19,0.5
P2,P,21,-0.0004564649720929,-0.0029354997205939,-0.0033919646926868,20000000.0,1,19,0.5
I1,I,21,,0.0025496798690879,0.0025496798690879,38381435.04692965,1,19,0.5
I2,I,21,,0.0012748399345439,0.0012748399345439,33617960.12340652,1,19,0.5
I3,I,21,,0.0019122599018159,0.0019122599018159,37177063.43843354,1,19,0.5
P1,P,22,-0.0006196763423502,-0.0016459893142983,-0.0022656656566486,20000000.0,1,19,0.5
P2,P,22,-0.0004354636527331,-0.0030413844646696,-0.0034768481174028,20000000.0,1,19,0.5
I1,I,22,,0.0025496798690879,0.0025496798690879,38276876.2884644,1,19,0.5
I2,I,22,,0.0012748399345439,0.0012748399345439,33521184.513911918,1,19,0.5
I3,I,22,,0.0019122599018159,0.0019122599018159,37013428.685312495,1,19,0.5
P1,P,23,-0.000578484515111,-0.0017124588975437,-0.0022909434126548,20000000.0,1,19,0.5
P2,P,23,-0.0004097975569188,-0.0030862452384235,-0.0034960427953423,20000000.0,1,19,0.5
I1,I,23,,0.0025496798690879,0.0025496798690879,38018121.12879173,1,19,0.5
I2,I,23,,0.0012748399345439,0.0012748399345439,33282062.408456896,1,19,0.5
I3,I,23,,0.0019122599018159,0.0019122599018159,36733172.77811825,1,19,0.5
P1,P,24,-0.0005392767419002,-0.0017631306285911,-0.0023024073704914,20000000.0,1,19,0.5
P2,P,24,-0.0003847403828747,-0.0031076508534987,-0.0034923912363735,20000000.0,1,19,0.5
I1,I,24,,0.0025496798690879,0.0025496798690879,37725335.96145342,1,19,0.5
I2,I,24,,0.0012748399345439,0.0012748399345439,33011966.417941444,1,19,0.5
I3,I,24,,0.0019122599018159,0.0019122599018159,36433318.46621293,1,19,0.5
P1,P,25,-0.0005040037006342,-0.0018062004217516,-0.0023102041223858,20000000.0,1,19,0.5
P2,P,25,-0.0003616940100723,-0.0031195332949292,-0.0034812273050015,20000000.0,1,19,0.5
I1,I,25,,0.0025496798690879,0.0025496798690879,37437288.54273197,1,19,0.5
I2,I,25,,0.0012748399345439,0.0012748399345439,32746775.566867888,1,19,0.5
I3,I,25,,0.0019122599018159,0.0019122599018159,36144718.483792685,1,19,0.5
P1,P,26,-0.0004726571414653,-0.0018446217350566,-0.0023172788765219,20000000.0,1,19,0.5
P2,P,26,-0.0003408234361052,-0.0031271419750151,-0.0034679654111203,20000000.0,1,19,0.5
I1,I,26,,0.0025496798690879,0.0025496798690879,37165309.38677842,1,19,0.5
I2,I,26,,0.0012748399345439,0.0012748399345439,32496831.34751868,1,19,0.5
I3,I,26,,0.0019122599018159,0.0019122599018159,35875436.74317696,1,19,0.5
P1,P,27,-0.000444782734731,-0.0018794616344949,-0.0023242443692259,20000000.0,1,19,0.5
P2,P,27,-0.0003219661757253,-0.0031325627165122,-0.0034545288922376,20000000.0,1,19,0.5
I1,I,27,,0.0025496798690879,0.0025496798690879,36911943.84422727,1,19,0.5
I2,I,27,,0.0012748399345439,0.0012748399345439,32264346.756169107,1,19,0.5
I3,I,27,,0.0019122599018159,0.0019122599018159,35626470.08560076,1,19,0.5
P1,P,28,-0.0004198630848943,-0.0019114223704621,-0.0023312854553564,20000000.0,1,19,0.5
P2,P,28,-0.0003049076118437,-0.0031366043948734,-0.0034415120067171,20000000.0,1,19,0.5
I1,I,28,,0.0025496798690879,0.0025496798690879,36676753.48198817,1,19,0.5
I2,I,28,,0.0012748399345439,0.0012748399345439,32048847.699662697,1,19,0.5
I3,I,28,,0.0019122599018159,0.0019122599018159,35396598.97888029,1,19,0.5
P1,P,29,-0.0003974382361759,-0.0019410299644276,-0.0023384682006035,20000000.0,1,19,0.5
P2,P,29,-0.0002894434392053,-0.0031395847329181,-0.0034290281721234,20000000.0,1,19,0.5
I1,I,29,,0.0025496798690879,0.0025496798690879,36458400.91239401,1,19,0.5
I2,I,29,,0.0012748399345439,0.0012748399345439,31849069.444527414,1,19,0.5
I3,I,29,,0.0019122599018159,0.0019122599018159,35184063.927322164,1,19,0.5
P1,P,0,-0.0014885041787049,0.0,-0.0014885041787049,20000000.0,1,21,0.5
P2,P,0,-0.0017953296292802,0.0,-0.0017953296292802,20000000.0,1,21,0.5
I1,I,0,,0.0025429300513688,0.0025429300513688,40758806.88339727,1,21,0.5
I2,I,0,,0.0012714650256844,0.0012714650256844,35706947.011172906,1,21,0.5
I3,I,0,,,,,0,21,0.5
P1,P,1,-0.0013886849444261,0.0,-0.0013886849444261,20000000.0,1,21,0.5
P2,P,1,-0.0016528980106834,0.0,-0.0016528980106834,20000000.0,1,21,0.5
I1,I,1,,0.0025429300513688,0.0025429300513688,40771047.99264259,1,21,0.5
I2,I,1,,0.0012714650256844,0.0012714650256844,35958375.2629804,1,21,0.5
I3,I,1,,,,,0,21,0.5
P1,P,2,-0.0013918462327121,0.0,-0.0013918462327121,20000000.0,1,21,0.5
P2,P,2,-0.0016416889926465,0.0,-0.0016416889926465,20000000.0,1,21,0.5
I1,I,2,,0.0025429300513688,0.0025429300513688,41159060.2987323,1,21,0.5
I2,I,2,,0.0012714650256844,0.0012714650256844,36302333.6978806,1,21,0.5
I3,I,2,,,,,0,21,0.5
P1,P,3,-0.0014200285965116,0.0,-0.0014200285965116,20000000.0,1,21,0.5
P2,P,3,-0.0016661438008601,0.0,-0.0016661438008601,20000000.0,1,21,0.5
I1,I,3,,0.0025429300513688,0.0025429300513688,41469606.09065312,1,21,0.5
I2,I,3,,0.0012714650256844,0.0012714650256844,36564634.31967242,1,21,0.5
I3,I,3,,,,,0,21,0.5
P1,P,4,-0.0014548595716009,0.0,-0.0014548595716009,20000000.0,1,21,0.5
P2,P,4,-0.0017026640937143,0.0,-0.0017026640937143,20000000.0,1,21,0.5
I1,I,4,,0.0025429300513688,0.0025429300513688,41711322.57838668,1,21,0.5
I2,I,4,,0.0012714650256844,0.0012714650256844,36773021.30421992,1,21,0.5
I3,I,4,,,,,0,21,0.5
P1,P,5,-0.0015932642331551,0.0,-0.0015932642331551,20000000.0,1,21,0.5
P2,P,5,-0.0017154049819856,-7.329376621804071e-05,-0.0017886987482036,20000000.0,1,21,0.5
I1,I,5,,0.0025429300513688,0.0025429300513688,42514771.88840556,1,21,0.5
I2,I,5,,0.0012714650256844,0.0012714650256844,37514196.86634416,1,21,0.5
I3,I,5,,,,,0,21,0.5
P1,P,6,-0.0016832664464315,0.0,-0.0016832664464315,20000000.0,1,21,0.5
P2,P,6,-0.001512105353971,-0.0004349823362335,-0.0019470876902046,20000000.0,1,21,0.5
I1,I,6,,0.0025429300513688,0.0025429300513688,42762413.54773635,1,21,0.5
I2,I,6,,0.0012714650256844,0.0012714650256844,37701815.303058766,1,21,0.5
I3,I,6,,,,,0,21,0.5
P1,P,7,-0.0016901756786492,-6.396028744427506e-06,-0.0016965717073936,20000000.0,1,21,0.5
P2,P,7,-0.0013139390152414,-0.0008396017056161,-0.0021535407208576,20000000.0,1,21,0.5
I1,I,7,,0.0025429300513688,0.0025429300513688,42568355.20264207,1,21,0.5
I2,I,7,,0.0012714650256844,0.0012714650256844,37460672.56343359,1,21,0.5
I3,I,7,,,,,0,21,0.5
P1,P,8,-0.0015861817744193,-0.000108255866701,-0.0016944376411204,20000000.0,1,21,0.5
P2,P,8,-0.0011618694702549,-0.0011307186007304,-0.0022925880709853,20000000.0,1,21,0.5
I1,I,8,,0.0025429300513688,0.0025429300513688,42077779.84581678,1,21,0.5
I2,I,8,,0.0012714650256844,0.0012714650256844,36958176.17218963,1,21,0.5
I3,I,8,,,,,0,21,0.5
P1,P,9,-0.0014499000228416,-0.0002817286212018,-0.0017316286440434,20000000.0,1,21,0.5
P2,P,9,-0.0010308233653357,-0.001323587496636,-0.0023544108619717,20000000.0,1,21,0.5
I1,I,9,,0.0025429300513688,0.0025429300513688,41373099.37829752,1,21,0.5
I2,I,9,,0.0012714650256844,0.0012714650256844,36271381.14550641,1,21,0.5
I3,I,9,,,,,0,21,0.5
P1,P,10,-0.0013083399801043,-0.000436745418895,-0.0017450853989994,20000000.0,1,21,0.5
P2,P,10,-0.0009121945625614,-0.0014575983947514,-0.0023697929573129,20000000.0,1,21,0.5
I1,I,10,,0.0025429300513688,0.0025429300513688,40582025.89155949,1,21,0.5
I2,I,10,,0.0012714650256844,0.0012714650256844,35508825.199533045,1,21,0.5
I3,I,10,,,,,0,21,0.5
P1,P,11,-0.0011703902285998,-0.0005644340423102,-0.0017348242709101,20000000.0,1,21,0.5
P2,P,11,-0.0008078409407753,-0.0015552803286881,-0.0023631212694634,20000000.0,1,21,0.5
I1,I,11,,0.0025429300513688,0.0025429300513688,39801060.04417299,1,21,0.5
I2,I,11,,0.0012714650256844,0.0012714650256844,34757956.83359431,1,21,0.5
I3,I,11,,,,,0,21,0.5
P1,P,12,-0.0010449170510138,-0.0006654425109615,-0.0017103595619753,20000000.0,1,21,0.5
P2,P,12,-0.0007194577892315,-0.0016295290243633,-0.0023489868135948,20000000.0,1,21,0.5
I1,I,12,,0.0025429300513688,0.0025429300513688,39084972.31388244,1,21,0.5
I2,I,12,,0.0012714650256844,0.0012714650256844,34070413.163063176,1,21,0.5
I3,I,12,,,,,0,21,0.5
P1,P,13,-0.0009414390369978,-0.0007443953180979,-0.0016858343550957,20000000.0,1,21,0.5
P2,P,13,-0.0006458166560759,-0.0016876549523224,-0.0023334716083984,20000000.0,1,21,0.5
I1,I,13,,0.0025429300513688,0.0025429300513688,38446061.98823944,1,21,0.5
I2,I,13,,0.0012714650256844,0.0012714650256844,33458653.090314023,1,21,0.5
I3,I,13,,,,,0,21,0.5
P1,P,14,-0.0008574785376931,-0.000806993516568,-0.0016644720542612,20000000.0,1,21,0.5
P2,P,14,-0.0005845626827053,-0.0017341971318512,-0.0023187598145565,20000000.0,1,21,0.5
I1,I,14,,0.0025429300513688,0.0025429300513688,37881388.29249676,1,21,0.5
I2,I,14,,0.0012714650256844,0.0012714650256844,32919914.474538915,1,21,0.5
I3,I,14,,,,,0,21,0.5
P1,P,15,-0.0007877595406028,-0.0008592237095879,-0.0016469832501907,20000000.0,1,21,0.5
P2,P,15,-0.0005332809749747,-0.0017722138130714,-0.0023054947880461,20000000.0,1,21,0.5
I1,I,15,,0.0025429300513688,0.0025429300513688,37383053.017263584,1,21,0.5
I2,I,15,,0.0012714650256844,0.0012714650256844,32446364.848590832,1,21,0.5
I3,I,15,,,,,0,21,0.5
P1,P,16,-0.0007280095218389,-0.0009057675779003,-0.0016337770997392,20000000.0,1,21,0.5
P2,P,16,-0.0004898255373886,-0.0018037912464506,-0.0022936167838392,20000000.0,1,21,0.5
I1,I,16,,0.0025429300513688,0.0025429300513688,36941018.30146202,1,21,0.5
I2,I,16,,0.0012714650256844,0.0012714650256844,32028111.59394717,1,21,0.5
I3,I,16,,,,,0,21,0.5
P1,P,17,-0.0006755166814711,-0.0009492709320512,-0.0016247876135224,20000000.0,1,21,0.5
P2,P,17,-0.0004525343449828,-0.0018302743951007,-0.0022828087400836,20000000.0,1,21,0.5
I1,I,17,,0.0025429300513688,0.0025429300513688,36545114.38218672,1,21,0.5
I2,I,17,,0.0012714650256844,0.0012714650256844,31655113.84818549,1,21,0.5
I3,I,17,,,,,0,21,0.5
P1,P,18,-0.0006288279973131,-0.0009905503167596,-0.0016193783140727,20000000.0,1,21,0.5
P2,P,18,-0.0004202437545786,-0.001852278344478,-0.0022725220990567,20000000.0,1,21,0.5
I1,I,18,,0.0025429300513688,0.0025429300513688,36187161.97204472,1,21,0.5
I2,I,18,,0.0012714650256844,0.0012714650256844,31319288.261014964,1,21,0.5
I3,I,18,,,,,0,21,0.5
P1,P,19,-0.0005869661062923,-0.0010296074397708,-0.0016165735460631,20000000.0,1,21,0.5
P2,P,19,-0.0003920640347207,-0.0018704092929568,-0.0022624733276775,20000000.0,1,21,0.5
I1,I,19,,0.0025429300513688,0.0025429300513688,35861623.518069714,1,21,0.5
I2,I,19,,0.0012714650256844,0.0012714650256844,31015060.34784589,1,21,0.5
I3,I,19,,,,,0,21,0.5
P1,P,20,-0.0005493566456553,-0.0010663957736502,-0.0016157524193055,20000000.0,1,21,0.5
P2,P,20,-0.0003672745630304,-0.0018853736242214,-0.0022526481872518,20000000.0,1,21,0.5
I1,I,20,,0.0025429300513688,0.0025429300513688,35564268.03267973,1,21,0.5
I2,I,20,,0.0012714650256844,0.0012714650256844,30738126.451599486,1,21,0.5
I3,I,20,,,,,0,21,0.5
P1,P,21,-0.0005156860726728,-0.0011013000558543,-0.0016169861285271,20000000.0,1,21,0.5
P2,P,21,-0.0003452627686391,-0.0018975255232155,-0.0022427882918547,20000000.0,1,21,0.5
I1,I,21,,0.0025429300513688,0.0025429300513688,35290974.67060953,1,21,0.5
I2,I,21,,0.0012714650256844,0.0012714650256844,30484402.906158675,1,21,0.5
I3,I,21,,,,,0,21,0.5
P1,P,22,-0.0006097155283329,-0.0015268817210396,-0.0021365972493726,20000000.0,1,21,0.5
P2,P,22,-0.000403246805189,-0.0025806796534959,-0.002983926458685,20000000.0,1,21,0.5
I1,I,22,,0.0025429300513688,0.0025429300513688,38065700.83054019,1,21,0.5
I2,I,22,,0.0012714650256844,0.0012714650256844,33081953.687682208,1,21,0.5
I3,I,22,,0.0019071975385266,0.0019071975385266,37116616.09324792,1,21,0.5
P1,P,23,-0.0006107913415773,-0.0017305076547765,-0.0023412989963539,20000000.0,1,21,0.5
P2,P,23,-0.0004035639233372,-0.002833595738977,-0.0032371596623142,20000000.0,1,21,0.5
I1,I,23,,0.0025429300513688,0.0025429300513688,38509070.76853161,1,21,0.5
I2,I,23,,0.0012714650256844,0.0012714650256844,33492248.36162019,1,21,0.5
I3,I,23,,0.0019071975385266,0.0019071975385266,37345112.07513643,1,21,0.5
P1,P,24,-0.0005795919598945,-0.0018296125472235,-0.002409204507118,20000000.0,1,21,0.5
P2,P,24,-0.0003854660623578,-0.0029276765392556,-0.0033131426016135,20000000.0,1,21,0.5
I1,I,24,,0.0025429300513688,0.0025429300513688,38424198.75351578,1,21,0.5
I2,I,24,,0.0012714650256844,0.0012714650256844,33414839.423520755,1,21,0.5
I3,I,24,,0.0019071975385266,0.0019071975385266,37199272.40325303,1,21,0.5
P1,P,25,-0.000542244991105,-0.0018900905782938,-0.0024323355693989,20000000.0,1,21,0.5
P2,P,25,-0.0003634693068785,-0.0029659558287791,-0.0033294251356577,20000000.0,1,21,0.5
I1,I,25,,0.0025429300513688,0.0025429300513688,38192089.07484586,1,21,0.5
I2,I,25,,0.0012714650256844,0.0012714650256844,33199636.03878814,1,21,0.5
I3,I,25,,0.0019071975385266,0.0019071975385266,36943575.91754551,1,21,0.5
P1,P,26,-0.000506573341013,-0.0019353891306054,-0.0024419624716185,20000000.0,1,21,0.5
P2,P,26,-0.000342056717341,-0.0029844398085978,-0.0033264965259389,20000000.0,1,21,0.5
I1,I,26,,0.0025429300513688,0.0025429300513688,37928943.30181203,1,21,0.5
I2,I,26,,0.0012714650256844,0.0012714650256844,32955413.81301417,1,21,0.5
I3,I,26,,0.0019071975385266,0.0019071975385266,36671032.86822932,1,21,0.5
P1,P,27,-0.0004744071215711,-0.0019733083176138,-0.002447715439185,20000000.0,1,21,0.5
P2,P,27,-0.0003223251805842,-0.0029955308701003,-0.0033178560506846,20000000.0,1,21,0.5
I1,I,27,,0.0025429300513688,0.0025429300513688,37670645.979648456,1,21,0.5
I2,I,27,,0.0012714650256844,0.0012714650256844,32715809.56877569,1,21,0.5
I3,I,27,,0.0019071975385266,0.0019071975385266,36409755.41640908,1,21,0.5
P1,P,28,-0.0004457835731851,-0.0020067100205024,-0.0024524935936875,20000000.0,1,21,0.5
P2,P,28,-0.0003044057557692,-0.0030034819592563,-0.0033078877150256,20000000.0,1,21,0.5
I1,I,28,,0.0025429300513688,0.0025429300513688,37427111.73188134,1,21,0.5
I2,I,28,,0.0012714650256844,0.0012714650256844,32490085.71592321,1,21,0.5
I3,I,28,,0.0019071975385266,0.0019071975385266,36166505.51001227,1,21,0.5
P1,P,29,-0.0004202832619603,-0.0020368606644403,-0.0024571439264006,20000000.0,1,21,0.5
P2,P,29,-0.000288189390957,-0.0030097186495287,-0.0032979080404858,20000000.0,1,21,0.5
I1,I,29,,0.0025429300513688,0.0025429300513688,37200165.66473754,1,21,0.5
I2,I,29,,0.0012714650256844,0.0012714650256844,32279946.620692484,1,21,0.5
I3,I,29,,0.0019071975385266,0.0019071975385266,35941643.685046606,1,21,0.5
P1,P,0,-0.0016263201703604,0.0,-0.0016263201703604,20000000.0,1,17,0.5
P2,P,0,-0.0017856153731246,0.0,-0.0017856153731246,20000000.0,1,17,0.5
I1,I,0,,0.0025433168705508,0.0025433168705508,40290311.259613134,1,17,0.5
I2,I,0,,0.0012716584352754,0.0012716584352754,36084037.3183359,1,17,0.5
I3,I,0,,,,,0,17,0.5
P1,P,1,-0.0015063768733846,0.0,-0.0015063768733846,20000000.0,1,17,0.5
P2,P,1,-0.001646951528464,0.0,-0.001646951528464,20000000.0,1,17,0.5
I1,I,1,,0.0025433168705508,0.0025433168705508,40379259.46968578,1,17,0.5
I2,I,1,,0.0012716584352754,0.0012716584352754,36265447.97118009,1,17,0.5
I3,I,1,,,,,0,17,0.5
P1,P,2,-0.0015012010708362,0.0,-0.0015012010708362,20000000.0,1,17,0.5
P2,P,2,-0.0016325649171234,0.0,-0.0016325649171234,20000000.0,1,17,0.5
I1,I,2,,0.0025433168705508,0.0025433168705508,40751653.98274751,1,17,0.5
I2,I,2,,0.0012716584352754,0.0012716584352754,36565478.8719343,1,17,0.5
I3,I,2,,,,,0,17,0.5
P1,P,3,-0.0015253115659862,0.0,-0.0015253115659862,20000000.0,1,17,0.5
P2,P,3,-0.0016523649707127,0.0,-0.0016523649707127,20000000.0,1,17,0.5
I1,I,3,,0.0025433168705508,0.0025433168705508,41031506.228802025,1,17,0.5
I2,I,3,,0.0012716584352754,0.0012716584352754,36790640.234119445,1,17,0.5
I3,I,3,,,,,0,17,0.5
P1,P,4,-0.0015578160507018,0.0,-0.0015578160507018,20000000.0,1,17,0.5
P2,P,4,-0.0016839879660677,0.0,-0.0016839879660677,20000000.0,1,17,0.5
I1,I,4,,0.0025433168705508,0.0025433168705508,41239946.88944623,1,17,0.5
I2,I,4,,0.0012716584352754,0.0012716584352754,36964508.20437835,1,17,0.5
I3,I,4,,,,,0,17,0.5
P1,P,5,-0.0016890292563425,0.0,-0.0016890292563425,20000000.0,1,17,0.5
P2,P,5,-0.0016899399445621,-6.349081052079007e-05,-0.0017534307550829,20000000.0,1,17,0.5
I1,I,5,,0.0025433168705508,0.0025433168705508,41913409.0599128,1,17,0.5
I2,I,5,,0.0012716584352754,0.0012716584352754,37578193.6809109,1,17,0.5
I3,I,5,,,,,0,17,0.5
P1,P,6,-0.0017737022756649,0.0,-0.0017737022756649,20000000.0,1,17,0.5
P2,P,6,-0.0014990865958662,-0.0003886470273111,-0.0018877336231774,20000000.0,1,17,0.5
I1,I,6,,0.0025433168705508,0.0025433168705508,42075623.85026483,1,17,0.5
I2,I,6,,0.0012716584352754,0.0012716584352754,37691143.09664036,1,17,0.5
I3,I,6,,,,,0,17,0.5
P1,P,7,-0.0017866542596713,-1.8160262649053025e-06,-0.0017884702859362,20000000.0,1,17,0.5
P2,P,7,-0.0013091768351467,-0.0007612215377898,-0.0020703983729366,20000000.0,1,17,0.5
I1,I,7,,0.0025433168705508,0.0025433168705508,41840836.31891277,1,17,0.5
I2,I,7,,0.0012716584352754,0.0012716584352754,37420644.19725833,1,17,0.5
I3,I,7,,,,,0,17,0.5
P1,P,8,-0.0016672610729933,-9.780870279123574e-05,-0.0017650697757846,20000000.0,1,17,0.5
P2,P,8,-0.0011542147123765,-0.0010516380640274,-0.002205852776404,20000000.0,1,17,0.5
I1,I,8,,0.0025433168705508,0.0025433168705508,41350442.62105258,1,17,0.5
I2,I,8,,0.0012716584352754,0.0012716584352754,36923269.02856106,1,17,0.5
I3,I,8,,,,,0,17,0.5
P1,P,9,-0.0015040611582004,-0.0003032157322934,-0.0018072768904939,20000000.0,1,17,0.5
P2,P,9,-0.0010151990857212,-0.0012593655192818,-0.0022745646050031,20000000.0,1,17,0.5
I1,I,9,,0.0025433168705508,0.0025433168705508,40626920.99461407,1,17,0.5
I2,I,9,,0.0012716584352754,0.0012716584352754,36221808.17255968,1,17,0.5
I3,I,9,,,,,0,17,0.5
P1,P,10,-0.001346767771907,-0.0004866493610796,-0.0018334171329866,20000000.0,1,17,0.5
P2,P,10,-0.0008896801505681,-0.0014013864260304,-0.0022910665765986,20000000.0,1,17,0.5
I1,I,10,,0.0025433168705508,0.0025433168705508,39790900.989634,1,17,0.5
I2,I,10,,0.0012716584352754,0.0012716584352754,35419881.16816694,1,17,0.5
I3,I,10,,,,,0,17,0.5
P1,P,11,-0.0012044736428122,-0.0006274757146051,-0.0018319493574174,20000000.0,1,17,0.5
P2,P,11,-0.0007812668633046,-0.0014972139079977,-0.0022784807713023,20000000.0,1,17,0.5
I1,I,11,,0.0025433168705508,0.0025433168705508,38958356.419346325,1,17,0.5
I2,I,11,,0.0012716584352754,0.0012716584352754,34623670.67482111,1,17,0.5
I3,I,11,,,,,0,17,0.5
P1,P,12,-0.0010779234883904,-0.0007311824987064,-0.0018091059870969,20000000.0,1,17,0.5
P2,P,12,-0.0006914348984961,-0.0015649969287234,-0.0022564318272195,20000000.0,1,17,0.5
I1,I,12,,0.0025433168705508,0.0025433168705508,38204097.3227291,1,17,0.5
I2,I,12,,0.0012716584352754,0.0012716584352754,33903213.48451801,1,17,0.5
I3,I,12,,,,,0,17,0.5
P1,P,13,-0.0009704085407907,-0.000808993750029,-0.0017794022908198,20000000.0,1,17,0.5
P2,P,13,-0.000618567420469,-0.0016168203105007,-0.0022353877309697,20000000.0,1,17,0.5
I1,I,13,,0.0025433168705508,0.0025433168705508,37552748.1868624,1,17,0.5
I2,I,13,,0.0012716584352754,0.0012716584352754,33282075.021375798,1,17,0.5
I3,I,13,,,,,0,17,0.5
P1,P,14,-0.0008845380937284,-0.0008717187264332,-0.0017562568201616,20000000.0,1,17,0.5
P2,P,14,-0.0005591566890177,-0.0016581417243303,-0.0022172984133481,20000000.0,1,17,0.5
I1,I,14,,0.0025433168705508,0.0025433168705508,36991466.35112506,1,17,0.5
I2,I,14,,0.0012716584352754,0.0012716584352754,32748567.150054622,1,17,0.5
I3,I,14,,,,,0,17,0.5
P1,P,15,-0.0008149404931048,-0.0009245319028254,-0.0017394723959302,20000000.0,1,17,0.5
P2,P,15,-0.0005099505506589,-0.0016919723222947,-0.0022019228729536,20000000.0,1,17,0.5
I1,I,15,,0.0025433168705508,0.0025433168705508,36503247.17081546,1,17,0.5
I2,I,15,,0.0012716584352754,0.0012716584352754,32286304.212221663,1,17,0.5
I3,I,15,,,,,0,17,0.5
P1,P,16,-0.0007557209553186,-0.0009709452800525,-0.0017266662353711,20000000.0,1,17,0.5
P2,P,16,-0.0004686357061588,-0.0017204192813867,-0.0021890549875456,20000000.0,1,17,0.5
I1,I,16,,0.0025433168705508,0.0025433168705508,36075360.738323726,1,17,0.5
I2,I,16,,0.0012716584352754,0.0012716584352754,31882740.38079864,1,17,0.5
I3,I,16,,,,,0,17,0.5
P1,P,17,-0.0007035915800348,-0.0010140131682422,-0.0017176047482771,20000000.0,1,17,0.5
P2,P,17,-0.0004334786632877,-0.0017445618318276,-0.0021780404951153,20000000.0,1,17,0.5
I1,I,17,,0.0025433168705508,0.0025433168705508,35696550.44605449,1,17,0.5
I2,I,17,,0.0012716584352754,0.0012716584352754,31526908.107218955,1,17,0.5
I3,I,17,,,,,0,17,0.5
P1,P,18,-0.0008115943861253,-0.0014084912625106,-0.002220085648636,20000000.0,1,17,0.5
P2,P,18,-0.000491418627937,-0.002368703904383,-0.0028601225323201,20000000.0,1,17,0.5
I1,I,18,,0.0025433168705508,0.0025433168705508,38436936.29065485,1,17,0.5
I2,I,18,,0.0012716584352754,0.0012716584352754,34103613.03054125,1,17,0.5
I3,I,18,,0.0019074876529131,0.0019074876529131,36850672.09270653,1,17,0.5
P1,P,19,-0.0008092339279912,-0.0016307227904697,-0.0024399567184609,20000000.0,1,17,0.5
P2,P,19,-0.0004880744219446,-0.002636426747049,-0.0031245011689936,20000000.0,1,17,0.5
I1,I,19,,0.0025433168705508,0.0025433168705508,38882907.416667536,1,17,0.5
I2,I,19,,0.0012716584352754,0.0012716584352754,34515090.59424948,1,17,0.5
I3,I,19,,0.0019074876529131,0.0019074876529131,37107793.98562576,1,17,0.5
P1,P,20,-0.0007626807451377,-0.0017537951635597,-0.0025164759086975,20000000.0,1,17,0.5
P2,P,20,-0.0004632627382722,-0.002751302408749,-0.0032145651470212,20000000.0,1,17,0.5
I1,I,20,,0.0025433168705508,0.0025433168705508,38768296.87625496,1,17,0.5
I2,I,20,,0.0012716584352754,0.0012716584352754,34407561.95741591,1,17,0.5
I3,I,20,,0.0019074876529131,0.0019074876529131,36939004.72019205,1,17,0.5
P1,P,21,-0.0007061609214204,-0.0018361174851552,-0.0025422784065756,20000000.0,1,17,0.5
P2,P,21,-0.0004335509457807,-0.0028048002430287,-0.0032383511888094,20000000.0,1,17,0.5
I1,I,21,,0.0025433168705508,0.0025433168705508,38481939.60526746,1,17,0.5
I2,I,21,,0.0012716584352754,0.0012716584352754,34139160.06243097,1,17,0.5
I3,I,21,,0.0019074876529131,0.0019074876529131,36632435.89625584,1,17,0.5
P1,P,22,-0.0006513505849224,-0.0019009626859598,-0.0025523132708822,20000000.0,1,17,0.5
P2,P,22,-0.000404687043485,-0.0028328166289175,-0.0032375036724026,20000000.0,1,17,0.5
I1,I,22,,0.0025433168705508,0.0025433168705508,38154442.47012843,1,17,0.5
I2,I,22,,0.0012716584352754,0.0012716584352754,33832671.924806565,1,17,0.5
I3,I,22,,0.0019074876529131,0.0019074876529131,36298105.165368125,1,17,0.5
P1,P,23,-0.0006020263890038,-0.0019569996549574,-0.0025590260439612,20000000.0,1,17,0.5
P2,P,23,-0.0003782584018634,-0.0028491511441291,-0.0032274095459925,20000000.0,1,17,0.5
I1,I,23,,0.0025433168705508,0.0025433168705508,37829461.57506324,1,17,0.5
I2,I,23,,0.0012716584352754,0.0012716584352754,33529148.868314687,1,17,0.5
I3,I,23,,0.0019074876529131,0.0019074876529131,35972490.59316648,1,17,0.5
P1,P,24,-0.0005587330210263,-0.0020067367161321,-0.0025654697371585,20000000.0,1,17,0.5
P2,P,24,-0.0003544529956835,-0.0028596020153157,-0.0032140550109993,20000000.0,1,17,0.5
I1,I,24,,0.0025433168705508,0.0025433168705508,37521191.673251234,1,17,0.5
I2,I,24,,0.0012716584352754,0.0012716584352754,33241754.049699426,1,17,0.5
I3,I,24,,0.0019074876529131,0.0019074876529131,35666727.6953523,1,17,0.5
P1,P,25,-0.0005208972053047,-0.0020510635613499,-0.0025719607666547,20000000.0,1,17,0.5
P2,P,25,-0.0003330445751441,-0.0028670121934758,-0.0032000567686199,20000000.0,1,17,0.5
I1,I,25,,0.0025433168705508,0.0025433168705508,37233676.12840594,1,17,0.5
I2,I,25,,0.0012716584352754,0.0012716584352754,32974096.878113978,1,17,0.5
I3,I,25,,0.0019074876529131,0.0019074876529131,35383377.355584934,1,17,0.5
P1,P,26,-0.0004876126139454,-0.0020908514353237,-0.0025784640492691,20000000.0,1,17,0.5
P2,P,26,-0.0003137376564259,-0.0028727470314394,-0.0031864846878654,20000000.0,1,17,0.5
I1,I,26,,0.0025433168705508,0.0025433168705508,36967115.823543504,1,17,0.5
I2,I,26,,0.0012716584352754,0.0012716584352754,32726244.03212132,1,17,0.5
I3,I,26,,0.0019074876529131,0.0019074876529131,35121867.69649236,1,17,0.5
P1,P,27,-0.0004580856977205,-0.0021268773506708,-0.0025849630483914,20000000.0,1,17,0.5
P2,P,27,-0.0002962657990814,-0.0028774044926784,-0.0031736702917598,20000000.0,1,17,0.5
I1,I,27,,0.0025433168705508,0.0025433168705508,36720293.72376422,1,17,0.5
I2,I,27,,0.0012716584352754,0.0012716584352754,32496995.190699223,1,17,0.5
I3,I,27,,0.0019074876529131,0.0019074876529131,34880560.04196188,1,17,0.5
P1,P,28,-0.0004316864687158,-0.0021597346857671,-0.0025914211544829,20000000.0,1,17,0.5
P2,P,28,-0.0002804067353431,-0.0028812585381583,-0.0031616652735015,20000000.0,1,17,0.5
I1,I,28,,0.0025433168705508,0.0025433168705508,36491642.27949528,1,17,0.5
I2,I,28,,0.0012716584352754,0.0012716584352754,32284856.65117231,1,17,0.5
I3,I,28,,0.0019074876529131,0.0019074876529131,34657645.69682899,1,17,0.5
P1,P,29,-0.0004078943858216,-0.0021898829534302,-0.0025977773392519,20000000.0,1,17,0.5
P2,P,29,-0.0002659683255208,-0.002884501530597,-0.0031504698561178,20000000.0,1,17,0.5
I1,I,29,,0.0025433168705508,0.0025433168705508,36279559.34691059,1,17,0.5
I2,I,29,,0.0012716584352754,0.0012716584352754,32088312.78726279,1,17,0.5
I3,I,29,,0.0019074876529131,0.0019074876529131,34451378.89026146,1,17,0.5
P1,P,0,-0.0016999457603185,0.0,-0.0016999457603185,20000000.0,1,16,0.5
P2,P,0,-0.0016102866520327,0.0,-0.0016102866520327,20000000.0,1,16,0.5
I1,I,0,,0.0025353378286494,0.0025353378286494,41139748.67021596,1,16,0.5
I2,I,0,,0.0012676689143247,0.0012676689143247,35821052.17495329,1,16,0.5
I3,I,0,,,,,0,16,0.5
P1,P,1,-0.0015683893291876,0.0,-0.0015683893291876,20000000.0,1,16,0.5
P2,P,1,-0.0015018491663431,0.0,-0.0015018491663431,20000000.0,1,16,0.5
I1,I,1,,0.0025353378286494,0.0025353378286494,41106949.67200049,1,16,0.5
I2,I,1,,0.0012676689143247,0.0012676689143247,36061594.32824477,1,16,0.5
I3,I,1,,,,,0,16,0.5
P1,P,2,-0.0015643929330506,0.0,-0.0015643929330506,20000000.0,1,16,0.5
P2,P,2,-0.0014986968820478,0.0,-0.0014986968820478,20000000.0,1,16,0.5
I1,I,2,,0.0025353378286494,0.0025353378286494,41463042.461611226,1,16,0.5
I2,I,2,,0.0012676689143247,0.0012676689143247,36394142.99194646,1,16,0.5
I3,I,2,,,,,0,16,0.5
P1,P,3,-0.0015924052623065,0.0,-0.0015924052623065,20000000.0,1,16,0.5
P2,P,3,-0.0015227392167811,0.0,-0.0015227392167811,20000000.0,1,16,0.5
I1,I,3,,0.0025353378286494,0.0025353378286494,41747579.82197888,1,16,0.5
I2,I,3,,0.0012676689143247,0.0012676689143247,36646418.25711372,1,16,0.5
I3,I,3,,,,,0,16,0.5
P1,P,4,-0.0016292406185013,0.0,-0.0016292406185013,20000000.0,1,16,0.5
P2,P,4,-0.001555560124794,0.0,-0.001555560124794,20000000.0,1,16,0.5
I1,I,4,,0.0025353378286494,0.0025353378286494,41968044.60727544,1,16,0.5
I2,I,4,,0.0012676689143247,0.0012676689143247,36845149.18818147,1,16,0.5
I3,I,4,,,,,0,16,0.5
P1,P,5,-0.0017746549006113,0.0,-0.0017746549006113,20000000.0,1,16,0.5
P2,P,5,-0.0015811712314695,-5.400528699444097e-05,-0.001635176518464,20000000.0,1,16,0.5
I1,I,5,,0.0025353378286494,0.0025353378286494,42700291.62680087,1,16,0.5
I2,I,5,,0.0012676689143247,0.0012676689143247,37535442.49651052,1,16,0.5
I3,I,5,,,,,0,16,0.5
P1,P,6,-0.0018709330931205,0.0,-0.0018709330931205,20000000.0,1,16,0.5
P2,P,6,-0.0014118919757818,-0.0003467777397788,-0.0017586697155606,20000000.0,1,16,0.5
I1,I,6,,0.0025353378286494,0.0025353378286494,42916865.54869589,1,16,0.5
I2,I,6,,0.0012676689143247,0.0012676689143247,37716464.57866536,1,16,0.5
I3,I,6,,,,,0,16,0.5
P1,P,7,-0.0018659966330932,-2.137543644694579e-05,-0.0018873720695401,20000000.0,1,16,0.5
P2,P,7,-0.0012384043563528,-0.0006945780955114,-0.0019329824518643,20000000.0,1,16,0.5
I1,I,7,,0.0025353378286494,0.0025353378286494,42738314.58638587,1,16,0.5
I2,I,7,,0.0012676689143247,0.0012676689143247,37511184.074060224,1,16,0.5
I3,I,7,,,,,0,16,0.5
P1,P,8,-0.0017445509983984,-0.0001824124977684,-0.0019269634961669,20000000.0,1,16,0.5
P2,P,8,-0.001094488844443,-0.0009581561887746,-0.0020526450332176,20000000.0,1,16,0.5
I1,I,8,,0.0025353378286494,0.0025353378286494,42230264.87997054,1,16,0.5
I2,I,8,,0.0012676689143247,0.0012676689143247,37007003.44439677,1,16,0.5
I3,I,8,,,,,0,16,0.5
P1,P,9,-0.0015888671314231,-0.0003839813463589,-0.001972848477782,20000000.0,1,16,0.5
P2,P,9,-0.0009641243596053,-0.0011441234694916,-0.0021082478290969,20000000.0,1,16,0.5
I1,I,9,,0.0025353378286494,0.0025353378286494,41497978.14199787,1,16,0.5
I2,I,9,,0.0012676689143247,0.0012676689143247,36299251.36320956,1,16,0.5
I3,I,9,,,,,0,16,0.5
P1,P,10,-0.0014172148786012,-0.0005536350767207,-0.001970849955322,20000000.0,1,16,0.5
P2,P,10,-0.0008462737255594,-0.0012800696187829,-0.0021263433443423,20000000.0,1,16,0.5
I1,I,10,,0.0025353378286494,0.0025353378286494,40698464.945581146,1,16,0.5
I2,I,10,,0.0012676689143247,0.0012676689143247,35528456.23715368,1,16,0.5
I3,I,10,,,,,0,16,0.5
P1,P,11,-0.0012527382960787,-0.0006999240656929,-0.0019526623617717,20000000.0,1,16,0.5
P2,P,11,-0.0007447330311239,-0.0013808919634053,-0.0021256249945292,20000000.0,1,16,0.5
I1,I,11,,0.0025353378286494,0.0025353378286494,39914672.3744367,1,16,0.5
I2,I,11,,0.0012676689143247,0.0012676689143247,34773216.37266067,1,16,0.5
I3,I,11,,,,,0,16,0.5
P1,P,12,-0.0011110498579044,-0.0008104307696385,-0.001921480627543,20000000.0,1,16,0.5
P2,P,12,-0.0006604901114801,-0.0014570593544408,-0.002117549465921,20000000.0,1,16,0.5
I1,I,12,,0.0025353378286494,0.0025353378286494,39199699.66700952,1,16,0.5
I2,I,12,,0.0012676689143247,0.0012676689143247,34084402.26952628,1,16,0.5
I3,I,12,,,,,0,16,0.5
P1,P,13,-0.0009992399961947,-0.0008944827924258,-0.0018937227886205,20000000.0,1,16,0.5
P2,P,13,-0.0005911999570204,-0.0015154958705309,-0.0021066958275513,20000000.0,1,16,0.5
I1,I,13,,0.0025353378286494,0.0025353378286494,38561230.71646506,1,16,0.5
I2,I,13,,0.0012676689143247,0.0012676689143247,33470703.827567022,1,16,0.5
I3,I,13,,,,,0,16,0.5
P1,P,14,-0.000909539114183,-0.0009618224049136,-0.0018713615190967,20000000.0,1,16,0.5
P2,P,14,-0.0005339237549161,-0.0015609483073645,-0.0020948720622806,20000000.0,1,16,0.5
I1,I,14,,0.0025353378286494,0.0025353378286494,37994217.32190431,1,16,0.5
I2,I,14,,0.0012676689143247,0.0012676689143247,32927588.626340084,1,16,0.5
I3,I,14,,,,,0,16,0.5
P1,P,15,-0.0008344537965679,-0.0010198494647376,-0.0018543032613055,20000000.0,1,16,0.5
P2,P,15,-0.0004861296668372,-0.001596860524114,-0.0020829901909512,20000000.0,1,16,0.5
I1,I,15,,0.0025353378286494,0.0025353378286494,37490383.5779729,1,16,0.5
I2,I,15,,0.0012676689143247,0.0012676689143247,32446900.568116173,1,16,0.5
I3,I,15,,,,,0,16,0.5
P1,P,16,-0.0007693146136399,-0.0010729384040164,-0.0018422530176564,20000000.0,1,16,0.5
P2,P,16,-0.0004457695251985,-0.0016256745797792,-0.0020714441049777,20000000.0,1,16,0.5
I1,I,16,,0.0025353378286494,0.0025353378286494,37040279.3997895,1,16,0.5
I2,I,16,,0.0012676689143247,0.0012676689143247,32019206.465989683,1,16,0.5
I3,I,16,,,,,0,16,0.5
P1,P,17,-0.0008699659112376,-0.0014956780203682,-0.0023656439316059,20000000.0,1,16,0.5
P2,P,17,-0.0004943414811836,-0.002201029542271,-0.0026953710234546,20000000.0,1,16,0.5
I1,I,17,,0.0025353378286494,0.0025353378286494,39794452.04268815,1,16,0.5
I2,I,17,,0.0012676689143247,0.0012676689143247,34588929.01659208,1,16,0.5
I3,I,17,,0.0019015033714871,0.0019015033714871,37878328.412021846,1,16,0.5
P1,P,18,-0.00085909044295,-0.0017459334537523,-0.0026050238967023,20000000.0,1,16,0.5
P2,P,18,-0.000486919744737,-0.0024613988221433,-0.0029483185668803,20000000.0,1,16,0.5
I1,I,18,,0.0025353378286494,0.0025353378286494,40229401.24902218,1,16,0.5
I2,I,18,,0.0012676689143247,0.0012676689143247,34995488.52942015,1,16,0.5
I3,I,18,,0.0019015033714871,0.0019015033714871,38102110.74370773,1,16,0.5
P1,P,19,-0.0008049148858902,-0.0018891184695722,-0.0026940333554624,20000000.0,1,16,0.5
P2,P,19,-0.0004595141696336,-0.0025760970212606,-0.0030356111908942,20000000.0,1,16,0.5
I1,I,19,,0.0025353378286494,0.0025353378286494,40079297.20575809,1,16,0.5
I2,I,19,,0.0012676689143247,0.0012676689143247,34855042.86266085,1,16,0.5
I3,I,19,,0.0019015033714871,0.0019015033714871,37892434.83580007,1,16,0.5
P1,P,20,-0.000742583449581,-0.0019835454059672,-0.0027261288555482,20000000.0,1,16,0.5
P2,P,20,-0.0004277089640411,-0.0026294241478951,-0.0030571331119363,20000000.0,1,16,0.5
I1,I,20,,0.0025353378286494,0.0025353378286494,39744063.80655932,1,16,0.5
I2,I,20,,0.0012676689143247,0.0012676689143247,34538889.25594522,1,16,0.5
I3,I,20,,0.0019015033714871,0.0019015033714871,37534824.055202514,1,16,0.5
P1,P,21,-0.0006837875651344,-0.0020545431499562,-0.0027383307150906,20000000.0,1,16,0.5
P2,P,21,-0.0003971523105739,-0.0026567200380855,-0.0030538723486594,20000000.0,1,16,0.5
I1,I,21,,0.0025353378286494,0.0025353378286494,39365327.16345241,1,16,0.5
I2,I,21,,0.0012676689143247,0.0012676689143247,34181607.93518148,1,16,0.5
I3,I,21,,0.0019015033714871,0.0019015033714871,37147985.44037123,1,16,0.5
P1,P,22,-0.0006315905975947,-0.0021131211858852,-0.00274471178348,20000000.0,1,16,0.5
P2,P,22,-0.000369510632315,-0.0026721758834246,-0.0030416865157396,20000000.0,1,16,0.5
I1,I,22,,0.0025353378286494,0.0025353378286494,38993572.63437305,1,16,0.5
I2,I,22,,0.0012676689143247,0.0012676689143247,33831345.47415745,1,16,0.5
I3,I,22,,0.0019015033714871,0.0019015033714871,36774644.75390417,1,16,0.5
P1,P,23,-0.0005859696965222,-0.0021636901150697,-0.002749659811592,20000000.0,1,16,0.5
P2,P,23,-0.0003449692653361,-0.0026819112260913,-0.0030268804914274,20000000.0,1,16,0.5
I1,I,23,,0.0025353378286494,0.0025353378286494,38645424.42890176,1,16,0.5
I2,I,23,,0.0012676689143247,0.0012676689143247,33503829.74232378,1,16,0.5
I3,I,23,,0.0019015033714871,0.0019015033714871,36428188.42069459,1,16,0.5
P1,P,24,-0.0005461125738671,-0.0022084755801992,-0.0027545881540664,20000000.0,1,16,0.5
P2,P,24,-0.0003232164235524,-0.0026886599924727,-0.0030118764160251,20000000.0,1,16,0.5
I1,I,24,,0.0025353378286494,0.0025353378286494,38324519.538049385,1,16,0.5
I2,I,24,,0.0012676689143247,0.0012676689143247,33202413.40466993,1,16,0.5
I3,I,24,,0.0019015033714871,0.0019015033714871,36110724.53490032,1,16,0.5
P1,P,25,-0.0005110819056803,-0.0022485623130967,-0.0027596442187771,20000000.0,1,16,0.5
P2,P,25,-0.0003038447365882,-0.002693892124132,-0.0029977368607203,20000000.0,1,16,0.5
I1,I,25,,0.0025353378286494,0.0025353378286494,38029770.84251988,1,16,0.5
I2,I,25,,0.0012676689143247,0.0012676689143247,32925915.95001827,1,16,0.5
I3,I,25,,0.0019015033714871,0.0019015033714871,35820360.861374274,1,16,0.5
P1,P,26,-0.0004799985722782,-0.0022848950267535,-0.0027648935990318,20000000.0,1,16,0.5
P2,P,26,-0.0002864711319986,-0.0026981879914379,-0.0029846591234365,20000000.0,1,16,0.5
I1,I,26,,0.0025353378286494,0.0025353378286494,37758631.02900805,1,16,0.5
I2,I,26,,0.0012676689143247,0.0012676689143247,32671850.00651208,1,16,0.5
I3,I,26,,0.0019015033714871,0.0019015033714871,35554117.671782,1,16,0.5
P1,P,27,-0.0004521850928205,-0.0023180639629835,-0.002770249055804,20000000.0,1,16,0.5
P2,P,27,-0.000270795752516,-0.0027017925025652,-0.0029725882550813,20000000.0,1,16,0.5
I1,I,27,,0.0025353378286494,0.0025353378286494,37508591.133088656,1,16,0.5
I2,I,27,,0.0012676689143247,0.0012676689143247,32437806.282397863,1,16,0.5
I3,I,27,,0.0019015033714871,0.0019015033714871,35309239.7258599,1,16,0.5
P1,P,28,-0.0004270804779818,-0.0023486090878133,-0.0027756895657952,20000000.0,1,16,0.5
P2,P,28,-0.0002565878243949,-0.0027047889184636,-0.0029613767428585,20000000.0,1,16,0.5
I1,I,28,,0.0025353378286494,0.0025353378286494,37277416.84185389,1,16,0.5
I2,I,28,,0.0012676689143247,0.0012676689143247,32221665.400150813,1,16,0.5
I3,I,28,,0.0019015033714871,0.0019015033714871,35083348.692166075,1,16,0.5
P1,P,29,-0.0004042342567973,-0.0023769151916625,-0.0027811494484599,20000000.0,1,16,0.5
P2,P,29,-0.0002436646278477,-0.002707262308677,-0.0029509269365248,20000000.0,1,16,0.5
I1,I,29,,0.0025353378286494,0.0025353378286494,37063229.04265367,1,16,0.5
I2,I,29,,0.0012676689143247,0.0012676689143247,32021643.846254405,1,16,0.5
I3,I,29,,0.0019015033714871,0.0019015033714871,34874473.22328006,1,16,0.5
P1,P,0,-0.0017769163718873,0.0,-0.0017769163718873,20000000.0,1,2,0.5
P2,P,0,-0.0017085958538969,0.0,-0.0017085958538969,20000000.0,1,2,0.5
I1,I,0,,0.0025400411830852,0.0025400411830852,42280768.507977456,1,2,0.5
I2,I,0,,0.0012700205915426,0.0012700205915426,36261601.76525778,1,2,0.5
I3,I,0,,,,,0,2,0.5
P1,P,1,-0.0016359139034327,0.0,-0.0016359139034327,20000000.0,1,2,0.5
P2,P,1,-0.0015881416555729,0.0,-0.0015881416555729,20000000.0,1,2,0.5
I1,I,1,,0.0025400411830852,0.0025400411830852,42068995.51430274,1,2,0.5
I2,I,1,,0.0012700205915426,0.0012700205915426,36374408.22246676,1,2,0.5
I3,I,1,,,,,0,2,0.5
P1,P,2,-0.0016243207934019,0.0,-0.0016243207934019,20000000.0,1,2,0.5
P2,P,2,-0.0015778198540356,0.0,-0.0015778198540356,20000000.0,1,2,0.5
I1,I,2,,0.0025400411830852,0.0025400411830852,42353694.12650735,1,2,0.5
I2,I,2,,0.0012700205915426,0.0012700205915426,36638416.70990334,1,2,0.5
I3,I,2,,,,,0,2,0.5
P1,P,3,-0.0016900179919103,0.0,-0.0016900179919103,20000000.0,1,2,0.5
P2,P,3,-0.0016540763010482,0.0,-0.0016540763010482,20000000.0,1,2,0.5
I1,I,3,,0.0025400411830852,0.0025400411830852,44111714.61775292,1,2,0.5
I2,I,3,,0.0012700205915426,0.0012700205915426,38375483.39376904,1,2,0.5
I3,I,3,,0.0019050308873139,0.0019050308873139,40660213.1219548,1,2,0.5
P1,P,4,-0.0017966528102896,0.0,-0.0017966528102896,20000000.0,1,2,0.5
P2,P,4,-0.0017657180303947,0.0,-0.0017657180303947,20000000.0,1,2,0.5
I1,I,4,,0.0025400411830852,0.0025400411830852,45207686.48535328,1,2,0.5
I2,I,4,,0.0012700205915426,0.0012700205915426,39375074.19384821,1,2,0.5
I3,I,4,,0.0019050308873139,0.0019050308873139,41173249.71853573,1,2,0.5
P1,P,5,-0.0022808293386578,0.0,-0.0022808293386578,20000000.0,1,2,0.5
P2,P,5,-0.0019065977520096,-0.0001895682063531,-0.0020961659583628,20000000.0,1,2,0.5
I1,I,5,,0.0025400411830852,0.0025400411830852,48035095.20902211,1,2,0.5
I2,I,5,,0.0012700205915426,0.0012700205915426,42042700.85560507,1,2,0.5
I3,I,5,,0.0019050308873139,0.0019050308873139,43658811.92850439,1,2,0.5
P1,P,6,-0.0025294180162298,-3.8637364631906045e-05,-0.0025680553808617,20000000.0,1,2,0.5
P2,P,6,-0.0017063113012272,-0.0008684095190281,-0.0025747208202553,20000000.0,1,2,0.5
I1,I,6,,0.0025400411830852,0.0025400411830852,49206435.878824495,1,2,0.5
I2,I,6,,0.0012700205915426,0.0012700205915426,43093390.26530371,1,2,0.5
I3,I,6,,0.0019050308873139,0.0019050308873139,44720582.11718906,1,2,0.5
P1,P,7,-0.0024229357217042,-0.0003039719986276,-0.0027269077203319,20000000.0,1,2,0.5
P2,P,7,-0.0014882438997583,-0.0014957399926788,-0.0029839838924372,20000000.0,1,2,0.5
I1,I,7,,0.0025400411830852,0.0025400411830852,49245378.92266234,1,2,0.5
I2,I,7,,0.0012700205915426,0.0012700205915426,43069261.06851135,1,2,0.5
I3,I,7,,0.0019050308873139,0.0019050308873139,44718956.09219061,1,2,0.5
P1,P,8,-0.0021121262928412,-0.0007045087535431,-0.0028166350463843,20000000.0,1,2,0.5
P2,P,8,-0.0012881594403189,-0.001931896409561,-0.00322005584988,20000000.0,1,2,0.5
I1,I,8,,0.0025400411830852,0.0025400411830852,48575087.34171338,1,2,0.5
I2,I,8,,0.0012700205915426,0.0012700205915426,42388800.02025125,1,2,0.5
I3,I,8,,0.0019050308873139,0.0019050308873139,44042461.99168188,1,2,0.5
P1,P,9,-0.0018058579205987,-0.0010596315012626,-0.0028654894218613,20000000.0,1,2,0.5
P2,P,9,-0.0011087504789933,-0.002212036223255,-0.0033207867022484,20000000.0,1,2,0.5
I1,I,9,,0.0025400411830852,0.0025400411830852,47511869.27382116,1,2,0.5
I2,I,9,,0.0012700205915426,0.0012700205915426,41346915.44143728,1,2,0.5
I3,I,9,,0.0019050308873139,0.0019050308873139,42989561.79310954,1,2,0.5
P1,P,10,-0.0015559389754262,-0.0013069454035956,-0.0028628843790219,20000000.0,1,2,0.5
P2,P,10,-0.0009559506087275,-0.0023830797362457,-0.0033390303449733,20000000.0,1,2,0.5
I1,I,10,,0.0025400411830852,0.0025400411830852,46327139.62597141,1,2,0.5
I2,I,10,,0.0012700205915426,0.0012700205915426,40197370.95773886,1,2,0.5
I3,I,10,,0.0019050308873139,0.0019050308873139,41822170.03169475,1,2,0.5
P1,P,11,-0.0013566626716747,-0.001475766208149,-0.0028324288798238,20000000.0,1,2,0.5
P2,P,11,-0.0008304606472024,-0.0024875103891354,-0.0033179710363378,20000000.0,1,2,0.5
I1,I,11,,0.0025400411830852,0.0025400411830852,45188177.56780545,1,2,0.5
I2,I,11,,0.0012700205915426,0.0012700205915426,39097791.70295999,1,2,0.5
I3,I,11,,0.0019050308873139,0.0019050308873139,40702847.610377714,1,2,0.5
P1,P,12,-0.0011955433916055,-0.0016022772406789,-0.0027978206322845,20000000.0,1,2,0.5
P2,P,12,-0.0007287814896991,-0.0025540335458534,-0.0032828150355526,20000000.0,1,2,0.5
I1,I,12,,0.0025400411830852,0.0025400411830852,44162143.10452285,1,2,0.5
I2,I,12,,0.0012700205915426,0.0012700205915426,38111406.63731184,1,2,0.5
I3,I,12,,0.0019050308873139,0.0019050308873139,39696795.027177066,1,2,0.5
P1,P,13,-0.0010631498361315,-0.001706597559369,-0.0027697473955005,20000000.0,1,2,0.5
P2,P,13,-0.0006463306735027,-0.0025986557452686,-0.0032449864187713,20000000.0,1,2,0.5
I1,I,13,,0.0025400411830852,0.0025400411830852,43260770.23018035,1,2,0.5
I2,I,13,,0.0012700205915426,0.0012700205915426,37248435.39260113,1,2,0.5
I3,I,13,,0.0019050308873139,0.0019050308873139,38814956.78899812,1,2,0.5
P1,P,14,-0.0009532804629292,-0.0017974096544784,-0.0027506901174077,20000000.0,1,2,0.5
P2,P,14,-0.0005788431988453,-0.0026296011522642,-0.0032084443511096,20000000.0,1,2,0.5
I1,I,14,,0.0025400411830852,0.0025400411830852,42474260.1770146,1,2,0.5
I2,I,14,,0.0012700205915426,0.0012700205915426,36498543.33766303,1,2,0.5
I3,I,14,,0.0019050308873139,0.0019050308873139,38047226.11814448,1,2,0.5
P1,P,15,-0.0008613809703038,-0.0018779743463251,-0.002739355316629,20000000.0,1,2,0.5
P2,P,15,-0.0005229650278342,-0.0026519635607258,-0.00317492858856,20000000.0,1,2,0.5
I1,I,15,,0.0025400411830852,0.0025400411830852,41786654.2173995,1,2,0.5
I2,I,15,,0.0012700205915426,0.0012700205915426,35845384.01905292,1,2,0.5
I3,I,15,,0.0019050308873139,0.0019050308873139,37377443.52890319,1,2,0.5
P1,P,16,-0.0007839253644284,-0.0019498470817554,-0.0027337724461839,20000000.0,1,2,0.5
P2,P,16,-0.0004761125602753,-0.002668630647726,-0.0031447432080014,20000000.0,1,2,0.5
I1,I,16,,0.0025400411830852,0.0025400411830852,41182364.32733214,1,2,0.5
I2,I,16,,0.0012700205915426,0.0012700205915426,35273241.02071124,1,2,0.5
I3,I,16,,0.0019050308873139,0.0019050308873139,36789943.70152589,1,2,0.5
P1,P,17,-0.0007181285395828,-0.0020140709751983,-0.0027321995147812,20000000.0,1,2,0.5
P2,P,17,-0.0004364046071637,-0.0026810929105963,-0.00311749751776,20000000.0,1,2,0.5
I1,I,17,,0.0025400411830852,0.0025400411830852,40648704.72974045,1,2,0.5
I2,I,17,,0.0012700205915426,0.0012700205915426,34769516.63777745,1,2,0.5
I3,I,17,,0.0019050308873139,0.0019050308873139,36272063.91246126,1,2,0.5
P1,P,18,-0.0006617859406699,-0.0020715119745951,-0.0027332979152651,20000000.0,1,2,0.5
P2,P,18,-0.000402448798064,-0.002690480969965,-0.003092929768029,20000000.0,1,2,0.5
I1,I,18,,0.0025400411830852,0.0025400411830852,40175475.187421285,1,2,0.5
I2,I,18,,0.0012700205915426,0.0012700205915426,34324135.626078814,1,2,0.5
I3,I,18,,0.0019050308873139,0.0019050308873139,35813650.05980909,1,2,0.5
P1,P,19,-0.0006131022163572,-0.0021230577831857,-0.002736159999543,20000000.0,1,2,0.5
P2,P,19,-0.000373172142442,-0.0026977056144725,-0.0030708777569145,20000000.0,1,2,0.5
I1,I,19,,0.0025400411830852,0.0025400411830852,39754039.96925374,1,2,0.5
I2,I,19,,0.0012700205915426,0.0012700205915426,33928596.148074,1,2,0.5
I3,I,19,,0.0019050308873139,0.0019050308873139,35406119.6274583,1,2,0.5
P1,P,20,-0.0005706247296363,-0.0021694116710259,-0.0027400364006623,20000000.0,1,2,0.5
P2,P,20,-0.0003476948738489,-0.0027036588690597,-0.0030513537429086,20000000.0,1,2,0.5
I1,I,20,,0.0025400411830852,0.0025400411830852,39376719.01238845,1,2,0.5
I2,I,20,,0.0012700205915426,0.0012700205915426,33575329.863449015,1,2,0.5
I3,I,20,,0.0019050308873139,0.0019050308873139,35041842.63119784,1,2,0.5
P1,P,21,-0.0005332215846812,-0.0022111997518399,-0.0027444213365211,20000000.0,1,2,0.5
P2,P,21,-0.0003253026686614,-0.0027088462013941,-0.0030341488700556,20000000.0,1,2,0.5
I1,I,21,,0.0025400411830852,0.0025400411830852,39037068.56175814,1,2,0.5
I2,I,21,,0.0012700205915426,0.0012700205915426,33258039.478686742,1,2,0.5
I3,I,21,,0.0019050308873139,0.0019050308873139,34714432.639262535,1,2,0.5
P1,P,22,-0.0005000155035909,-0.0022489967914688,-0.0027490122950598,20000000.0,1,2,0.5
P2,P,22,-0.0003054338051585,-0.0027135556683642,-0.0030189894735228,20000000.0,1,2,0.5
I1,I,22,,0.0025400411830852,0.0025400411830852,38729759.644084446,1,2,0.5
I2,I,22,,0.0012700205915426,0.0012700205915426,32971550.565601107,1,2,0.5
I3,I,22,,0.0019050308873139,0.0019050308873139,34418624.22652846,1,2,0.5
P1,P,23,-0.0004703013322278,-0.0022833506287362,-0.0027536519609641,20000000.0,1,2,0.5
P2,P,23,-0.0002876672845661,-0.0027179427696941,-0.0030056100542602,20000000.0,1,2,0.5
I1,I,23,,0.0025400411830852,0.0025400411830852,38450277.36860064,1,2,0.5
I2,I,23,,0.0012700205915426,0.0012700205915426,32711493.13008251,1,2,0.5
I3,I,23,,0.0019050308873139,0.0019050308873139,34149963.63599021,1,2,0.5
P1,P,24,-0.0004434995252797,-0.0023148211725692,-0.0027583206978489,20000000.0,1,2,0.5
P2,P,24,-0.0002716853169732,-0.0027219852415772,-0.0029936705585505,20000000.0,1,2,0.5
I1,I,24,,0.0025400411830852,0.0025400411830852,38194865.20632818,1,2,0.5
I2,I,24,,0.0012700205915426,0.0012700205915426,32474266.972670984,1,2,0.5
I3,I,24,,0.0019050308873139,0.0019050308873139,33904758.43400502,1,2,0.5
P1,P,25,-0.0004191394959961,-0.0023438839477332,-0.0027630234437294,20000000.0,1,2,0.5
P2,P,25,-0.0002572397388167,-0.0027256326490605,-0.0029828723878772,20000000.0,1,2,0.5
I1,I,25,,0.0025400411830852,0.0025400411830852,37960434.22626767,1,2,0.5
I2,I,25,,0.0012700205915426,0.0012700205915426,32256927.559334096,1,2,0.5
I3,I,25,,0.0019050308873139,0.0019050308873139,33679980.31262288,1,2,0.5
P1,P,26,-0.0003968618105392,-0.0023708831818625,-0.0027677449924018,20000000.0,1,2,0.5
P2,P,26,-0.0002441291831078,-0.0027288617167447,-0.0029729908998526,20000000.0,1,2,0.5
I1,I,26,,0.0025400411830852,0.0025400411830852,37744487.70882568,1,2,0.5
I2,I,26,,0.0012700205915426,0.0012700205915426,32057100.41397003,1,2,0.5
I3,I,26,,0.0019050308873139,0.0019050308873139,33473185.416077714,1,2,0.5
P1,P,27,-0.0003763820694462,-0.0023961027916836,-0.0027724848611298,20000000.0,1,2,0.5
P2,P,27,-0.0002321806075968,-0.0027316915775496,-0.0029638721851464,20000000.0,1,2,0.5
I1,I,27,,0.0025400411830852,0.0025400411830852,37544889.76364631,1,2,0.5
I2,I,27,,0.0012700205915426,0.0012700205915426,31872744.180963542,1,2,0.5
I3,I,27,,0.0019050308873139,0.0019050308873139,33282279.00513077,1,2,0.5
P1,P,28,-0.00035747303152,-0.002419751636369,-0.002777224667889,20000000.0,1,2,0.5
P2,P,28,-0.0002212449525361,-0.0027341645879422,-0.0029554095404783,20000000.0,1,2,0.5
I1,I,28,,0.0025400411830852,0.0025400411830852,37359793.19876596,1,2,0.5
I2,I,28,,0.0012700205915426,0.0012700205915426,31702089.10193167,1,2,0.5
I3,I,28,,0.0019050308873139,0.0019050308873139,33105448.9238023,1,2,0.5
P1,P,29,-0.00033995329163,-0.0024419845534244,-0.0027819378450545,20000000.0,1,2,0.5
P2,P,29,-0.0002111999661779,-0.0027363107967762,-0.0029475107629542,20000000.0,1,2,0.5
I1,I,29,,0.0025400411830852,0.0025400411830852,37187664.15767221,1,2,0.5
I2,I,29,,0.0012700205915426,0.0012700205915426,31543668.2517554,1,2,0.5
I3,I,29,,0.0019050308873139,0.0019050308873139,32941192.90579472,1,2,0.5
P1,P,0,-0.0016796798146821,0.0,-0.0016796798146821,20000000.0,1,3,0.5
P2,P,0,-0.0017197613595674,0.0,-0.0017197613595674,20000000.0,1,3,0.5
I1,I,0,,0.0025368860879198,0.0025368860879198,41004607.17282942,1,3,0.5
I2,I,0,,0.0012684430439599,0.0012684430439599,36359485.18135198,1,3,0.5
I3,I,0,,,,,0,3,0.5
P1,P,1,-0.0015514986178481,0.0,-0.0015514986178481,20000000.0,1,3,0.5
P2,P,1,-0.00159213446738,0.0,-0.00159213446738,20000000.0,1,3,0.5
I1,I,1,,0.0025368860879198,0.0025368860879198,40985370.92511474,1,3,0.5
I2,I,1,,0.0012684430439599,0.0012684430439599,36490620.99474645,1,3,0.5
I3,I,1,,,,,0,3,0.5
P1,P,2,-0.0015448559361759,0.0,-0.0015448559361759,20000000.0,1,3,0.5
P2,P,2,-0.0015813342157414,0.0,-0.0015813342157414,20000000.0,1,3,0.5
I1,I,2,,0.0025368860879198,0.0025368860879198,41331985.26505139,1,3,0.5
I2,I,2,,0.0012684430439599,0.0012684430439599,36783705.13446797,1,3,0.5
I3,I,2,,,,,0,3,0.5
P1,P,3,-0.001569341574117,0.0,-0.001569341574117,20000000.0,1,3,0.5
P2,P,3,-0.0016020390906155,0.0,-0.0016020390906155,20000000.0,1,3,0.5
I1,I,3,,0.0025368860879198,0.0025368860879198,41601346.02482236,1,3,0.5
I2,I,3,,0.0012684430439599,0.0012684430439599,37007860.40644727,1,3,0.5
I3,I,3,,,,,0,3,0.5
P1,P,4,-0.0016444986284187,0.0,-0.0016444986284187,20000000.0,1,3,0.5
P2,P,4,-0.0016931535813187,0.0,-0.0016931535813187,20000000.0,1,3,0.5
I1,I,4,,0.0025368860879198,0.0025368860879198,43344440.95159,1,3,0.5
I2,I,4,,0.0012684430439599,0.0012684430439599,38744640.89878292,1,3,0.5
I3,I,4,,0.0019026645659398,0.0019026645659398,41750459.30950522,1,3,0.5
P1,P,5,-0.0021228807579885,0.0,-0.0021228807579885,20000000.0,1,3,0.5
P2,P,5,-0.0018792746980849,-0.0001873487129068,-0.0020666234109917,20000000.0,1,3,0.5
I1,I,5,,0.0025368860879198,0.0025368860879198,46773496.31193315,1,3,0.5
I2,I,5,,0.0012684430439599,0.0012684430439599,41958067.01951769,1,3,0.5
I3,I,5,,0.0019026645659398,0.0019026645659398,44267791.091641374,1,3,0.5
P1,P,6,-0.0024031715837018,-1.727426853879223e-05,-0.0024204458522406,20000000.0,1,3,0.5
P2,P,6,-0.0017064496193187,-0.0008825939488825,-0.0025890435682012,20000000.0,1,3,0.5
I1,I,6,,0.0025368860879198,0.0025368860879198,48233607.62564967,1,3,0.5
I2,I,6,,0.0012684430439599,0.0012684430439599,43272893.79405431,1,3,0.5
I3,I,6,,0.0019026645659398,0.0019026645659398,45532835.71039036,1,3,0.5
P1,P,7,-0.002337822616932,-0.0002664751427675,-0.0026042977596996,20000000.0,1,3,0.5
P2,P,7,-0.0014968349905085,-0.0015504748990246,-0.0030473098895332,20000000.0,1,3,0.5
I1,I,7,,0.0025368860879198,0.0025368860879198,48401402.82547048,1,3,0.5
I2,I,7,,0.0012684430439599,0.0012684430439599,43364477.001082286,1,3,0.5
I3,I,7,,0.0019026645659398,0.0019026645659398,45632983.30331028,1,3,0.5
P1,P,8,-0.0020724787954304,-0.0006480545517252,-0.0027205333471557,20000000.0,1,3,0.5
P2,P,8,-0.0013091591647654,-0.0019935197852834,-0.0033026789500488,20000000.0,1,3,0.5
I1,I,8,,0.0025368860879198,0.0025368860879198,47771199.82108223,1,3,0.5
I2,I,8,,0.0012684430439599,0.0012684430439599,42721266.99559967,1,3,0.5
I3,I,8,,0.0019026645659398,0.0019026645659398,44986712.39706473,1,3,0.5
P1,P,9,-0.0017866838590714,-0.0009790328799261,-0.0027657167389976,20000000.0,1,3,0.5
P2,P,9,-0.0011422790653226,-0.0022631495266025,-0.0034054285919252,20000000.0,1,3,0.5
I1,I,9,,0.0025368860879198,0.0025368860879198,46746686.94447872,1,3,0.5
I2,I,9,,0.0012684430439599,0.0012684430439599,41718496.42049934,1,3,0.5
I3,I,9,,0.0019026645659398,0.0019026645659398,43968702.40229627,1,3,0.5
P1,P,10,-0.0015535984268183,-0.0012126528572883,-0.0027662512841066,20000000.0,1,3,0.5
P2,P,10,-0.000996475519004,-0.0024257585272798,-0.0034222340462839,20000000.0,1,3,0.5
I1,I,10,,0.0025368860879198,0.0025368860879198,45598963.35792197,1,3,0.5
I2,I,10,,0.0012684430439599,0.0012684430439599,40607368.53736448,1,3,0.5
I3,I,10,,0.0019026645659398,0.0019026645659398,42836662.74063127,1,3,0.5
P1,P,11,-0.001368200840271,-0.0013727264667207,-0.0027409273069917,20000000.0,1,3,0.5
P2,P,11,-0.0008726790993692,-0.0025275777984677,-0.003400256897837,20000000.0,1,3,0.5
I1,I,11,,0.0025368860879198,0.0025368860879198,44486742.53529713,1,3,0.5
I2,I,11,,0.0012684430439599,0.0012684430439599,39535733.95034543,1,3,0.5
I3,I,11,,0.0019026645659398,0.0019026645659398,41743151.30030992,1,3,0.5
P1,P,12,-0.0012154023323873,-0.0014942831490356,-0.0027096854814229,20000000.0,1,3,0.5
P2,P,12,-0.0007696912008319,-0.0025955783480828,-0.0033652695489147,20000000.0,1,3,0.5
I1,I,12,,0.0025368860879198,0.0025368860879198,43475899.62520152,1,3,0.5
I2,I,12,,0.0012684430439599,0.0012684430439599,38565171.78192613,1,3,0.5
I3,I,12,,0.0019026645659398,0.0019026645659398,40751594.797197655,1,3,0.5
P1,P,13,-0.0010851977087066,-0.0015984903201666,-0.0026836880288733,20000000.0,1,3,0.5
P2,P,13,-0.0006844994911932,-0.0026434479678105,-0.0033279474590038,20000000.0,1,3,0.5
I1,I,13,,0.0025368860879198,0.0025368860879198,42579055.32954203,1,3,0.5
I2,I,13,,0.0012684430439599,0.0012684430439599,37707149.65786587,1,3,0.5
I3,I,13,,0.0019026645659398,0.0019026645659398,39873801.62434056,1,3,0.5
P1,P,14,-0.0009727135123868,-0.0016935775177484,-0.0026662910301352,20000000.0,1,3,0.5
P2,P,14,-0.000613733810985,-0.0026780795557404,-0.0032918133667254,20000000.0,1,3,0.5
I1,I,14,,0.0025368860879198,0.0025368860879198,41787350.62015109,1,3,0.5
I2,I,14,,0.0012684430439599,0.0012684430439599,36952533.6976135,1,3,0.5
I3,I,14,,0.0019026645659398,0.0019026645659398,39100607.1284725,1,3,0.5
P1,P,15,-0.0008757478080158,-0.0017814343011343,-0.0026571821091501,20000000.0,1,3,0.5
P2,P,15,-0.0005544329571713,-0.0027033078654915,-0.0032577408226629,20000000.0,1,3,0.5
I1,I,15,,0.0025368860879198,0.0025368860879198,41086078.72143154,1,3,0.5
I2,I,15,,0.0012684430439599,0.0012684430439599,36286473.87273099,1,3,0.5
I3,I,15,,0.0019026645659398,0.0019026645659398,38417121.93836621,1,3,0.5
P1,P,16,-0.0007927297264192,-0.0018615044487051,-0.0026542341751244,20000000.0,1,3,0.5
P2,P,16,-0.0005042834245743,-0.0027214645941485,-0.0032257480187228,20000000.0,1,3,0.5
I1,I,16,,0.0025368860879198,0.0025368860879198,40462434.99913751,1,3,0.5
I2,I,16,,0.0012684430439599,0.0012684430439599,35696039.98714801,1,3,0.5
I3,I,16,,0.0019026645659398,0.0019026645659398,37810423.14996426,1,3,0.5
P1,P,17,-0.0007220557248534,-0.0019331584052162,-0.0026552141300697,20000000.0,1,3,0.5
P2,P,17,-0.0004615577917058,-0.0027344331834136,-0.0031959909751195,20000000.0,1,3,0.5
I1,I,17,,0.0025368860879198,0.0025368860879198,39906693.4918875,1,3,0.5
I2,I,17,,0.0012684430439599,0.0012684430439599,35171398.62370594,1,3,0.5
I3,I,17,,0.0019026645659398,0.0019026645659398,37270704.53843377,1,3,0.5
P1,P,18,-0.0006619939027972,-0.0019965911089841,-0.0026585850117813,20000000.0,1,3,0.5
P2,P,18,-0.0004249267914253,-0.002743804141541,-0.0031687309329663,20000000.0,1,3,0.5
I1,I,18,,0.0025368860879198,0.0025368860879198,39410698.16556228,1,3,0.5
I2,I,18,,0.0012684430439599,0.0012684430439599,34704358.46755135,1,3,0.5
I3,I,18,,0.0019026645659398,0.0019026645659398,36789774.60227492,1,3,0.5
P1,P,19,-0.0006108027812967,-0.0020524461434129,-0.0026632489247097,20000000.0,1,3,0.5
P2,P,19,-0.0003932800394789,-0.0027509307937194,-0.0031442108331983,20000000.0,1,3,0.5
I1,I,19,,0.0025368860879198,0.0025368860879198,38967119.81778959,1,3,0.5
I2,I,19,,0.0012684430439599,0.0012684430439599,34287623.27714535,1,3,0.5
I3,I,19,,0.0019026645659398,0.0019026645659398,36360307.83020507,1,3,0.5
P1,P,20,-0.0005668460054947,-0.0021016309633161,-0.0026684769688109,20000000.0,1,3,0.5
P2,P,20,-0.0003656957514401,-0.0027568698461075,-0.0031225655975477,20000000.0,1,3,0.5
I1,I,20,,0.0025368860879198,0.0025368860879198,38569025.07064466,1,3,0.5
I2,I,20,,0.0012684430439599,0.0012684430439599,33914336.79151781,1,3,0.5
I3,I,20,,0.0019026645659398,0.0019026645659398,35975395.64429348,1,3,0.5
P1,P,21,-0.0005287299039135,-0.0021451690112034,-0.002673898915117,20000000.0,1,3,0.5
P2,P,21,-0.0003414349071868,-0.0027621266491823,-0.0031035615563692,20000000.0,1,3,0.5
I1,I,21,,0.0025368860879198,0.0025368860879198,38210256.19204792,1,3,0.5
I2,I,21,,0.0012684430439599,0.0012684430439599,33578491.15278104,1,3,0.5
I3,I,21,,0.0019026645659398,0.0019026645659398,35628938.86901962,1,3,0.5
P1,P,22,-0.0004953098509993,-0.0021839989602385,-0.0026793088112379,20000000.0,1,3,0.5
P2,P,22,-0.0003199426217968,-0.0027668975456989,-0.0030868401674957,20000000.0,1,3,0.5
I1,I,22,,0.0025368860879198,0.0025368860879198,37885635.275691405,1,3,0.5
I2,I,22,,0.0012684430439599,0.0012684430439599,33275091.8641145,1,3,0.5
I3,I,22,,0.0019026645659398,0.0019026645659398,35315834.52818062,1,3,0.5
P1,P,23,-0.0004656944807644,-0.0022190473285479,-0.0026847418093123,20000000.0,1,3,0.5
P2,P,23,-0.0003008100726056,-0.0027711311092973,-0.003071941181903,20000000.0,1,3,0.5
I1,I,23,,0.0025368860879198,0.0025368860879198,37590757.02035391,1,3,0.5
I2,I,23,,0.0012684430439599,0.0012684430439599,32999955.176879093,1,3,0.5
I3,I,23,,0.0019026645659398,0.0019026645659398,35031765.21074526,1,3,0.5
P1,P,24,-0.0004392045500853,-0.0022509446834709,-0.0026901492335563,20000000.0,1,3,0.5
P2,P,24,-0.0002837011417091,-0.0027748779540196,-0.0030585790957287,20000000.0,1,3,0.5
I1,I,24,,0.0025368860879198,0.0025368860879198,37321867.59034158,1,3,0.5
I2,I,24,,0.0012684430439599,0.0012684430439599,32749499.339520045,1,3,0.5
I3,I,24,,0.0019026645659398,0.0019026645659398,34773049.15460936,1,3,0.5
P1,P,25,-0.0004153266461147,-0.0022801509220643,-0.002695477568179,20000000.0,1,3,0.5
P2,P,25,-0.0002683474573806,-0.0027781643007623,-0.0030465117581429,20000000.0,1,3,0.5
I1,I,25,,0.0025368860879198,0.0025368860879198,37075884.83966354,1,3,0.5
I2,I,25,,0.0012684430439599,0.0012684430439599,32520788.2765882,1,3,0.5
I3,I,25,,0.0019026645659398,0.0019026645659398,34536666.156475194,1,3,0.5
P1,P,26,-0.000393658424664,-0.0023069970582206,-0.0027006554828847,20000000.0,1,3,0.5
P2,P,26,-0.0002545179722384,-0.0027810654994695,-0.0030355834717079,20000000.0,1,3,0.5
I1,I,26,,0.0025368860879198,0.0025368860879198,36850263.16800202,1,3,0.5
I2,I,26,,0.0012684430439599,0.0012684430439599,32311390.40536605,1,3,0.5
I3,I,26,,0.0019026645659398,0.0019026645659398,34320120.135433786,1,3,0.5
P1,P,27,-0.0003738774288279,-0.0023317887198722,-0.0027056661487001,20000000.0,1,3,0.5
P2,P,27,-0.00024201013026,-0.0027836471233379,-0.003025657253598,20000000.0,1,3,0.5
I1,I,27,,0.0025368860879198,0.0025368860879198,36642782.77923354,1,3,0.5
I2,I,27,,0.0012684430439599,0.0012684430439599,32119184.906281307,1,3,0.5
I3,I,27,,0.0019026645659398,0.0019026645659398,34121234.45650375,1,3,0.5
P1,P,28,-0.0003557165396335,-0.0023548430214622,-0.0027105595610957,20000000.0,1,3,0.5
P2,P,28,-0.00023064556648,-0.0027859359518896,-0.0030165815183697,20000000.0,1,3,0.5
I1,I,28,,0.0025368860879198,0.0025368860879198,36451381.852206185,1,3,0.5
I2,I,28,,0.0012684430439599,0.0012684430439599,31942207.540380087,1,3,0.5
I3,I,28,,0.0019026645659398,0.0019026645659398,33937990.44726075,1,3,0.5
P1,P,29,-0.0003389606784837,-0.0023763407369976,-0.0027153014154814,20000000.0,1,3,0.5
P2,P,29,-0.0002202712546611,-0.0027880088900364,-0.0030082801446976,20000000.0,1,3,0.5
I1,I,29,,0.0025368860879198,0.0025368860879198,36274248.75059414,1,3,0.5
I2,I,29,,0.0012684430439599,0.0012684430439599,31778713.42401709,1,3,0.5
I3,I,29,,0.0019026645659398,0.0019026645659398,33768606.88191352,1,3,0.5
P1,P,0,-0.0018555547145273,0.0,-0.0018555547145273,20000000.0,1,4,0.5
P2,P,0,-0.0016978948667594,0.0,-0.0016978948667594,20000000.0,1,4,0.5
I1,I,0,,0.002537113274454,0.002537113274454,41676325.00804092,1,4,0.5
I2,I,0,,0.001268556637227,0.001268556637227,36144130.03416584,1,4,0.5
I3,I,0,,,,,0,4,0.5
P1,P,1,-0.0016994665978503,0.0,-0.0016994665978503,20000000.0,1,4,0.5
P2,P,1,-0.0015835027927598,0.0,-0.0015835027927598,20000000.0,1,4,0.5
I1,I,1,,0.002537113274454,0.002537113274454,41550171.07970256,1,4,0.5
I2,I,1,,0.001268556637227,0.001268556637227,36265762.35588229,1,4,0.5
I3,I,1,,,,,0,4,0.5
P1,P,2,-0.001681820109596,0.0,-0.001681820109596,20000000.0,1,4,0.5
P2,P,2,-0.0015731229317481,0.0,-0.0015731229317481,20000000.0,1,4,0.5
I1,I,2,,0.002537113274454,0.002537113274454,41839742.14626386,1,4,0.5
I2,I,2,,0.001268556637227,0.001268556637227,36517234.81780306,1,4,0.5
I3,I,2,,,,,0,4,0.5
P1,P,3,-0.0017005760607079,0.0,-0.0017005760607079,20000000.0,1,4,0.5
P2,P,3,-0.0015900287406175,0.0,-0.0015900287406175,20000000.0,1,4,0.5
I1,I,3,,0.002537113274454,0.002537113274454,42058758.43661758,1,4,0.5
I2,I,3,,0.001268556637227,0.001268556637227,36696662.9084105,1,4,0.5
I3,I,3,,,,,0,4,0.5
P1,P,4,-0.0017300957605366,0.0,-0.0017300957605366,20000000.0,1,4,0.5
P2,P,4,-0.0016161382197932,0.0,-0.0016161382197932,20000000.0,1,4,0.5
I1,I,4,,0.002537113274454,0.002537113274454,42216266.70582255,1,4,0.5
I2,I,4,,0.001268556637227,0.001268556637227,36828046.618287295,1,4,0.5
I3,I,4,,,,,0,4,0.5
P1,P,5,-0.0021948084702158,0.0,-0.0021948084702158,20000000.0,1,4,0.5
P2,P,5,-0.0018263484081683,-0.0001234037544913,-0.0019497521626597,20000000.0,1,4,0.5
I1,I,5,,0.002537113274454,0.002537113274454,46461518.0220554,1,4,0.5
I2,I,5,,0.001268556637227,0.001268556637227,40916872.2053889,1,4,0.5
I3,I,5,,0.0019028349558405,0.0019028349558405,42891628.66839568,1,4,0.5
P1,P,6,-0.002517969784724,-1.4428425951849506e-05,-0.0025323982106758,20000000.0,1,4,0.5
P2,P,6,-0.0016853936210772,-0.0007195855538697,-0.002404979174947,20000000.0,1,4,0.5
I1,I,6,,0.002537113274454,0.002537113274454,48099530.268685564,1,4,0.5
I2,I,6,,0.001268556637227,0.001268556637227,42409975.184595935,1,4,0.5
I3,I,6,,0.0019028349558405,0.0019028349558405,44187318.74180641,1,4,0.5
P1,P,7,-0.0024573741758591,-0.0002646703575102,-0.0027220445333693,20000000.0,1,4,0.5
P2,P,7,-0.0014780480061244,-0.0013676237957458,-0.0028456718018702,20000000.0,1,4,0.5
I1,I,7,,0.002537113274454,0.002537113274454,48399797.09237766,1,4,0.5
I2,I,7,,0.001268556637227,0.001268556637227,42633772.529494025,1,4,0.5
I3,I,7,,0.0019028349558405,0.0019028349558405,44396216.65528852,1,4,0.5
P1,P,8,-0.0021568499049496,-0.0006825620183963,-0.002839411923346,20000000.0,1,4,0.5
P2,P,8,-0.0012764261332221,-0.0018484606843171,-0.0031248868175392,20000000.0,1,4,0.5
I1,I,8,,0.002537113274454,0.002537113274454,47855398.36225911,1,4,0.5
I2,I,8,,0.001268556637227,0.001268556637227,42066976.16845143,1,4,0.5
I3,I,8,,0.0019028349558405,0.0019028349558405,43826225.713958845,1,4,0.5
P1,P,9,-0.001837123856951,-0.0010631599307328,-0.0029002837876838,20000000.0,1,4,0.5
P2,P,9,-0.0010951783098861,-0.002157892871661,-0.0032530711815472,20000000.0,1,4,0.5
I1,I,9,,0.002537113274454,0.002537113274454,46836278.69984366,1,4,0.5
I2,I,9,,0.001268556637227,0.001268556637227,41061724.84384558,1,4,0.5
I3,I,9,,0.0019028349558405,0.0019028349558405,42808805.78677904,1,4,0.5
P1,P,10,-0.0015730001197821,-0.0013333438848893,-0.0029063440046715,20000000.0,1,4,0.5
P2,P,10,-0.0009408749049432,-0.0023421149468473,-0.0032829898517906,20000000.0,1,4,0.5
I1,I,10,,0.002537113274454,0.002537113274454,45650050.06668456,1,4,0.5
I2,I,10,,0.001268556637227,0.001268556637227,39907757.33461573,1,4,0.5
I3,I,10,,0.0019028349558405,0.0019028349558405,41636230.81249832,1,4,0.5
P1,P,11,-0.0013639024711839,-0.0015178804152715,-0.0028817828864554,20000000.0,1,4,0.5
P2,P,11,-0.0008144094728789,-0.0024491808144872,-0.0032635902873661,20000000.0,1,4,0.5
I1,I,11,,0.002537113274454,0.002537113274454,44491531.348418176,1,4,0.5
I2,I,11,,0.001268556637227,0.001268556637227,38788285.80441156,1,4,0.5
I3,I,11,,0.0019028349558405,0.0019028349558405,40496053.34612205,1,4,0.5
P1,P,12,-0.0011965375428891,-0.0016535767760142,-0.0028501143189033,20000000.0,1,4,0.5
P2,P,12,-0.0007123958544399,-0.0025135180907752,-0.0032259139452151,20000000.0,1,4,0.5
I1,I,12,,0.002537113274454,0.002537113274454,43445602.26208777,1,4,0.5
I2,I,12,,0.001268556637227,0.001268556637227,37782469.62502617,1,4,0.5
I3,I,12,,0.0019028349558405,0.0019028349558405,39469836.525283255,1,4,0.5
P1,P,13,-0.0010604685140703,-0.00176308038746,-0.0028235489015304,20000000.0,1,4,0.5
P2,P,13,-0.0006300681056162,-0.0025546382242077,-0.0031847063298239,20000000.0,1,4,0.5
I1,I,13,,0.002537113274454,0.002537113274454,42530786.39726421,1,4,0.5
I2,I,13,,0.001268556637227,0.001268556637227,36906568.64254921,1,4,0.5
I3,I,13,,0.0019028349558405,0.0019028349558405,38574713.467939,1,4,0.5
P1,P,14,-0.0009485096692656,-0.0018566576972008,-0.0028051673664665,20000000.0,1,4,0.5
P2,P,14,-0.0005630504059065,-0.0025824934449385,-0.003145543850845,20000000.0,1,4,0.5
I1,I,14,,0.002537113274454,0.002537113274454,41738015.62048468,1,4,0.5
I2,I,14,,0.001268556637227,0.001268556637227,36150705.63939152,1,4,0.5
I3,I,14,,0.0019028349558405,0.0019028349558405,37801035.686072186,1,4,0.5
P1,P,15,-0.0008554584421877,-0.0019390274182067,-0.0027944858603944,20000000.0,1,4,0.5
P2,P,15,-0.0005078825978433,-0.0026022231870325,-0.0031101057848759,20000000.0,1,4,0.5
I1,I,15,,0.002537113274454,0.002537113274454,41049593.47035945,1,4,0.5
I2,I,15,,0.001268556637227,0.001268556637227,35496924.1607577,1,4,0.5
I3,I,15,,0.0019028349558405,0.0019028349558405,37130856.30629478,1,4,0.5
P1,P,16,-0.0007773956123912,-0.0020122364318981,-0.0027896320442893,20000000.0,1,4,0.5
P2,P,16,-0.0004618961435577,-0.0026165838036068,-0.0030784799471645,20000000.0,1,4,0.5
I1,I,16,,0.002537113274454,0.002537113274454,40448268.5530862,1,4,0.5
I2,I,16,,0.001268556637227,0.001268556637227,34927947.68359964,1,4,0.5
I3,I,16,,0.0019028349558405,0.0019028349558405,36546827.581700526,1,4,0.5
P1,P,17,-0.0007112932433724,-0.0020775113478574,-0.0027888045912299,20000000.0,1,4,0.5
P2,P,17,-0.0004230663213523,-0.0026273210698313,-0.0030503873911836,20000000.0,1,4,0.5
I1,I,17,,0.002537113274454,0.002537113274454,39919456.904911816,1,4,0.5
I2,I,17,,0.001268556637227,0.001268556637227,34429245.24421846,1,4,0.5
I3,I,17,,0.0019028349558405,0.0019028349558405,36034332.55713944,1,4,0.5
P1,P,18,-0.0006547724560853,-0.0021358815665284,-0.0027906540226137,20000000.0,1,4,0.5
P2,P,18,-0.0003899044373853,-0.002635524632667,-0.0030254290700523,20000000.0,1,4,0.5
I1,I,18,,0.002537113274454,0.002537113274454,39451330.38918685,1,4,0.5
I2,I,18,,0.001268556637227,0.001268556637227,33989099.730341524,1,4,0.5
I3,I,18,,0.0019028349558405,0.0019028349558405,35581557.44775967,1,4,0.5
P1,P,19,-0.0006059813542554,-0.0021882820875114,-0.0027942634417668,20000000.0,1,4,0.5
P2,P,19,-0.0003613168425667,-0.0026418409223036,-0.0030031577648704,20000000.0,1,4,0.5
I1,I,19,,0.002537113274454,0.002537113274454,39034432.74712097,1,4,0.5
I2,I,19,,0.001268556637227,0.001268556637227,33598219.66305033,1,4,0.5
I3,I,19,,0.0019028349558405,0.0019028349558405,35179095.39692092,1,4,0.5
P1,P,20,-0.0005634838740872,-0.0022354193277077,-0.002798903201795,20000000.0,1,4,0.5
P2,P,20,-0.0003364818826739,-0.0026467663319443,-0.0029832482146182,20000000.0,1,4,0.5
I1,I,20,,0.002537113274454,0.002537113274454,38661308.008951984,1,4,0.5
I2,I,20,,0.001268556637227,0.001268556637227,33249313.202557392,1,4,0.5
I3,I,20,,0.0019028349558405,0.0019028349558405,34819550.42667017,1,4,0.5
P1,P,21,-0.0005261602494443,-0.0022779611052954,-0.0028041213547398,20000000.0,1,4,0.5
P2,P,21,-0.0003147505572695,-0.0026507111916738,-0.0029654617489433,20000000.0,1,4,0.5
I1,I,21,,0.002537113274454,0.002537113274454,38325772.61418482,1,4,0.5
I2,I,21,,0.001268556637227,0.001268556637227,32936352.381942645,1,4,0.5
I3,I,21,,0.0019028349558405,0.0019028349558405,34496798.48784953,1,4,0.5
P1,P,22,-0.0004931230081077,-0.0023164740374514,-0.0028095970455591,20000000.0,1,4,0.5
P2,P,22,-0.0002955850507275,-0.0026540193179123,-0.0029496043686398,20000000.0,1,4,0.5
I1,I,22,,0.002537113274454,0.002537113274454,38022622.34258079,1,4,0.5
I2,I,22,,0.001268556637227,0.001268556637227,32654270.78474737,1,4,0.5
I3,I,22,,0.0019028349558405,0.0019028349558405,34205688.39354695,1,4,0.5
P1,P,23,-0.0004636395984992,-0.0023514542866061,-0.0028150938851053,20000000.0,1,4,0.5
P2,P,23,-0.0002785323569825,-0.0026569934474162,-0.0029355258043987,20000000.0,1,4,0.5
I1,I,23,,0.002537113274454,0.002537113274454,37747360.67783722,1,4,0.5
I2,I,23,,0.001268556637227,0.001268556637227,32398688.3246495,1,4,0.5
I3,I,23,,0.0019028349558405,0.0019028349558405,33941772.14872439,1,4,0.5
P1,P,24,-0.0004370919172645,-0.0023834710278534,-0.0028205629451179,20000000.0,1,4,0.5
P2,P,24,-0.000263229478264,-0.00265975496273,-0.0029229844409941,20000000.0,1,4,0.5
I1,I,24,,0.002537113274454,0.002537113274454,37496015.73306552,1,4,0.5
I2,I,24,,0.001268556637227,0.001268556637227,32165764.15486381,1,4,0.5
I3,I,24,,0.0019028349558405,0.0019028349558405,33701130.76211995,1,4,0.5
P1,P,25,-0.0004129913947347,-0.0024129857221061,-0.0028259771168408,20000000.0,1,4,0.5
P2,P,25,-0.000249398092409,-0.0026623091323916,-0.0029117072248007,20000000.0,1,4,0.5
I1,I,25,,0.002537113274454,0.002537113274454,37265296.54725797,1,4,0.5
I2,I,25,,0.001268556637227,0.001268556637227,31952335.004623994,1,4,0.5
I3,I,25,,0.0019028349558405,0.0019028349558405,33480526.45900648,1,4,0.5
P1,P,26,-0.0003909674524525,-0.0024403177570349,-0.0028312852094875,20000000.0,1,4,0.5
P2,P,26,-0.0002368319560898,-0.0026646372860464,-0.0029014692421363,20000000.0,1,4,0.5
I1,I,26,,0.002537113274454,0.002537113274454,37052632.99725958,1,4,0.5
I2,I,26,,0.001268556637227,0.001268556637227,31755944.37333692,1,4,0.5
I3,I,26,,0.0019028349558405,0.0019028349558405,33277438.194686163,1,4,0.5
P1,P,27,-0.0003707310795794,-0.0024657856432003,-0.0028365167227797,20000000.0,1,4,0.5
P2,P,27,-0.0002253684016791,-0.0026667005784957,-0.0028920689801748,20000000.0,1,4,0.5
I1,I,27,,0.002537113274454,0.002537113274454,36855878.7532415,1,4,0.5
I2,I,27,,0.001268556637227,0.001268556637227,31574550.300432414,1,4,0.5
I3,I,27,,0.0019028349558405,0.0019028349558405,33089765.717942294,1,4,0.5
P1,P,28,-0.0003520741087465,-0.0024895549940304,-0.002841629102777,20000000.0,1,4,0.5
P2,P,28,-0.0002148759277391,-0.0026685086052481,-0.0028833845329872,20000000.0,1,4,0.5
I1,I,28,,0.002537113274454,0.002537113274454,36673342.292829424,1,4,0.5
I2,I,28,,0.001268556637227,0.001268556637227,31406546.924233787,1,4,0.5
I3,I,28,,0.0019028349558405,0.0019028349558405,32915858.35522213,1,4,0.5
P1,P,29,-0.0003348342854691,-0.0025117561835573,-0.0028465904690265,20000000.0,1,4,0.5
P2,P,29,-0.0002052395620919,-0.0026700990310547,-0.0028753385931466,20000000.0,1,4,0.5
I1,I,29,,0.002537113274454,0.002537113274454,36503630.22931524,1,4,0.5
I2,I,29,,0.001268556637227,0.001268556637227,31250608.748839498,1,4,0.5
I3,I,29,,0.0019028349558405,0.0019028349558405,32754355.098261755,1,4,0.5
P1,P,0,-0.0015720811192072,0.0,-0.0015720811192072,20000000.0,1,22,0.5
P2,P,0,-0.0020456794391153,0.0,-0.0020456794391153,20000000.0,1,22,0.5
I1,I,0,,0.0025489634769492,0.0025489634769492,40737336.52418451,1,22,0.5
I2,I,0,,0.0012744817384746,0.0012744817384746,36907864.37489945,1,22,0.5
I3,I,0,,,,,0,22,0.5
P1,P,1,-0.00146555334581,0.0,-0.00146555334581,20000000.0,1,22,0.5
P2,P,1,-0.0018583404707165,0.0,-0.0018583404707165,20000000.0,1,22,0.5
I1,I,1,,0.0025489634769492,0.0025489634769492,40716517.12553339,1,22,0.5
I2,I,1,,0.0012744817384746,0.0012744817384746,36871514.56920603,1,22,0.5
I3,I,1,,,,,0,22,0.5
P1,P,2,-0.0014583675412984,0.0,-0.0014583675412984,20000000.0,1,22,0.5
P2,P,2,-0.0018243794368514,0.0,-0.0018243794368514,20000000.0,1,22,0.5
I1,I,2,,0.0025489634769492,0.0025489634769492,41030170.78274961,1,22,0.5
I2,I,2,,0.0012744817384746,0.0012744817384746,37076582.07435061,1,22,0.5
I3,I,2,,,,,0,22,0.5
P1,P,3,-0.001476728960565,0.0,-0.001476728960565,20000000.0,1,22,0.5
P2,P,3,-0.0018347765388313,0.0,-0.0018347765388313,20000000.0,1,22,0.5
I1,I,3,,0.0025489634769492,0.0025489634769492,41260040.48518012,1,22,0.5
I2,I,3,,0.0012744817384746,0.0012744817384746,37234205.105875626,1,22,0.5
I3,I,3,,,,,0,22,0.5
P1,P,4,-0.0015025938892568,0.0,-0.0015025938892568,20000000.0,1,22,0.5
P2,P,4,-0.001861275218708,0.0,-0.001861275218708,20000000.0,1,22,0.5
I1,I,4,,0.0025489634769492,0.0025489634769492,41421588.45163897,1,22,0.5
I2,I,4,,0.0012744817384746,0.0012744817384746,37352270.47434701,1,22,0.5
I3,I,4,,,,,0,22,0.5
P1,P,5,-0.0016079543191365,0.0,-0.0016079543191365,20000000.0,1,22,0.5
P2,P,5,-0.001851368793364,-6.10967014569028e-05,-0.0019124654948209,20000000.0,1,22,0.5
I1,I,5,,0.0025489634769492,0.0025489634769492,41932557.776783936,1,22,0.5
I2,I,5,,0.0012744817384746,0.0012744817384746,37801803.51783549,1,22,0.5
I3,I,5,,,,,0,22,0.5
P1,P,6,-0.0016739275790878,0.0,-0.0016739275790878,20000000.0,1,22,0.5
P2,P,6,-0.0016155276118252,-0.0004179284925297,-0.002033456104355,20000000.0,1,22,0.5
I1,I,6,,0.0025489634769492,0.0025489634769492,41986993.93126722,1,22,0.5
I2,I,6,,0.0012744817384746,0.0012744817384746,37804205.47587562,1,22,0.5
I3,I,6,,,,,0,22,0.5
P1,P,7,-0.0016754371567521,-1.2633958804920996e-06,-0.0016767005526326,20000000.0,1,22,0.5
P2,P,7,-0.0013782825845674,-0.0008474879620148,-0.0022257705465822,20000000.0,1,22,0.5
I1,I,7,,0.0025489634769492,0.0025489634769492,41652224.503954,1,22,0.5
I2,I,7,,0.0012744817384746,0.0012744817384746,37423714.67360024,1,22,0.5
I3,I,7,,,,,0,22,0.5
P1,P,8,-0.0015710025417724,-6.12122374749467e-05,-0.0016322147792474,20000000.0,1,22,0.5
P2,P,8,-0.0011943874106479,-0.0011710413081304,-0.0023654287187783,20000000.0,1,22,0.5
I1,I,8,,0.0025489634769492,0.0025489634769492,41100964.29063333,1,22,0.5
I2,I,8,,0.0012744817384746,0.0012744817384746,36853888.86376619,1,22,0.5
I3,I,8,,,,,0,22,0.5
P1,P,9,-0.0014275124985587,-0.0002073366902852,-0.0016348491888439,20000000.0,1,22,0.5
P2,P,9,-0.0010445603323037,-0.0013919675362978,-0.0024365278686016,20000000.0,1,22,0.5
I1,I,9,,0.0025489634769492,0.0025489634769492,40394065.92975305,1,22,0.5
I2,I,9,,0.0012744817384746,0.0012744817384746,36158396.20034282,1,22,0.5
I3,I,9,,,,,0,22,0.5
P1,P,10,-0.0012888413800653,-0.0003544005496566,-0.001643241929722,20000000.0,1,22,0.5
P2,P,10,-0.0009167025221716,-0.0015393321344968,-0.0024560346566684,20000000.0,1,22,0.5
I1,I,10,,0.0025489634769492,0.0025489634769492,39615323.193316855,1,22,0.5
I2,I,10,,0.0012744817384746,0.0012744817384746,35407850.41321927,1,22,0.5
I3,I,10,,,,,0,22,0.5
P1,P,11,-0.0011506986478082,-0.0004725246020882,-0.0016232232498965,20000000.0,1,22,0.5
P2,P,11,-0.0008092101763628,-0.0016418915773712,-0.002451101753734,20000000.0,1,22,0.5
I1,I,11,,0.0025489634769492,0.0025489634769492,38868972.47921042,1,22,0.5
I2,I,11,,0.0012744817384746,0.0012744817384746,34693446.58185405,1,22,0.5
I3,I,11,,,,,0,22,0.5
P1,P,12,-0.001024447713092,-0.0005733739451593,-0.0015978216582513,20000000.0,1,22,0.5
P2,P,12,-0.0007202975246407,-0.0017172113435118,-0.0024375088681526,20000000.0,1,22,0.5
I1,I,12,,0.0025489634769492,0.0025489634769492,38195557.66651439,1,22,0.5
I2,I,12,,0.0012744817384746,0.0012744817384746,34052001.553555995,1,22,0.5
I3,I,12,,,,,0,22,0.5
P1,P,13,-0.0009207300107354,-0.0006577658989191,-0.0015784959096545,20000000.0,1,22,0.5
P2,P,13,-0.0006467880305259,-0.0017741588382287,-0.0024209468687547,20000000.0,1,22,0.5
I1,I,13,,0.0025489634769492,0.0025489634769492,37596342.300911486,1,22,0.5
I2,I,13,,0.0012744817384746,0.0012744817384746,33484371.159519847,1,22,0.5
I3,I,13,,,,,0,22,0.5
P1,P,14,-0.0008365678546255,-0.0007265158055868,-0.0015630836602124,20000000.0,1,22,0.5
P2,P,14,-0.0005856663597888,-0.0018185500964914,-0.0024042164562803,20000000.0,1,22,0.5
I1,I,14,,0.0025489634769492,0.0025489634769492,37066885.24866162,1,22,0.5
I2,I,14,,0.0012744817384746,0.0012744817384746,32985549.30022436,1,22,0.5
I3,I,14,,,,,0,22,0.5
P1,P,15,-0.0007665000584458,-0.0007838269086375,-0.0015503269670834,20000000.0,1,22,0.5
P2,P,15,-0.0005345019099318,-0.0018546557250174,-0.0023891576349492,20000000.0,1,22,0.5
I1,I,15,,0.0025489634769492,0.0025489634769492,36600620.25215713,1,22,0.5
I2,I,15,,0.0012744817384746,0.0012744817384746,32548453.042005945,1,22,0.5
I3,I,15,,,,,0,22,0.5
P1,P,16,-0.0007068276998151,-0.0008339715610973,-0.0015407992609124,20000000.0,1,22,0.5
P2,P,16,-0.0004912841681287,-0.0018847235555258,-0.0023760077236545,20000000.0,1,22,0.5
I1,I,16,,0.0025489634769492,0.0025489634769492,36188399.459844194,1,22,0.5
I2,I,16,,0.0012744817384746,0.0012744817384746,32163889.66381462,1,22,0.5
I3,I,16,,,,,0,22,0.5
P1,P,17,-0.0006551073383183,-0.0008797952384302,-0.0015349025767486,20000000.0,1,22,0.5
P2,P,17,-0.0004543486772149,-0.001909860857701,-0.0023642095349159,20000000.0,1,22,0.5
I1,I,17,,0.0025489634769492,0.0025489634769492,35820323.57354137,1,22,0.5
I2,I,17,,0.0012744817384746,0.0012744817384746,31822137.398384158,1,22,0.5
I3,I,17,,,,,0,22,0.5
P1,P,18,-0.0006095964110021,-0.0009225107118915,-0.0015321071228936,20000000.0,1,22,0.5
P2,P,18,-0.0004224172988482,-0.001930741474674,-0.0023531587735222,20000000.0,1,22,0.5
I1,I,18,,0.0025489634769492,0.0025489634769492,35488347.07790531,1,22,0.5
I2,I,18,,0.0012744817384746,0.0012744817384746,31515288.7794228,1,22,0.5
I3,I,18,,,,,0,22,0.5
P1,P,19,-0.0005692022119588,-0.0009625264248228,-0.0015317286367816,20000000.0,1,22,0.5
P2,P,19,-0.0003945491064904,-0.0019478862738136,-0.0023424353803041,20000000.0,1,22,0.5
I1,I,19,,0.0025489634769492,0.0025489634769492,35186729.72037882,1,22,0.5
I2,I,19,,0.0012744817384746,0.0012744817384746,31237660.3234122,1,22,0.5
I3,I,19,,,,,0,22,0.5
P1,P,20,-0.0005332453227406,-0.0009999133627922,-0.0015331586855328,20000000.0,1,22,0.5
P2,P,20,-0.0003700304934096,-0.0019617857018326,-0.0023318161952422,20000000.0,1,22,0.5
I1,I,20,,0.0025489634769492,0.0025489634769492,34911512.89908688,1,22,0.5
I2,I,20,,0.0012744817384746,0.0012744817384746,30985319.989569627,1,22,0.5
I3,I,20,,,,,0,22,0.5
P1,P,21,-0.0005012695073359,-0.001034802302167,-0.0015360718095029,20000000.0,1,22,0.5
P2,P,21,-0.0003482928300314,-0.001973000285079,-0.0023212931151105,20000000.0,1,22,0.5
I1,I,21,,0.0025489634769492,0.0025489634769492,34659283.66495,1,22,0.5
I2,I,21,,0.0012744817384746,0.0012744817384746,30754876.249846943,1,22,0.5
I3,I,21,,,,,0,22,0.5
P1,P,22,-0.0004727520644193,-0.0010672355470435,-0.0015399876114628,20000000.0,1,22,0.5
P2,P,22,-0.0003288842772242,-0.0019820755220952,-0.0023109597993194,20000000.0,1,22,0.5
I1,I,22,,0.0025489634769492,0.0025489634769492,34427384.35641912,1,22,0.5
I2,I,22,,0.0012744817384746,0.0012744817384746,30543672.9097296,1,22,0.5
I3,I,22,,,,,0,22,0.5
P1,P,23,-0.0005673567900985,-0.0014849336431548,-0.0020522904332533,20000000.0,1,22,0.5
P2,P,23,-0.0003921115543272,-0.0027187507499631,-0.0031108623042903,20000000.0,1,22,0.5
I1,I,23,,0.0025489634769492,0.0025489634769492,37082582.60083892,1,22,0.5
I2,I,23,,0.0012744817384746,0.0012744817384746,33051720.22458512,1,22,0.5
I3,I,23,,0.0019117226077119,0.0019117226077119,34295191.94604124,1,22,0.5
P1,P,24,-0.0005714762415659,-0.0016697893629308,-0.0022412656044968,20000000.0,1,22,0.5
P2,P,24,-0.0003920182421446,-0.0029687043782709,-0.0033607226204155,20000000.0,1,22,0.5
I1,I,24,,0.0025489634769492,0.0025489634769492,37463254.08742599,1,22,0.5
I2,I,24,,0.0012744817384746,0.0012744817384746,33399843.23142575,1,22,0.5
I3,I,24,,0.0019117226077119,0.0019117226077119,34519011.05840625,1,22,0.5
P1,P,25,-0.0005447683350241,-0.0017549693896273,-0.0022997377246515,20000000.0,1,22,0.5
P2,P,25,-0.0003738471234997,-0.0030558815082576,-0.0034297286317574,20000000.0,1,22,0.5
I1,I,25,,0.0025489634769492,0.0025489634769492,37371282.15374506,1,22,0.5
I2,I,25,,0.0012744817384746,0.0012744817384746,33316227.81606809,1,22,0.5
I3,I,25,,0.0019117226077119,0.0019117226077119,34381492.10338401,1,22,0.5
P1,P,26,-0.0005117670025511,-0.0018071166072782,-0.0023188836098293,20000000.0,1,22,0.5
P2,P,26,-0.0003523746550341,-0.0030904376629357,-0.0034428123179698,20000000.0,1,22,0.5
I1,I,26,,0.0025489634769492,0.0025489634769492,37160331.34919804,1,22,0.5
I2,I,26,,0.0012744817384746,0.0012744817384746,33122756.27971884,1,22,0.5
I3,I,26,,0.0019117226077119,0.0019117226077119,34152860.1743256,1,22,0.5
P1,P,27,-0.0004797669270003,-0.0018476029518965,-0.0023273698788968,20000000.0,1,22,0.5
P2,P,27,-0.0003317797359881,-0.0031073404817004,-0.0034391202176886,20000000.0,1,22,0.5
I1,I,27,,0.0025489634769492,0.0025489634769492,36929063.26236192,1,22,0.5
I2,I,27,,0.0012744817384746,0.0012744817384746,32910660.370302618,1,22,0.5
I3,I,27,,0.0019117226077119,0.0019117226077119,33914968.984700896,1,22,0.5
P1,P,28,-0.0004506056161337,-0.0018828980460207,-0.0023335036621545,20000000.0,1,22,0.5
P2,P,28,-0.0003129510426017,-0.0031176262231899,-0.0034305772657916,20000000.0,1,22,0.5
I1,I,28,,0.0025489634769492,0.0025489634769492,36704609.79370986,1,22,0.5
I2,I,28,,0.0012744817384746,0.0012744817384746,32705041.408192605,1,22,0.5
I3,I,28,,0.0019117226077119,0.0019117226077119,33689066.77515698,1,22,0.5
P1,P,29,-0.0004244543999166,-0.0019149000598983,-0.0023393544598149,20000000.0,1,22,0.5
P2,P,29,-0.0002958960065741,-0.0031249152194363,-0.0034208112260104,20000000.0,1,22,0.5
I1,I,29,,0.0025489634769492,0.0025489634769492,36493447.54704867,1,22,0.5
I2,I,29,,0.0012744817384746,0.0012744817384746,32511836.5732887,1,22,0.5
I3,I,29,,0.0019117226077119,0.0019117226077119,33479154.199420456,1,22,0.5
P1,P,0,-0.001502931961175,0.0,-0.001502931961175,20000000.0,1,13,0.5
P2,P,0,-0.0020023545526546,0.0,-0.0020023545526546,20000000.0,1,13,0.5
I1,I,0,,0.0025485462358361,0.0025485462358361,40240226.46979291,1,13,0.5
I2,I,0,,0.001274273117918,0.001274273117918,36032302.539238185,1,13,0.5
I3,I,0,,,,,0,13,0.5
P1,P,1,-0.0014027404331138,0.0,-0.0014027404331138,20000000.0,1,13,0.5
P2,P,1,-0.0018277202780569,0.0,-0.0018277202780569,20000000.0,1,13,0.5
I1,I,1,,0.0025485462358361,0.0025485462358361,40307697.48178841,1,13,0.5
I2,I,1,,0.001274273117918,0.001274273117918,36138522.32116129,1,13,0.5
I3,I,1,,,,,0,13,0.5
P1,P,2,-0.0013991812202747,0.0,-0.0013991812202747,20000000.0,1,13,0.5
P2,P,2,-0.0018021138295349,0.0,-0.0018021138295349,20000000.0,1,13,0.5
I1,I,2,,0.0025485462358361,0.0025485462358361,40666139.16845726,1,13,0.5
I2,I,2,,0.001274273117918,0.001274273117918,36395292.473084494,1,13,0.5
I3,I,2,,,,,0,13,0.5
P1,P,3,-0.0014199533703172,0.0,-0.0014199533703172,20000000.0,1,13,0.5
P2,P,3,-0.0018185740910757,0.0,-0.0018185740910757,20000000.0,1,13,0.5
I1,I,3,,0.0025485462358361,0.0025485462358361,40933385.04431246,1,13,0.5
I2,I,3,,0.001274273117918,0.001274273117918,36589748.2157892,1,13,0.5
I3,I,3,,,,,0,13,0.5
P1,P,4,-0.0014477118809951,0.0,-0.0014477118809951,20000000.0,1,13,0.5
P2,P,4,-0.0018499033327026,0.0,-0.0018499033327026,20000000.0,1,13,0.5
I1,I,4,,0.0025485462358361,0.0025485462358361,41127424.82099264,1,13,0.5
I2,I,4,,0.001274273117918,0.001274273117918,36738321.9039717,1,13,0.5
I3,I,4,,,,,0,13,0.5
P1,P,5,-0.0015617140578939,0.0,-0.0015617140578939,20000000.0,1,13,0.5
P2,P,5,-0.0018368896491197,-6.938002549915212e-05,-0.0019062696746189,20000000.0,1,13,0.5
I1,I,5,,0.0025485462358361,0.0025485462358361,41755943.62059996,1,13,0.5
I2,I,5,,0.001274273117918,0.001274273117918,37299602.80302484,1,13,0.5
I3,I,5,,,,,0,13,0.5
P1,P,6,-0.001633973840445,0.0,-0.001633973840445,20000000.0,1,13,0.5
P2,P,6,-0.0015944867793821,-0.0004554604247962,-0.0020499472041783,20000000.0,1,13,0.5
I1,I,6,,0.0025485462358361,0.0025485462358361,41876192.82809868,1,13,0.5
I2,I,6,,0.001274273117918,0.001274273117918,37358546.08104348,1,13,0.5
I3,I,6,,,,,0,13,0.5
P1,P,7,-0.0016447005370732,-8.87953707379854e-07,-0.0016455884907806,20000000.0,1,13,0.5
P2,P,7,-0.0013547362668291,-0.0008988297103033,-0.0022535659771324,20000000.0,1,13,0.5
I1,I,7,,0.0025485462358361,0.0025485462358361,41568363.71906318,1,13,0.5
I2,I,7,,0.001274273117918,0.001274273117918,37002080.01359473,1,13,0.5
I3,I,7,,,,,0,13,0.5
P1,P,8,-0.0015545264994916,-6.396646111670897e-05,-0.0016184929606083,20000000.0,1,13,0.5
P2,P,8,-0.0011693686331407,-0.0012273293002777,-0.0023966979334184,20000000.0,1,13,0.5
I1,I,8,,0.0025485462358361,0.0025485462358361,40999707.09206741,1,13,0.5
I2,I,8,,0.001274273117918,0.001274273117918,36418473.83887954,1,13,0.5
I3,I,8,,,,,0,13,0.5
P1,P,9,-0.0014215545698596,-0.0002028903021689,-0.0016244448720286,20000000.0,1,13,0.5
P2,P,9,-0.0010217187964843,-0.0014442592062136,-0.002465978002698,20000000.0,1,13,0.5
I1,I,9,,0.0025485462358361,0.0025485462358361,40268116.83192733,1,13,0.5
I2,I,9,,0.001274273117918,0.001274273117918,35702662.80249941,1,13,0.5
I3,I,9,,,,,0,13,0.5
P1,P,10,-0.0012811755087175,-0.0003254015506742,-0.0016065770593917,20000000.0,1,13,0.5
P2,P,10,-0.0009008505295365,-0.0015879025753459,-0.0024887531048824,20000000.0,1,13,0.5
I1,I,10,,0.0025485462358361,0.0025485462358361,39508270.19826715,1,13,0.5
I2,I,10,,0.001274273117918,0.001274273117918,34970707.14940921,1,13,0.5
I3,I,10,,,,,0,13,0.5
P1,P,11,-0.0011421524440271,-0.0004361839701018,-0.0015783364141289,20000000.0,1,13,0.5
P2,P,11,-0.0008011898878486,-0.0016877990390418,-0.0024889889268905,20000000.0,1,13,0.5
I1,I,11,,0.0025485462358361,0.0025485462358361,38792623.487144604,1,13,0.5
I2,I,11,,0.001274273117918,0.001274273117918,34286452.89775098,1,13,0.5
I3,I,11,,,,,0,13,0.5
P1,P,12,-0.0010157987980037,-0.00053792360599,-0.0015537224039938,20000000.0,1,13,0.5
P2,P,12,-0.000718647493849,-0.0017604877954442,-0.0024791352892933,20000000.0,1,13,0.5
I1,I,12,,0.0025485462358361,0.0025485462358361,38141746.59834476,1,13,0.5
I2,I,12,,0.001274273117918,0.001274273117918,33668181.51944137,1,13,0.5
I3,I,12,,,,,0,13,0.5
P1,P,13,-0.0009115960469154,-0.0006204348851353,-0.0015320309320508,20000000.0,1,13,0.5
P2,P,13,-0.00065004677677,-0.0018159035669636,-0.0024659503437337,20000000.0,1,13,0.5
I1,I,13,,0.0025485462358361,0.0025485462358361,37561546.86271836,1,13,0.5
I2,I,13,,0.001274273117918,0.001274273117918,33120168.49364581,1,13,0.5
I3,I,13,,,,,0,13,0.5
P1,P,14,-0.0009876839499424,-0.0009064050239182,-0.0018940889738606,20000000.0,1,13,0.5
P2,P,14,-0.0006983671078671,-0.0024669212870697,-0.0031652883949368,20000000.0,1,13,0.5
I1,I,14,,0.0025485462358361,0.0025485462358361,40194982.45607521,1,13,0.5
I2,I,14,,0.001274273117918,0.001274273117918,35615097.36426167,1,13,0.5
I3,I,14,,0.0019114096768771,0.0019114096768771,38427647.7088156,1,13,0.5
P1,P,15,-0.0009697400758139,-0.0011137942336316,-0.0020835343094455,20000000.0,1,13,0.5
P2,P,15,-0.000684053106884,-0.0027982937090976,-0.0034823468159816,20000000.0,1,13,0.5
I1,I,15,,0.0025485462358361,0.0025485462358361,40639804.843141615,1,13,0.5
I2,I,15,,0.001274273117918,0.001274273117918,36005681.959613614,1,13,0.5
I3,I,15,,0.0019114096768771,0.0019114096768771,38665294.902841896,1,13,0.5
P1,P,16,-0.000908791362386,-0.0012460154942142,-0.0021548068566002,20000000.0,1,13,0.5
P2,P,16,-0.0006449446453692,-0.0029679365568337,-0.0036128812022029,20000000.0,1,13,0.5
I1,I,16,,0.0025485462358361,0.0025485462358361,40484928.48451448,1,13,0.5
I2,I,16,,0.001274273117918,0.001274273117918,35853313.30420011,1,13,0.5
I3,I,16,,0.0019114096768771,0.0019114096768771,38453248.9721316,1,13,0.5
P1,P,17,-0.0008368754639401,-0.0013419527467097,-0.0021788282106498,20000000.0,1,13,0.5
P2,P,17,-0.0005993266014658,-0.0030590883368752,-0.003658414938341,20000000.0,1,13,0.5
I1,I,17,,0.0025485462358361,0.0025485462358361,40115460.125135496,1,13,0.5
I2,I,17,,0.001274273117918,0.001274273117918,35505777.37643081,1,13,0.5
I3,I,17,,0.0019114096768771,0.0019114096768771,38066275.350786924,1,13,0.5
P1,P,18,-0.0007657861075799,-0.0014234329555418,-0.0021892190631217,20000000.0,1,13,0.5
P2,P,18,-0.0005546359303629,-0.0031103677850727,-0.0036650037154357,20000000.0,1,13,0.5
I1,I,18,,0.0025485462358361,0.0025485462358361,39677191.88999376,1,13,0.5
I2,I,18,,0.001274273117918,0.001274273117918,35097325.18297424,1,13,0.5
I3,I,18,,0.0019114096768771,0.0019114096768771,37626445.74107815,1,13,0.5
P1,P,19,-0.0007001478262443,-0.001497333516915,-0.0021974813431594,20000000.0,1,13,0.5
P2,P,19,-0.0005133905922799,-0.0031401340068203,-0.0036535245991002,20000000.0,1,13,0.5
I1,I,19,,0.0025485462358361,0.0025485462358361,39230451.11648942,1,13,0.5
I2,I,19,,0.001274273117918,0.001274273117918,34683223.24261467,1,13,0.5
I3,I,19,,0.0019114096768771,0.0019114096768771,37185456.810308926,1,13,0.5
P1,P,20,-0.0006417369707314,-0.0015650846798523,-0.0022068216505837,20000000.0,1,13,0.5
P2,P,20,-0.0004762789578818,-0.003157395390784,-0.0036336743486658,20000000.0,1,13,0.5
I1,I,20,,0.0025485462358361,0.0025485462358361,38800595.15311653,1,13,0.5
I2,I,20,,0.001274273117918,0.001274273117918,34286369.47972196,1,13,0.5
I3,I,20,,0.0019114096768771,0.0019114096768771,36764863.24488343,1,13,0.5
P1,P,21,-0.0005906771722114,-0.0016265783467455,-0.002217255518957,20000000.0,1,13,0.5
P2,P,21,-0.0004432725346812,-0.003167249612164,-0.0036105221468453,20000000.0,1,13,0.5
I1,I,21,,0.0025485462358361,0.0025485462358361,38398221.59523206,1,13,0.5
I2,I,21,,0.001274273117918,0.001274273117918,33916056.908866785,1,13,0.5
I3,I,21,,0.0019114096768771,0.0019114096768771,36373365.04594965,1,13,0.5
P1,P,22,-0.0005463355595137,-0.0016819357245277,-0.0022282712840414,20000000.0,1,13,0.5
P2,P,22,-0.0004139789674111,-0.0031728832877393,-0.0035868622551505,20000000.0,1,13,0.5
I1,I,22,,0.0025485462358361,0.0025485462358361,38026693.29948099,1,13,0.5
I2,I,22,,0.001274273117918,0.001274273117918,33574981.96411813,1,13,0.5
I3,I,22,,0.0019114096768771,0.0019114096768771,36013314.23820022,1,13,0.5
P1,P,23,-0.0005077775842435,-0.00173148312088,-0.0022392607051235,20000000.0,1,13,0.5
P2,P,23,-0.0003878957884012,-0.0031763545486185,-0.0035642503370198,20000000.0,1,13,0.5
I1,I,23,,0.0025485462358361,0.0025485462358361,37685800.85446812,1,13,0.5
I2,I,23,,0.001274273117918,0.001274273117918,33262631.60091389,1,13,0.5
I3,I,23,,0.0019114096768771,0.0019114096768771,35683945.6543918,1,13,0.5
P1,P,24,-0.0004741181881033,-0.0017760209479962,-0.0022501391360996,20000000.0,1,13,0.5
P2,P,24,-0.0003645366131824,-0.0031786791993164,-0.0035432158124989,20000000.0,1,13,0.5
I1,I,24,,0.0025485462358361,0.0025485462358361,37373223.31401632,1,13,0.5
I2,I,24,,0.001274273117918,0.001274273117918,32976678.576533776,1,13,0.5
I3,I,24,,0.0019114096768771,0.0019114096768771,35382664.47708228,1,13,0.5
P1,P,25,-0.0004445341585817,-0.0018162144423413,-0.002260748600923,20000000.0,1,13,0.5
P2,P,25,-0.0003435060387255,-0.0031803011255716,-0.0035238071642972,20000000.0,1,13,0.5
I1,I,25,,0.0025485462358361,0.0025485462358361,37086358.81920649,1,13,0.5
I2,I,25,,0.001274273117918,0.001274273117918,32714635.02735199,1,13,0.5
I3,I,25,,0.0019114096768771,0.0019114096768771,35106743.55849962,1,13,0.5
P1,P,26,-0.0004183529252118,-0.0018526112123032,-0.002270964137515,20000000.0,1,13,0.5
P2,P,26,-0.0003245034690058,-0.0031814700864722,-0.0035059735554781,20000000.0,1,13,0.5
I1,I,26,,0.0025485462358361,0.0025485462358361,36822758.49239971,1,13,0.5
I2,I,26,,0.001274273117918,0.001274273117918,32474186.46404314,1,13,0.5
I3,I,26,,0.0019114096768771,0.0019114096768771,34853674.22773778,1,13,0.5
P1,P,27,-0.0003950294203505,-0.0018856918542723,-0.0022807212746228,20000000.0,1,13,0.5
P2,P,27,-0.0003072836632873,-0.0031823185542707,-0.0034896022175581,20000000.0,1,13,0.5
I1,I,27,,0.0025485462358361,0.0025485462358361,36580235.99785926,1,13,0.5
I2,I,27,,0.001274273117918,0.001274273117918,32253289.06509974,1,13,0.5
I3,I,27,,0.0019114096768771,0.0019114096768771,34621248.73823131,1,13,0.5
P1,P,28,-0.0003741102689299,-0.0019159518897402,-0.0022900621586702,20000000.0,1,13,0.5
P2,P,28,-0.0002916397605448,-0.0031829015189106,-0.0034745412794554,20000000.0,1,13,0.5
I1,I,28,,0.0025485462358361,0.0025485462358361,36356706.21491346,1,13,0.5
I2,I,28,,0.001274273117918,0.001274273117918,32050007.923403,1,13,0.5
I3,I,28,,0.0019114096768771,0.0019114096768771,34407386.09455948,1,13,0.5
P1,P,29,-0.0003552273655049,-0.0019437933721608,-0.0022990207376658,20000000.0,1,13,0.5
P2,P,29,-0.0002773972241342,-0.0031832433494764,-0.0034606405736107,20000000.0,1,13,0.5
I1,I,29,,0.0025485462358361,0.0025485462358361,36150258.03866759,1,13,0.5
I2,I,29,,0.001274273117918,0.001274273117918,31862567.55353973,1,13,0.5
I3,I,29,,0.0019114096768771,0.0019114096768771,34210188.51601083,1,13,0.5
P1,P,0,-0.0016295700630996,0.0,-0.0016295700630996,20000000.0,1,15,0.5
P2,P,0,-0.0018789112006896,0.0,-0.0018789112006896,20000000.0,1,15,0.5
I1,I,0,,0.0025446512317736,0.0025446512317736,39558476.66180045,1,15,0.5
I2,I,0,,0.0012723256158868,0.0012723256158868,36187947.3853632,1,15,0.5
I3,I,0,,,,,0,15,0.5
P1,P,1,-0.0015037297212479,0.0,-0.0015037297212479,20000000.0,1,15,0.5
P2,P,1,-0.0017376498209905,0.0,-0.0017376498209905,20000000.0,1,15,0.5
I1,I,1,,0.0025446512317736,0.0025446512317736,39752079.02448722,1,15,0.5
I2,I,1,,0.0012723256158868,0.0012723256158868,36270560.113399886,1,15,0.5
I3,I,1,,,,,0,15,0.5
P1,P,2,-0.0014938553095941,0.0,-0.0014938553095941,20000000.0,1,15,0.5
P2,P,2,-0.0017219530915438,0.0,-0.0017219530915438,20000000.0,1,15,0.5
I1,I,2,,0.0025446512317736,0.0025446512317736,40139187.52933325,1,15,0.5
I2,I,2,,0.0012723256158868,0.0012723256158868,36529639.37272766,1,15,0.5
I3,I,2,,,,,0,15,0.5
P1,P,3,-0.0015137680521883,0.0,-0.0015137680521883,20000000.0,1,15,0.5
P2,P,3,-0.0017402084668315,0.0,-0.0017402084668315,20000000.0,1,15,0.5
I1,I,3,,0.0025446512317736,0.0025446512317736,40412392.48868612,1,15,0.5
I2,I,3,,0.0012723256158868,0.0012723256158868,36724475.89073299,1,15,0.5
I3,I,3,,,,,0,15,0.5
P1,P,4,-0.001542344972047,0.0,-0.001542344972047,20000000.0,1,15,0.5
P2,P,4,-0.0017702247289577,0.0,-0.0017702247289577,20000000.0,1,15,0.5
I1,I,4,,0.0025446512317736,0.0025446512317736,40605982.65977564,1,15,0.5
I2,I,4,,0.0012723256158868,0.0012723256158868,36871824.16494244,1,15,0.5
I3,I,4,,,,,0,15,0.5
P1,P,5,-0.0016596579620495,0.0,-0.0016596579620495,20000000.0,1,15,0.5
P2,P,5,-0.0017698855824358,-5.630900295006837e-05,-0.0018261945853858,20000000.0,1,15,0.5
I1,I,5,,0.0025446512317736,0.0025446512317736,41214262.0541687,1,15,0.5
I2,I,5,,0.0012723256158868,0.0012723256158868,37416355.25521222,1,15,0.5
I3,I,5,,,,,0,15,0.5
P1,P,6,-0.001737181548249,0.0,-0.001737181548249,20000000.0,1,15,0.5
P2,P,6,-0.0015361719105388,-0.0003981652431978,-0.0019343371537366,20000000.0,1,15,0.5
I1,I,6,,0.0025446512317736,0.0025446512317736,41350632.46403715,1,15,0.5
I2,I,6,,0.0012723256158868,0.0012723256158868,37501496.16057668,1,15,0.5
I3,I,6,,,,,0,15,0.5
P1,P,7,-0.001742336528992,-2.2816116799983677e-06,-0.001744618140672,20000000.0,1,15,0.5
P2,P,7,-0.0013092291734449,-0.000811945466088,-0.002121174639533,20000000.0,1,15,0.5
I1,I,7,,0.0025446512317736,0.0025446512317736,41087605.3803234,1,15,0.5
I2,I,7,,0.0012723256158868,0.0012723256158868,37195157.57248188,1,15,0.5
I3,I,7,,,,,0,15,0.5
P1,P,8,-0.0016234950952658,-8.581562347959356e-05,-0.0017093107187454,20000000.0,1,15,0.5
P2,P,8,-0.0011349303595149,-0.0011298085526952,-0.0022647389122101,20000000.0,1,15,0.5
I1,I,8,,0.0025446512317736,0.0025446512317736,40577733.29952254,1,15,0.5
I2,I,8,,0.0012723256158868,0.0012723256158868,36670371.43180932,1,15,0.5
I3,I,8,,,,,0,15,0.5
P1,P,9,-0.0014634044291892,-0.0002690951917189,-0.0017324996209081,20000000.0,1,15,0.5
P2,P,9,-0.0009901878875612,-0.0013500563472873,-0.0023402442348485,20000000.0,1,15,0.5
I1,I,9,,0.0025446512317736,0.0025446512317736,39862713.26967555,1,15,0.5
I2,I,9,,0.0012723256158868,0.0012723256158868,35971591.146797895,1,15,0.5
I3,I,9,,,,,0,15,0.5
P1,P,10,-0.0013116511766315,-0.000442872415513,-0.0017545235921446,20000000.0,1,15,0.5
P2,P,10,-0.0008657185509143,-0.0014945743302551,-0.0023602928811695,20000000.0,1,15,0.5
I1,I,10,,0.0025446512317736,0.0025446512317736,39042852.23357176,1,15,0.5
I2,I,10,,0.0012723256158868,0.0012723256158868,35185306.16742262,1,15,0.5
I3,I,10,,,,,0,15,0.5
P1,P,11,-0.0011742873492253,-0.000575179536471,-0.0017494668856964,20000000.0,1,15,0.5
P2,P,11,-0.0007611577484432,-0.0015883494877007,-0.0023495072361439,20000000.0,1,15,0.5
I1,I,11,,0.0025446512317736,0.0025446512317736,38233423.32987718,1,15,0.5
I2,I,11,,0.0012723256158868,0.0012723256158868,34414806.13042056,1,15,0.5
I3,I,11,,,,,0,15,0.5
P1,P,12,-0.0010498383377986,-0.0006706014216877,-0.0017204397594864,20000000.0,1,15,0.5
P2,P,12,-0.0006762030678053,-0.0016536873312441,-0.0023298903990494,20000000.0,1,15,0.5
I1,I,12,,0.0025446512317736,0.0025446512317736,37512114.80973449,1,15,0.5
I2,I,12,,0.0012723256158868,0.0012723256158868,33731016.37468537,1,15,0.5
I3,I,12,,,,,0,15,0.5
P1,P,13,-0.000946859518596,-0.0007454183075202,-0.0016922778261163,20000000.0,1,15,0.5
P2,P,13,-0.0006076216087106,-0.0017030033762577,-0.0023106249849683,20000000.0,1,15,0.5
I1,I,13,,0.0025446512317736,0.0025446512317736,36888839.877645575,1,15,0.5
I2,I,13,,0.0012723256158868,0.0012723256158868,33143021.72493861,1,15,0.5
I3,I,13,,,,,0,15,0.5
P1,P,14,-0.0008643597503406,-0.0008078198182007,-0.0016721795685413,20000000.0,1,15,0.5
P2,P,14,-0.000551466880284,-0.0017419065713185,-0.0022933734516025,20000000.0,1,15,0.5
I1,I,14,,0.0025446512317736,0.0025446512317736,36347662.698976144,1,15,0.5
I2,I,14,,0.0012723256158868,0.0012723256158868,32635325.17928044,1,15,0.5
I3,I,14,,,,,0,15,0.5
P1,P,15,-0.0007956267367185,-0.0008625248363545,-0.0016581515730731,20000000.0,1,15,0.5
P2,P,15,-0.0005047695068302,-0.0017732155773932,-0.0022779850842234,20000000.0,1,15,0.5
I1,I,15,,0.0025446512317736,0.0025446512317736,35873554.56871348,1,15,0.5
I2,I,15,,0.0012723256158868,0.0012723256158868,32192999.266509145,1,15,0.5
I3,I,15,,,,,0,15,0.5
P1,P,16,-0.0008964525048931,-0.0012156674547005,-0.0021121199595936,20000000.0,1,15,0.5
P2,P,16,-0.0005582433461417,-0.0024016560958441,-0.0029598994419859,20000000.0,1,15,0.5
I1,I,16,,0.0025446512317736,0.0025446512317736,38536377.46223984,1,15,0.5
I2,I,16,,0.0012723256158868,0.0012723256158868,34692354.506554194,1,15,0.5
I3,I,16,,0.0019084884238302,0.0019084884238302,36775102.71744738,1,15,0.5
P1,P,17,-0.0008857763543294,-0.0014391344974902,-0.0023249108518197,20000000.0,1,15,0.5
P2,P,17,-0.0005522312985625,-0.002687837382533,-0.0032400686810956,20000000.0,1,15,0.5
I1,I,17,,0.0025446512317736,0.0025446512317736,38961443.22308272,1,15,0.5
I2,I,17,,0.0012723256158868,0.0012723256158868,35077404.60267298,1,15,0.5
I3,I,17,,0.0019084884238302,0.0019084884238302,37006180.05149086,1,15,0.5
P1,P,18,-0.0008278273242581,-0.001576114989929,-0.0024039423141872,20000000.0,1,15,0.5
P2,P,18,-0.0005235594863991,-0.0028180346145813,-0.0033415941009805,20000000.0,1,15,0.5
I1,I,18,,0.0025446512317736,0.0025446512317736,38811518.05915132,1,15,0.5
I2,I,18,,0.0012723256158868,0.0012723256158868,34937490.63278045,1,15,0.5
I3,I,18,,0.0019084884238302,0.0019084884238302,36803520.92485359,1,15,0.5
P1,P,19,-0.0007598953640103,-0.0016739365187325,-0.0024338318827428,20000000.0,1,15,0.5
P2,P,19,-0.0004889556875981,-0.0028803777885433,-0.0033693334761414,20000000.0,1,15,0.5
I1,I,19,,0.0025446512317736,0.0025446512317736,38474166.51899439,1,15,0.5
I2,I,19,,0.0012723256158868,0.0012723256158868,34624010.06294458,1,15,0.5
I3,I,19,,0.0019084884238302,0.0019084884238302,36449060.8729736,1,15,0.5
P1,P,20,-0.0006951815147558,-0.0017526162266719,-0.0024477977414277,20000000.0,1,15,0.5
P2,P,20,-0.0004550178941866,-0.0029119195082891,-0.0033669374024758,20000000.0,1,15,0.5
I1,I,20,,0.0025446512317736,0.0025446512317736,38088250.163251854,1,15,0.5
I2,I,20,,0.0012723256158868,0.0012723256158868,34266229.96950541,1,15,0.5
I3,I,20,,0.0019084884238302,0.0019084884238302,36059965.15872279,1,15,0.5
P1,P,21,-0.0006375384039112,-0.0018199505394843,-0.0024574889433955,20000000.0,1,15,0.5
P2,P,21,-0.0004238965152134,-0.0029288209746663,-0.0033527174898798,20000000.0,1,15,0.5
I1,I,21,,0.0025446512317736,0.0025446512317736,37705618.472986415,1,15,0.5
I2,I,21,,0.0012723256158868,0.0012723256158868,33912413.893216565,1,15,0.5
I3,I,21,,0.0019084884238302,0.0019084884238302,35680464.71421194,1,15,0.5
P1,P,22,-0.0005873132812893,-0.0018792774610948,-0.0024665907423842,20000000.0,1,15,0.5
P2,P,22,-0.0003960060510852,-0.002938232402657,-0.0033342384537422,20000000.0,1,15,0.5
I1,I,22,,0.0025446512317736,0.0025446512317736,37344469.20003112,1,15,0.5
I2,I,22,,0.0012723256158868,0.0012723256158868,33579318.75201916,1,15,0.5
I3,I,22,,0.0019084884238302,0.0019084884238302,35325521.16372495,1,15,0.5
P1,P,23,-0.0005437566219243,-0.0019322179867841,-0.0024759746087084,20000000.0,1,15,0.5
P2,P,23,-0.0003712039975454,-0.0029434351684647,-0.0033146391660102,20000000.0,1,15,0.5
I1,I,23,,0.0025446512317736,0.0025446512317736,37010213.07124987,1,15,0.5
I2,I,23,,0.0012723256158868,0.0012723256158868,33271787.90645031,1,15,0.5
I3,I,23,,0.0019084884238302,0.0019084884238302,34998997.505392425,1,15,0.5
P1,P,24,-0.0005058931830341,-0.0019797887229119,-0.002485681905946,20000000.0,1,15,0.5
P2,P,24,-0.0003491868354252,-0.0029461058779931,-0.0032952927134183,20000000.0,1,15,0.5
I1,I,24,,0.0025446512317736,0.0025446512317736,36703282.09337296,1,15,0.5
I2,I,24,,0.0012723256158868,0.0012723256158868,32990065.47306263,1,15,0.5
I3,I,24,,0.0019084884238302,0.0019084884238302,34700521.91876999,1,15,0.5
P1,P,25,-0.0004728099164822,-0.0020226774398251,-0.0024954873563073,20000000.0,1,15,0.5
P2,P,25,-0.0003296142167949,-0.0029472031272276,-0.0032768173440226,20000000.0,1,15,0.5
I1,I,25,,0.0025446512317736,0.0025446512317736,36422369.404505536,1,15,0.5
I2,I,25,,0.0012723256158868,0.0012723256158868,32732818.198322,1,15,0.5
I3,I,25,,0.0019084884238302,0.0019084884238302,34428344.35026194,1,15,0.5
P1,P,26,-0.0004436944187119,-0.0020614598954963,-0.0025051543142082,20000000.0,1,15,0.5
P2,P,26,-0.0003120912632121,-0.0029475543761767,-0.0032596456393889,20000000.0,1,15,0.5
I1,I,26,,0.0025446512317736,0.0025446512317736,36165082.9070535,1,15,0.5
I2,I,26,,0.0012723256158868,0.0012723256158868,32497664.305269662,1,15,0.5
I3,I,26,,0.0019084884238302,0.0019084884238302,34179804.791189566,1,15,0.5
P1,P,27,-0.000417864105848,-0.0020967094779118,-0.0025145735837598,20000000.0,1,15,0.5
P2,P,27,-0.0002962525930672,-0.0029476400422862,-0.0032438926353534,20000000.0,1,15,0.5
I1,I,27,,0.0025446512317736,0.0025446512317736,35928575.19683618,1,15,0.5
I2,I,27,,0.0012723256158868,0.0012723256158868,32281838.79800219,1,15,0.5
I3,I,27,,0.0019084884238302,0.0019084884238302,33951907.067707725,1,15,0.5
P1,P,28,-0.0003947415651867,-0.0021288817754525,-0.0025236233406392,20000000.0,1,15,0.5
P2,P,28,-0.0002817986681555,-0.0029477066262486,-0.0032295052944042,20000000.0,1,15,0.5
I1,I,28,,0.0025446512317736,0.0025446512317736,35710252.97490965,1,15,0.5
I2,I,28,,0.0012723256158868,0.0012723256158868,32082848.93793357,1,15,0.5
I3,I,28,,0.0019084884238302,0.0019084884238302,33741974.12726594,1,15,0.5
P1,P,29,-0.0003738678570764,-0.0021583799040369,-0.0025322477611133,20000000.0,1,15,0.5
P2,P,29,-0.0002685199879725,-0.0029478136383648,-0.0032163336263373,20000000.0,1,15,0.5
I1,I,29,,0.0025446512317736,0.0025446512317736,35508025.34071863,1,15,0.5
I2,I,29,,0.0012723256158868,0.0012723256158868,31898724.50077025,1,15,0.5
I3,I,29,,0.0019084884238302,0.0019084884238302,33547875.70778914,1,15,0.5
P1,P,0,-0.0015411264098172,0.0,-0.0015411264098172,20000000.0,1,12,0.5
P2,P,0,-0.0019878776356912,0.0,-0.0019878776356912,20000000.0,1,12,0.5
I1,I,0,,0.0025451453599834,0.0025451453599834,39497726.35977841,1,12,0.5
I2,I,0,,0.0012725726799917,0.0012725726799917,36284453.885201216,1,12,0.5
I3,I,0,,,,,0,12,0.5
P1,P,1,-0.0014329243050227,0.0,-0.0014329243050227,20000000.0,1,12,0.5
P2,P,1,-0.0018247077121313,0.0,-0.0018247077121313,20000000.0,1,12,0.5
I1,I,1,,0.0025451453599834,0.0025451453599834,39671284.07492951,1,12,0.5
I2,I,1,,0.0012725726799917,0.0012725726799917,36313562.86133855,1,12,0.5
I3,I,1,,,,,0,12,0.5
P1,P,2,-0.0014267502607309,0.0,-0.0014267502607309,20000000.0,1,12,0.5
P2,P,2,-0.0018026837635774,0.0,-0.0018026837635774,20000000.0,1,12,0.5
I1,I,2,,0.0025451453599834,0.0025451453599834,40036288.86721857,1,12,0.5
I2,I,2,,0.0012725726799917,0.0012725726799917,36544267.6065971,1,12,0.5
I3,I,2,,,,,0,12,0.5
P1,P,3,-0.0014463302504859,0.0,-0.0014463302504859,20000000.0,1,12,0.5
P2,P,3,-0.0018192666452884,0.0,-0.0018192666452884,20000000.0,1,12,0.5
I1,I,3,,0.0025451453599834,0.0025451453599834,40294928.487193935,1,12,0.5
I2,I,3,,0.0012725726799917,0.0012725726799917,36723484.147055045,1,12,0.5
I3,I,3,,,,,0,12,0.5
P1,P,4,-0.0014732967134077,0.0,-0.0014732967134077,20000000.0,1,12,0.5
P2,P,4,-0.0018492433041064,0.0,-0.0018492433041064,20000000.0,1,12,0.5
I1,I,4,,0.0025451453599834,0.0025451453599834,40478146.98478017,1,12,0.5
I2,I,4,,0.0012725726799917,0.0012725726799917,36860622.19211835,1,12,0.5
I3,I,4,,,,,0,12,0.5
P1,P,5,-0.0015843862025976,0.0,-0.0015843862025976,20000000.0,1,12,0.5
P2,P,5,-0.0018339857496992,-6.588679074294924e-05,-0.0018998725404422,20000000.0,1,12,0.5
I1,I,5,,0.0025451453599834,0.0025451453599834,41058381.81007491,1,12,0.5
I2,I,5,,0.0012725726799917,0.0012725726799917,37382766.32131465,1,12,0.5
I3,I,5,,,,,0,12,0.5
P1,P,6,-0.0016550230899002,0.0,-0.0016550230899002,20000000.0,1,12,0.5
P2,P,6,-0.0015837219597098,-0.0004459555762066,-0.0020296775359165,20000000.0,1,12,0.5
I1,I,6,,0.0025451453599834,0.0025451453599834,41154784.7773322,1,12,0.5
I2,I,6,,0.0012725726799917,0.0012725726799917,37424612.78867137,1,12,0.5
I3,I,6,,,,,0,12,0.5
P1,P,7,-0.0016581049344172,-1.251463328220592e-06,-0.0016593563977454,20000000.0,1,12,0.5
P2,P,7,-0.0013392793173167,-0.0008944290304108,-0.0022337083477275,20000000.0,1,12,0.5
I1,I,7,,0.0025451453599834,0.0025451453599834,40835367.77636431,1,12,0.5
I2,I,7,,0.0012725726799917,0.0012725726799917,37054698.56069619,1,12,0.5
I3,I,7,,,,,0,12,0.5
P1,P,8,-0.0015453377733913,-6.925016263348688e-05,-0.0016145879360248,20000000.0,1,12,0.5
P2,P,8,-0.0011505621297562,-0.0012356016773378,-0.0023861638070941,20000000.0,1,12,0.5
I1,I,8,,0.0025451453599834,0.0025451453599834,40274710.92572133,1,12,0.5
I2,I,8,,0.0012725726799917,0.0012725726799917,36471728.03137294,1,12,0.5
I3,I,8,,,,,0,12,0.5
P1,P,9,-0.0013981734654624,-0.0002243262434787,-0.0016224997089411,20000000.0,1,12,0.5
P2,P,9,-0.0009985975811046,-0.0014654335090983,-0.002464031090203,20000000.0,1,12,0.5
I1,I,9,,0.0025451453599834,0.0025451453599834,39533958.7344468,1,12,0.5
I2,I,9,,0.0012725726799917,0.0012725726799917,35743191.38732701,1,12,0.5
I3,I,9,,,,,0,12,0.5
P1,P,10,-0.0012576847157517,-0.0003780892426761,-0.0016357739584278,20000000.0,1,12,0.5
P2,P,10,-0.0008726321673978,-0.0016092095515366,-0.0024818417189344,20000000.0,1,12,0.5
I1,I,10,,0.0025451453599834,0.0025451453599834,38710740.65774168,1,12,0.5
I2,I,10,,0.0012725726799917,0.0012725726799917,34954308.559426524,1,12,0.5
I3,I,10,,,,,0,12,0.5
P1,P,11,-0.0011276974124625,-0.0005012943812126,-0.0016289917936751,20000000.0,1,12,0.5
P2,P,11,-0.0007687682723433,-0.0016983252021634,-0.0024670934745067,20000000.0,1,12,0.5
I1,I,11,,0.0025451453599834,0.0025451453599834,37911229.3899863,1,12,0.5
I2,I,11,,0.0012725726799917,0.0012725726799917,34197046.35436535,1,12,0.5
I3,I,11,,,,,0,12,0.5
P1,P,12,-0.0010106502331777,-0.0005976466543186,-0.0016082968874964,20000000.0,1,12,0.5
P2,P,12,-0.000684467348439,-0.0017571720212961,-0.0024416393697352,20000000.0,1,12,0.5
I1,I,12,,0.0025451453599834,0.0025451453599834,37197255.16450248,1,12,0.5
I2,I,12,,0.0012725726799917,0.0012725726799917,33525117.89778921,1,12,0.5
I3,I,12,,,,,0,12,0.5
P1,P,13,-0.0010843413306713,-0.000887008196082,-0.0019713495267533,20000000.0,1,12,0.5
P2,P,13,-0.0007222775055013,-0.0023816624741442,-0.0031039399796455,20000000.0,1,12,0.5
I1,I,13,,0.0025451453599834,0.0025451453599834,39709734.01605727,1,12,0.5
I2,I,13,,0.0012725726799917,0.0012725726799917,35897110.09494146,1,12,0.5
I3,I,13,,0.0019088590199875,0.0019088590199875,37879210.90811346,1,12,0.5
P1,P,14,-0.0010604245239892,-0.0010976678675611,-0.0021580923915504,20000000.0,1,12,0.5
P2,P,14,-0.0007022891278567,-0.0027099565980761,-0.0034122457259329,20000000.0,1,12,0.5
I1,I,14,,0.0025451453599834,0.0025451453599834,40095288.70663399,1,12,0.5
I2,I,14,,0.0012725726799917,0.0012725726799917,36233184.28548339,1,12,0.5
I3,I,14,,0.0019088590199875,0.0019088590199875,38057536.33996286,1,12,0.5
P1,P,15,-0.0009921674225551,-0.0012351717793097,-0.0022273392018649,20000000.0,1,12,0.5
P2,P,15,-0.0006605822900004,-0.002880497756704,-0.0035410800467045,20000000.0,1,12,0.5
I1,I,15,,0.0025451453599834,0.0025451453599834,39907508.91305244,1,12,0.5
I2,I,15,,0.0012725726799917,0.0012725726799917,36051266.51454973,1,12,0.5
I3,I,15,,0.0019088590199875,0.0019088590199875,37813227.84985473,1,12,0.5
P1,P,16,-0.0009118952565085,-0.0013371273647843,-0.0022490226212929,20000000.0,1,12,0.5
P2,P,16,-0.0006138490761426,-0.002972891053988,-0.0035867401301306,20000000.0,1,12,0.5
I1,I,16,,0.0025451453599834,0.0025451453599834,39518713.18715001,1,12,0.5
I2,I,16,,0.0012725726799917,0.0012725726799917,35686669.80999486,1,12,0.5
I3,I,16,,0.0019088590199875,0.0019088590199875,37407361.84477948,1,12,0.5
P1,P,17,-0.0008321400768635,-0.0014245212956995,-0.0022566613725631,20000000.0,1,12,0.5
P2,P,17,-0.000568812865398,-0.0030250644699154,-0.0035938773353134,20000000.0,1,12,0.5
I1,I,17,,0.0025451453599834,0.0025451453599834,39070042.23182159,1,12,0.5
I2,I,17,,0.0012725726799917,0.0012725726799917,35269405.79857467,1,12,0.5
I3,I,17,,0.0019088590199875,0.0019088590199875,36957402.92224301,1,12,0.5
P1,P,18,-0.00075859605295,-0.0015037834462857,-0.0022623794992358,20000000.0,1,12,0.5
P2,P,18,-0.0005277483211646,-0.0030552678533066,-0.0035830161744713,20000000.0,1,12,0.5
I1,I,18,,0.0025451453599834,0.0025451453599834,38619049.46016976,1,12,0.5
I2,I,18,,0.0012725726799917,0.0012725726799917,34852393.0869385,1,12,0.5
I3,I,18,,0.0019088590199875,0.0019088590199875,36512443.9983878,1,12,0.5
P1,P,19,-0.0006934102600428,-0.0015763794718347,-0.0022697897318776,20000000.0,1,12,0.5
P2,P,19,-0.0004909924966884,-0.0030728238932791,-0.0035638163899675,20000000.0,1,12,0.5
I1,I,19,,0.0025451453599834,0.0025451453599834,38188469.86964905,1,12,0.5
I2,I,19,,0.0012725726799917,0.0012725726799917,34456153.90465599,1,12,0.5
I3,I,19,,0.0019088590199875,0.0019088590199875,36091511.54103619,1,12,0.5
P1,P,20,-0.0006364888201877,-0.0016422598722691,-0.0022787486924569,20000000.0,1,12,0.5
P2,P,20,-0.0004582229685977,-0.0030832861628234,-0.0035415091314211,20000000.0,1,12,0.5
I1,I,20,,0.0025451453599834,0.0025451453599834,37786680.13797677,1,12,0.5
I2,I,20,,0.0012725726799917,0.0012725726799917,34087758.599221304,1,12,0.5
I3,I,20,,0.0019088590199875,0.0019088590199875,35701071.999352574,1,12,0.5
P1,P,21,-0.0005869399883532,-0.0017019426531115,-0.0022888826414648,20000000.0,1,12,0.5
P2,P,21,-0.0004290379406488,-0.0030894399343284,-0.0035184778749773,20000000.0,1,12,0.5
I1,I,21,,0.0025451453599834,0.0025451453599834,37415788.48984083,1,12,0.5
I2,I,21,,0.0012725726799917,0.0012725726799917,33748735.90315304,1,12,0.5
I3,I,21,,0.0019088590199875,0.0019088590199875,35342233.78234792,1,12,0.5
P1,P,22,-0.000543775420567,-0.001756103003821,-0.002299878424388,20000000.0,1,12,0.5
P2,P,22,-0.0004030499586182,-0.0030927385999708,-0.0034957885585891,20000000.0,1,12,0.5
I1,I,22,,0.0025451453599834,0.0025451453599834,37075041.263518944,1,12,0.5
I2,I,22,,0.0012725726799917,0.0012725726799917,33438128.050658416,1,12,0.5
I3,I,22,,0.0019088590199875,0.0019088590199875,35013702.86844256,1,12,0.5
P1,P,23,-0.0005060614556386,-0.001805047038669,-0.0023111084943077,20000000.0,1,12,0.5
P2,P,23,-0.0003798244384571,-0.003094342504889,-0.0034741669433461,20000000.0,1,12,0.5
I1,I,23,,0.0025451453599834,0.0025451453599834,36762821.18002649,1,12,0.5
I2,I,23,,0.0012725726799917,0.0012725726799917,33154192.175411247,1,12,0.5
I3,I,23,,0.0019088590199875,0.0019088590199875,34713525.85428806,1,12,0.5
P1,P,24,-0.0004729949090333,-0.0018493707868648,-0.0023223656958982,20000000.0,1,12,0.5
P2,P,24,-0.0003588868146485,-0.0030951392845965,-0.003454026099245,20000000.0,1,12,0.5
I1,I,24,,0.0025451453599834,0.0025451453599834,36476277.38241144,1,12,0.5
I2,I,24,,0.0012725726799917,0.0012725726799917,32894070.151732206,1,12,0.5
I3,I,24,,0.0019088590199875,0.0019088590199875,34438660.940795094,1,12,0.5
P1,P,25,-0.0004438258496106,-0.0018894862187322,-0.0023333120683428,20000000.0,1,12,0.5
P2,P,25,-0.000339828336142,-0.0030956902519139,-0.0034355185880559,20000000.0,1,12,0.5
I1,I,25,,0.0025451453599834,0.0025451453599834,36212591.451975554,1,12,0.5
I2,I,25,,0.0012725726799917,0.0012725726799917,32654993.97262837,1,12,0.5
I3,I,25,,0.0019088590199875,0.0019088590199875,34186185.28560044,1,12,0.5
P1,P,26,-0.0004179353255018,-0.0019257254838996,-0.0023436608094014,20000000.0,1,12,0.5
P2,P,26,-0.0003223493006509,-0.0030963396223337,-0.0034186889229847,20000000.0,1,12,0.5
I1,I,26,,0.0025451453599834,0.0025451453599834,35969363.18002334,1,12,0.5
I2,I,26,,0.0012725726799917,0.0012725726799917,32434646.10394388,1,12,0.5
I3,I,26,,0.0019088590199875,0.0019088590199875,33953644.73025941,1,12,0.5
P1,P,27,-0.0003948075261618,-0.0019584888421431,-0.002353296368305,20000000.0,1,12,0.5
P2,P,27,-0.0003062529403555,-0.003097190746466,-0.0034034436868216,20000000.0,1,12,0.5
I1,I,27,,0.0025451453599834,0.0025451453599834,35744610.9699933,1,12,0.5
I2,I,27,,0.0012725726799917,0.0012725726799917,32231163.76141996,1,12,0.5
I3,I,27,,0.0019088590199875,0.0019088590199875,33739046.645363174,1,12,0.5
P1,P,28,-0.0003739929680293,-0.0019882675412901,-0.0023622605093195,20000000.0,1,12,0.5
P2,P,28,-0.0002914045305962,-0.0030982111097518,-0.003389615640348,20000000.0,1,12,0.5
I1,I,28,,0.0025451453599834,0.0025451453599834,35536568.458988145,1,12,0.5
I2,I,28,,0.0012725726799917,0.0012725726799917,32042927.91392378,1,12,0.5
I3,I,28,,0.0019088590199875,0.0019088590199875,33540641.431754302,1,12,0.5
P1,P,29,-0.0003551411102408,-0.0020154866875613,-0.0023706277978022,20000000.0,1,12,0.5
P2,P,29,-0.0002776983670375,-0.0030993439612479,-0.0033770423282855,20000000.0,1,12,0.5
I1,I,29,,0.0025451453599834,0.0025451453599834,35343611.14749269,1,12,0.5
I2,I,29,,0.0012725726799917,0.0012725726799917,31868462.648186877,1,12,0.5
I3,I,29,,0.0019088590199875,0.0019088590199875,33356831.68486001,1,12,0.5
P1,P,0,-0.0015703287320023,0.0,-0.0015703287320023,20000000.0,1,23,0.5
P2,P,0,-0.0018403083859822,0.0,-0.0018403083859822,20000000.0,1,23,0.5
I1,I,0,,0.0025385687273972,0.0025385687273972,39875436.77473383,1,23,0.5
I2,I,0,,0.0012692843636986,0.0012692843636986,35881736.62918552,1,23,0.5
I3,I,0,,,,,0,23,0.5
P1,P,1,-0.0014572774470793,0.0,-0.0014572774470793,20000000.0,1,23,0.5
P2,P,1,-0.0016998164092232,0.0,-0.0016998164092232,20000000.0,1,23,0.5
I1,I,1,,0.0025385687273972,0.0025385687273972,40004535.26215788,1,23,0.5
I2,I,1,,0.0012692843636986,0.0012692843636986,36030280.26084308,1,23,0.5
I3,I,1,,,,,0,23,0.5
P1,P,2,-0.0014534334381044,0.0,-0.0014534334381044,20000000.0,1,23,0.5
P2,P,2,-0.0016868420121168,0.0,-0.0016868420121168,20000000.0,1,23,0.5
I1,I,2,,0.0025385687273972,0.0025385687273972,40377577.49969383,1,23,0.5
I2,I,2,,0.0012692843636986,0.0012692843636986,36314414.86766825,1,23,0.5
I3,I,2,,,,,0,23,0.5
P1,P,3,-0.0014769158071888,0.0,-0.0014769158071888,20000000.0,1,23,0.5
P2,P,3,-0.001707885937885,0.0,-0.001707885937885,20000000.0,1,23,0.5
I1,I,3,,0.0025385687273972,0.0025385687273972,40654642.68251745,1,23,0.5
I2,I,3,,0.0012692843636986,0.0012692843636986,36530258.4284026,1,23,0.5
I3,I,3,,,,,0,23,0.5
P1,P,4,-0.0015080399053207,0.0,-0.0015080399053207,20000000.0,1,23,0.5
P2,P,4,-0.0017403968765832,0.0,-0.0017403968765832,20000000.0,1,23,0.5
I1,I,4,,0.0025385687273972,0.0025385687273972,40859584.14884216,1,23,0.5
I2,I,4,,0.0012692843636986,0.0012692843636986,36697120.94365328,1,23,0.5
I3,I,4,,,,,0,23,0.5
P1,P,5,-0.001634375522659,0.0,-0.001634375522659,20000000.0,1,23,0.5
P2,P,5,-0.0017370070304964,-6.380913988788135e-05,-0.0018008161703843,20000000.0,1,23,0.5
I1,I,5,,0.0025385687273972,0.0025385687273972,41535298.85179479,1,23,0.5
I2,I,5,,0.0012692843636986,0.0012692843636986,37314108.16718997,1,23,0.5
I3,I,5,,,,,0,23,0.5
P1,P,6,-0.0017162407614339,0.0,-0.0017162407614339,20000000.0,1,23,0.5
P2,P,6,-0.0015100252803518,-0.0004246956859485,-0.0019347209663003,20000000.0,1,23,0.5
I1,I,6,,0.0025385687273972,0.0025385687273972,41702457.03936843,1,23,0.5
I2,I,6,,0.0012692843636986,0.0012692843636986,37427080.80005664,1,23,0.5
I3,I,6,,,,,0,23,0.5
P1,P,7,-0.0017289698130819,-1.104251479422944e-06,-0.0017300740645613,20000000.0,1,23,0.5
P2,P,7,-0.0012896895859342,-0.0008460717255387,-0.002135761311473,20000000.0,1,23,0.5
I1,I,7,,0.0025385687273972,0.0025385687273972,41438069.20876092,1,23,0.5
I2,I,7,,0.0012692843636986,0.0012692843636986,37116848.63146298,1,23,0.5
I3,I,7,,,,,0,23,0.5
P1,P,8,-0.0016188892877678,-7.608431182033497e-05,-0.0016949735995881,20000000.0,1,23,0.5
P2,P,8,-0.0011188341846604,-0.0011679399539296,-0.0022867741385901,20000000.0,1,23,0.5
I1,I,8,,0.0025385687273972,0.0025385687273972,40909532.6682375,1,23,0.5
I2,I,8,,0.0012692843636986,0.0012692843636986,36572272.00852682,1,23,0.5
I3,I,8,,,,,0,23,0.5
P1,P,9,-0.0014610187134163,-0.0002573052816805,-0.0017183239950969,20000000.0,1,23,0.5
P2,P,9,-0.0009762014694408,-0.0013879539312718,-0.0023641554007127,20000000.0,1,23,0.5
I1,I,9,,0.0025385687273972,0.0025385687273972,40165532.92086472,1,23,0.5
I2,I,9,,0.0012692843636986,0.0012692843636986,35845578.232927166,1,23,0.5
I3,I,9,,,,,0,23,0.5
P1,P,10,-0.0013083467763603,-0.0004266102457075,-0.0017349570220678,20000000.0,1,23,0.5
P2,P,10,-0.0008539392769571,-0.0015294082628314,-0.0023833475397885,20000000.0,1,23,0.5
I1,I,10,,0.0025385687273972,0.0025385687273972,39326368.36589792,1,23,0.5
I2,I,10,,0.0012692843636986,0.0012692843636986,35040243.818381466,1,23,0.5
I3,I,10,,,,,0,23,0.5
P1,P,11,-0.0011695364034725,-0.0005509701102533,-0.0017205065137258,20000000.0,1,23,0.5
P2,P,11,-0.0007519217611418,-0.0016209709827886,-0.0023728927439304,20000000.0,1,23,0.5
I1,I,11,,0.0025385687273972,0.0025385687273972,38517498.93710036,1,23,0.5
I2,I,11,,0.0012692843636986,0.0012692843636986,34268031.86606588,1,23,0.5
I3,I,11,,,,,0,23,0.5
P1,P,12,-0.0010437303065854,-0.0006467104786584,-0.0016904407852438,20000000.0,1,23,0.5
P2,P,12,-0.0006690273938546,-0.0016846561448692,-0.0023536835387239,20000000.0,1,23,0.5
I1,I,12,,0.0025385687273972,0.0025385687273972,37800474.166218765,1,23,0.5
I2,I,12,,0.0012692843636986,0.0012692843636986,33585696.447264984,1,23,0.5
I3,I,12,,,,,0,23,0.5
P1,P,13,-0.0009381113242885,-0.0007248801637295,-0.0016629914880181,20000000.0,1,23,0.5
P2,P,13,-0.0006019479474887,-0.0017323647069498,-0.0023343126544385,20000000.0,1,23,0.5
I1,I,13,,0.0025385687273972,0.0025385687273972,37180201.43694082,1,23,0.5
I2,I,13,,0.0012692843636986,0.0012692843636986,32997929.1999039,1,23,0.5
I3,I,13,,,,,0,23,0.5
P1,P,14,-0.0008531891924385,-0.0007905480962843,-0.0016437372887228,20000000.0,1,23,0.5
P2,P,14,-0.0005469663758111,-0.0017694017918179,-0.0023163681676291,20000000.0,1,23,0.5
I1,I,14,,0.0025385687273972,0.0025385687273972,36641145.5532693,1,23,0.5
I2,I,14,,0.0012692843636986,0.0012692843636986,32489767.74126853,1,23,0.5
I3,I,14,,,,,0,23,0.5
P1,P,15,-0.00078309739581,-0.0008471363118691,-0.0016302337076792,20000000.0,1,23,0.5
P2,P,15,-0.000501198237161,-0.0017988932088047,-0.0023000914459657,20000000.0,1,23,0.5
I1,I,15,,0.0025385687273972,0.0025385687273972,36169344.55458001,1,23,0.5
I2,I,15,,0.0012692843636986,0.0012692843636986,32047383.85610801,1,23,0.5
I3,I,15,,,,,0,23,0.5
P1,P,16,-0.0007227179005802,-0.0008986613627538,-0.0016213792633341,20000000.0,1,23,0.5
P2,P,16,-0.0004625108415318,-0.0018228911742901,-0.002285402015822,20000000.0,1,23,0.5
I1,I,16,,0.0025385687273972,0.0025385687273972,35752627.61769713,1,23,0.5
I2,I,16,,0.0012692843636986,0.0012692843636986,31658719.91116036,1,23,0.5
I3,I,16,,,,,0,23,0.5
P1,P,17,-0.0006692381951345,-0.0009476650286936,-0.0016169032238281,20000000.0,1,23,0.5
P2,P,17,-0.0004293007978589,-0.0018424342352036,-0.0022717350330625,20000000.0,1,23,0.5
I1,I,17,,0.0025385687273972,0.0025385687273972,35380048.82593531,1,23,0.5
I2,I,17,,0.0012692843636986,0.0012692843636986,31313041.32687556,1,23,0.5
I3,I,17,,,,,0,23,0.5
P1,P,18,-0.0006213379514194,-0.0009948859640693,-0.0016162239154887,20000000.0,1,23,0.5
P2,P,18,-0.0004003783341881,-0.0018581505462114,-0.0022585288803996,20000000.0,1,23,0.5
I1,I,18,,0.0025385687273972,0.0025385687273972,35042710.37300782,1,23,0.5
I2,I,18,,0.0012692843636986,0.0012692843636986,31001598.954402197,1,23,0.5
I3,I,18,,,,,0,23,0.5
P1,P,19,-0.0005784423306198,-0.0010402019593494,-0.0016186442899693,20000000.0,1,23,0.5
P2,P,19,-0.0003749137927781,-0.0018704060390749,-0.002245319831853,20000000.0,1,23,0.5
I1,I,19,,0.0025385687273972,0.0025385687273972,34734046.10798087,1,23,0.5
I2,I,19,,0.0012692843636986,0.0012692843636986,30717899.54540981,1,23,0.5
I3,I,19,,,,,0,23,0.5
P1,P,20,-0.0005402065067713,-0.0010829017990035,-0.0016231083057749,20000000.0,1,23,0.5
P2,P,20,-0.0003523422654354,-0.0018796437360343,-0.0022319860014698,20000000.0,1,23,0.5
I1,I,20,,0.0025385687273972,0.0025385687273972,34450097.3963566,1,23,0.5
I2,I,20,,0.0012692843636986,0.0012692843636986,30457937.574287545,1,23,0.5
I3,I,20,,,,,0,23,0.5
P1,P,21,-0.0005063845780088,-0.0011225421135077,-0.0016289266915166,20000000.0,1,23,0.5
P2,P,21,-0.0003322073232253,-0.0018863983926701,-0.0022186057158954,20000000.0,1,23,0.5
I1,I,21,,0.0025385687273972,0.0025385687273972,34188247.68488372,1,23,0.5
I2,I,21,,0.0012692843636986,0.0012692843636986,30219030.57751257,1,23,0.5
I3,I,21,,,,,0,23,0.5
P1,P,22,-0.0004766010377098,-0.0011588380166263,-0.0016354390543361,20000000.0,1,23,0.5
P2,P,22,-0.0003141175207407,-0.0018913276884044,-0.0022054452091452,20000000.0,1,23,0.5
I1,I,22,,0.0025385687273972,0.0025385687273972,33946703.747963175,1,23,0.5
I2,I,22,,0.0012692843636986,0.0012692843636986,29999312.059098,1,23,0.5
I3,I,22,,,,,0,23,0.5
P1,P,23,-0.0004503627898667,-0.0011916897305698,-0.0016420525204365,20000000.0,1,23,0.5
P2,P,23,-0.0002977787981183,-0.0018951049329324,-0.0021928837310508,20000000.0,1,23,0.5
I1,I,23,,0.0025385687273972,0.0025385687273972,33724101.781488776,1,23,0.5
I2,I,23,,0.0012692843636986,0.0012692843636986,29797335.117202424,1,23,0.5
I3,I,23,,,,,0,23,0.5
P1,P,24,-0.0005441395867167,-0.0016509906569131,-0.0021951302436299,20000000.0,1,23,0.5
P2,P,24,-0.0003564838126913,-0.002593473196388,-0.0029499570090793,20000000.0,1,23,0.5
I1,I,24,,0.0025385687273972,0.0025385687273972,36398848.679334365,1,23,0.5
I2,I,24,,0.0012692843636986,0.0012692843636986,32302505.969548974,1,23,0.5
I3,I,24,,0.0019039265455479,0.0019039265455479,35184625.710203126,1,23,0.5
P1,P,25,-0.0005463803694808,-0.0018489986985115,-0.0023953790679924,20000000.0,1,23,0.5
P2,P,25,-0.000359075535334,-0.0028250891121858,-0.0031841646475199,20000000.0,1,23,0.5
I1,I,25,,0.0025385687273972,0.0025385687273972,36798283.14882264,1,23,0.5
I2,I,25,,0.0012692843636986,0.0012692843636986,32672219.884077422,1,23,0.5
I3,I,25,,0.0019039265455479,0.0019039265455479,35405890.11946183,1,23,0.5
P1,P,26,-0.0005196662959412,-0.0019375064276637,-0.0024571727236049,20000000.0,1,23,0.5
P2,P,26,-0.0003446167072204,-0.0029035832941709,-0.0032482000013913,20000000.0,1,23,0.5
I1,I,26,,0.0025385687273972,0.0025385687273972,36721843.06102674,1,23,0.5
I2,I,26,,0.0012692843636986,0.0012692843636986,32604170.362762157,1,23,0.5
I3,I,26,,0.0019039265455479,0.0019039265455479,35277970.29963312,1,23,0.5
P1,P,27,-0.0004881257455663,-0.0019887373006622,-0.0024768630462285,20000000.0,1,23,0.5
P2,P,27,-0.0003266310835331,-0.0029335910760989,-0.0032602221596321,20000000.0,1,23,0.5
I1,I,27,,0.0025385687273972,0.0025385687273972,36525610.7620061,1,23,0.5
I2,I,27,,0.0012692843636986,0.0012692843636986,32424158.05080402,1,23,0.5
I3,I,27,,0.0019039265455479,0.0019039265455479,35061287.12350332,1,23,0.5
P1,P,28,-0.0004582458271147,-0.0020265958804472,-0.002484841707562,20000000.0,1,23,0.5
P2,P,28,-0.0003090880342069,-0.0029479546455125,-0.0032570426797194,20000000.0,1,23,0.5
I1,I,28,,0.0025385687273972,0.0025385687273972,36308308.44013505,1,23,0.5
I2,I,28,,0.0012692843636986,0.0012692843636986,32224429.31326556,1,23,0.5
I3,I,28,,0.0019039265455479,0.0019039265455479,34835647.51540455,1,23,0.5
P1,P,29,-0.0004312613536222,-0.0020588739780966,-0.0024901353317189,20000000.0,1,23,0.5
P2,P,29,-0.0002928837634416,-0.0029567511637774,-0.003249634927219,20000000.0,1,23,0.5
I1,I,29,,0.0025385687273972,0.0025385687273972,36096482.35724909,1,23,0.5
I2,I,29,,0.0012692843636986,0.0012692843636986,32029854.00508741,1,23,0.5
I3,I,29,,0.0019039265455479,0.0019039265455479,34621160.079746634,1,23,0.5
P1,P,0,-0.0016903609551981,0.0,-0.0016903609551981,20000000.0,1,8,0.5
P2,P,0,-0.0018247542553976,0.0,-0.0018247542553976,20000000.0,1,8,0.5
I1,I,0,,0.0025424503448417,0.0025424503448417,40506494.82226045,1,8,0.5
I2,I,0,,0.0012712251724208,0.0012712251724208,36112436.37996888,1,8,0.5
I3,I,0,,,,,0,8,0.5
P1,P,1,-0.0015615049139015,0.0,-0.0015615049139015,20000000.0,1,8,0.5
P2,P,1,-0.0016865853724977,0.0,-0.0016865853724977,20000000.0,1,8,0.5
I1,I,1,,0.0025424503448417,0.0025424503448417,40540680.679842,1,8,0.5
I2,I,1,,0.0012712251724208,0.0012712251724208,36231047.73812672,1,8,0.5
I3,I,1,,,,,0,8,0.5
P1,P,2,-0.0015512839867171,0.0,-0.0015512839867171,20000000.0,1,8,0.5
P2,P,2,-0.0016706651218131,0.0,-0.0016706651218131,20000000.0,1,8,0.5
I1,I,2,,0.0025424503448417,0.0025424503448417,40873912.96755385,1,8,0.5
I2,I,2,,0.0012712251724208,0.0012712251724208,36487373.586529225,1,8,0.5
I3,I,2,,,,,0,8,0.5
P1,P,3,-0.0015716454954543,0.0,-0.0015716454954543,20000000.0,1,8,0.5
P2,P,3,-0.0016878357694554,0.0,-0.0016878357694554,20000000.0,1,8,0.5
I1,I,3,,0.0025424503448417,0.0025424503448417,41119071.096752375,1,8,0.5
I2,I,3,,0.0012712251724208,0.0012712251724208,36676633.695696265,1,8,0.5
I3,I,3,,,,,0,8,0.5
P1,P,4,-0.0016009388742765,0.0,-0.0016009388742765,20000000.0,1,8,0.5
P2,P,4,-0.0017164123002962,0.0,-0.0017164123002962,20000000.0,1,8,0.5
I1,I,4,,0.0025424503448417,0.0025424503448417,41295465.82023194,1,8,0.5
I2,I,4,,0.0012712251724208,0.0012712251724208,36818624.184425086,1,8,0.5
I3,I,4,,,,,0,8,0.5
P1,P,5,-0.0017207503092046,0.0,-0.0017207503092046,20000000.0,1,8,0.5
P2,P,5,-0.0017129040111383,-5.462988478945182e-05,-0.0017675338959277,20000000.0,1,8,0.5
I1,I,5,,0.0025424503448417,0.0025424503448417,41867718.92300988,1,8,0.5
I2,I,5,,0.0012712251724208,0.0012712251724208,37339750.38034907,1,8,0.5
I3,I,5,,,,,0,8,0.5
P1,P,6,-0.0017982737013711,0.0,-0.0017982737013711,20000000.0,1,8,0.5
P2,P,6,-0.0015028842245933,-0.0003787472945908,-0.0018816315191841,20000000.0,1,8,0.5
I1,I,6,,0.0025424503448417,0.0025424503448417,41966527.74519129,1,8,0.5
I2,I,6,,0.0012712251724208,0.0012712251724208,37397666.940271735,1,8,0.5
I3,I,6,,,,,0,8,0.5
P1,P,7,-0.0018038854210081,-2.8244809720822827e-06,-0.0018067099019802,20000000.0,1,8,0.5
P2,P,7,-0.0012944896744004,-0.0007661793461492,-0.0020606690205496,20000000.0,1,8,0.5
I1,I,7,,0.0025424503448417,0.0025424503448417,41683223.39819708,1,8,0.5
I2,I,7,,0.0012712251724208,0.0012712251724208,37082292.34758185,1,8,0.5
I3,I,7,,,,,0,8,0.5
P1,P,8,-0.0016842008002613,-9.998339317647736e-05,-0.0017841841934377,20000000.0,1,8,0.5
P2,P,8,-0.0011267109696618,-0.0010692588309142,-0.0021959698005761,20000000.0,1,8,0.5
I1,I,8,,0.0025424503448417,0.0025424503448417,41148975.85981763,1,8,0.5
I2,I,8,,0.0012712251724208,0.0012712251724208,36542415.71569325,1,8,0.5
I3,I,8,,,,,0,8,0.5
P1,P,9,-0.0017601660363609,-0.0004149187760522,-0.0021750848124131,20000000.0,1,8,0.5
P2,P,9,-0.0011074317069982,-0.0017128408179478,-0.0028202725249461,20000000.0,1,8,0.5
I1,I,9,,0.0025424503448417,0.0025424503448417,43760024.23035762,1,8,0.5
I2,I,9,,0.0012712251724208,0.0012712251724208,39001037.75598505,1,8,0.5
I3,I,9,,0.0019068377586312,0.0019068377586312,41375635.39608711,1,8,0.5
P1,P,10,-0.0016581208388535,-0.0007610290681977,-0.0024191499070513,20000000.0,1,8,0.5
P2,P,10,-0.0010226936122004,-0.0021701662365875,-0.003192859848788,20000000.0,1,8,0.5
I1,I,10,,0.0025424503448417,0.0025424503448417,44062110.93070903,1,8,0.5
I2,I,10,,0.0012712251724208,0.0012712251724208,39242177.60406057,1,8,0.5
I3,I,10,,0.0019068377586312,0.0019068377586312,41433612.166806266,1,8,0.5
P1,P,11,-0.0014816850536197,-0.0010418937349724,-0.0025235787885921,20000000.0,1,8,0.5
P2,P,11,-0.0009193926325864,-0.0024501229291661,-0.0033695155617526,20000000.0,1,8,0.5
I1,I,11,,0.0025424503448417,0.0025424503448417,43627601.07000912,1,8,0.5
I2,I,11,,0.0012712251724208,0.0012712251724208,38806718.27230178,1,8,0.5
I3,I,11,,0.0019068377586312,0.0019068377586312,40934796.11745749,1,8,0.5
P1,P,12,-0.0013192947858188,-0.0012358507629311,-0.0025551455487499,20000000.0,1,8,0.5
P2,P,12,-0.0008197985710679,-0.0026130937404907,-0.0034328923115586,20000000.0,1,8,0.5
I1,I,12,,0.0025424503448417,0.0025424503448417,42917565.3657533,1,8,0.5
I2,I,12,,0.0012712251724208,0.0012712251724208,38118956.70350028,1,8,0.5
I3,I,12,,0.0019068377586312,0.0019068377586312,40206745.88406745,1,8,0.5
P1,P,13,-0.0011792731359652,-0.0013726239679874,-0.0025518971039527,20000000.0,1,8,0.5
P2,P,13,-0.0007320830248869,-0.0027087904222771,-0.0034408734471641,20000000.0,1,8,0.5
I1,I,13,,0.0025424503448417,0.0025424503448417,42148481.2422263,1,8,0.5
I2,I,13,,0.0012712251724208,0.0012712251724208,37381403.24322222,1,8,0.5
I3,I,13,,0.0019068377586312,0.0019068377586312,39437307.33809926,1,8,0.5
P1,P,14,-0.0010562140620935,-0.0014831506798838,-0.0025393647419773,20000000.0,1,8,0.5
P2,P,14,-0.0006574852499758,-0.002767448713799,-0.0034249339637748,20000000.0,1,8,0.5
I1,I,14,,0.0025424503448417,0.0025424503448417,41412218.63835338,1,8,0.5
I2,I,14,,0.0012712251724208,0.0012712251724208,36679974.67152828,1,8,0.5
I3,I,14,,0.0019068377586312,0.0019068377586312,38708541.76119984,1,8,0.5
P1,P,15,-0.0009485884911927,-0.0015814473474948,-0.0025300358386875,20000000.0,1,8,0.5
P2,P,15,-0.0005946049875217,-0.0028046895885687,-0.0033992945760905,20000000.0,1,8,0.5
I1,I,15,,0.0025424503448417,0.0025424503448417,40737359.9699509,1,8,0.5
I2,I,15,,0.0012712251724208,0.0012712251724208,36040767.34812226,1,8,0.5
I3,I,15,,0.0019068377586312,0.0019068377586312,38044972.07369573,1,8,0.5
P1,P,16,-0.0008560724087455,-0.0016709606972685,-0.0025270331060141,20000000.0,1,8,0.5
P2,P,16,-0.0005414106409675,-0.0028287312084571,-0.0033701418494246,20000000.0,1,8,0.5
I1,I,16,,0.0025424503448417,0.0025424503448417,40126580.62978632,1,8,0.5
I2,I,16,,0.0012712251724208,0.0012712251724208,35465209.15787338,1,8,0.5
I3,I,16,,0.0019068377586312,0.0019068377586312,37447305.7184811,1,8,0.5
P1,P,17,-0.0007770598349229,-0.0017517654180814,-0.0025288252530043,20000000.0,1,8,0.5
P2,P,17,-0.0004960365352123,-0.0028444268289775,-0.0033404633641898,20000000.0,1,8,0.5
I1,I,17,,0.0025424503448417,0.0025424503448417,39576153.09780241,1,8,0.5
I2,I,17,,0.0012712251724208,0.0012712251724208,34948750.27217545,1,8,0.5
I3,I,17,,0.0019068377586312,0.0019068377586312,36910714.27846254,1,8,0.5
P1,P,18,-0.0007098136426089,-0.0018243049023377,-0.0025341185449466,20000000.0,1,8,0.5
P2,P,18,-0.0004569974088777,-0.0028546301037838,-0.0033116275126616,20000000.0,1,8,0.5
I1,I,18,,0.0025424503448417,0.0025424503448417,39080167.0922002,1,8,0.5
I2,I,18,,0.0012712251724208,0.0012712251724208,34485065.77760077,1,8,0.5
I3,I,18,,0.0019068377586312,0.0019068377586312,36428668.27191264,1,8,0.5
P1,P,19,-0.0006523973072049,-0.001889111863822,-0.002541509171027,20000000.0,1,8,0.5
P2,P,19,-0.0004231784938316,-0.002861145312838,-0.0032843238066697,20000000.0,1,8,0.5
I1,I,19,,0.0025424503448417,0.0025424503448417,38633037.62178626,1,8,0.5
I2,I,19,,0.0012712251724208,0.0012712251724208,34068360.59909966,1,8,0.5
I3,I,19,,0.0019068377586312,0.0019068377586312,35995221.80742282,1,8,0.5
P1,P,20,-0.0006030440818258,-0.0019470388945408,-0.0025500829763667,20000000.0,1,8,0.5
P2,P,20,-0.0003937058533708,-0.0028652057203178,-0.0032589115736886,20000000.0,1,8,0.5
I1,I,20,,0.0025424503448417,0.0025424503448417,38229556.85476896,1,8,0.5
I2,I,20,,0.0012712251724208,0.0012712251724208,33693365.62068118,1,8,0.5
I3,I,20,,0.0019068377586312,0.0019068377586312,35604965.18693143,1,8,0.5
P1,P,21,-0.0005602903666263,-0.0019989531631658,-0.0025592435297922,20000000.0,1,8,0.5
P2,P,21,-0.0003678439128259,-0.0028677393627632,-0.0032355832755892,20000000.0,1,8,0.5
I1,I,21,,0.0025424503448417,0.0025424503448417,37864710.4015141,1,8,0.5
I2,I,21,,0.0012712251724208,0.0012712251724208,33355092.08284777,1,8,0.5
I3,I,21,,0.0019068377586312,0.0019068377586312,35252777.42679761,1,8,0.5
P1,P,22,-0.0005229490236181,-0.0020455650083083,-0.0025685140319265,20000000.0,1,8,0.5
P2,P,22,-0.00034496539605,-0.0028694591550145,-0.0032144245510645,20000000.0,1,8,0.5
I1,I,22,,0.0025424503448417,0.0025424503448417,37533819.27576716,1,8,0.5
I2,I,22,,0.0012712251724208,0.0012712251724208,33048938.10492151,1,8,0.5
I3,I,22,,0.0019068377586312,0.0019068377586312,34933932.47569099,1,8,0.5
P1,P,23,-0.0004900682081857,-0.0020874947167862,-0.0025775629249719,20000000.0,1,8,0.5
P2,P,23,-0.0003245508427764,-0.0028708605473193,-0.0031954113900957,20000000.0,1,8,0.5
I1,I,23,,0.0025424503448417,0.0025424503448417,37232634.7261675,1,8,0.5
I2,I,23,,0.0012712251724208,0.0012712251724208,32770762.210508905,1,8,0.5
I3,I,23,,0.0019068377586312,0.0019068377586312,34644170.96850555,1,8,0.5
P1,P,24,-0.0004608862839685,-0.0021252559086389,-0.0025861421926074,20000000.0,1,8,0.5
P2,P,24,-0.0003061988989084,-0.0028722319902559,-0.0031784308891643,20000000.0,1,8,0.5
I1,I,24,,0.0025424503448417,0.0025424503448417,36957550.56301079,1,8,0.5
I2,I,24,,0.0012712251724208,0.0012712251724208,32517079.83002876,1,8,0.5
I3,I,24,,0.0019068377586312,0.0019068377586312,34379899.49275447,1,8,0.5
P1,P,25,-0.0004348094810004,-0.0021593985206095,-0.00259420800161,20000000.0,1,8,0.5
P2,P,25,-0.000289608827272,-0.0028736419905107,-0.0031632508177828,20000000.0,1,8,0.5
I1,I,25,,0.0025424503448417,0.0025424503448417,36705474.933414765,1,8,0.5
I2,I,25,,0.0012712251724208,0.0012712251724208,32284951.890348367,1,8,0.5
I3,I,25,,0.0019068377586312,0.0019068377586312,34138062.87357553,1,8,0.5
P1,P,26,-0.0004113483360724,-0.0021904660488216,-0.0026018143848941,20000000.0,1,8,0.5
P2,P,26,-0.0002745492635781,-0.0028750475915743,-0.0031495968551525,20000000.0,1,8,0.5
I1,I,26,,0.0025424503448417,0.0025424503448417,36473755.162197866,1,8,0.5
I2,I,26,,0.0012712251724208,0.0012712251724208,32071877.514159232,1,8,0.5
I3,I,26,,0.0019068377586312,0.0019068377586312,33916048.02217541,1,8,0.5
P1,P,27,-0.0003900860486411,-0.0022189582788586,-0.0026090443274998,20000000.0,1,8,0.5
P2,P,27,-0.0002608306389417,-0.0028763846383287,-0.0031372152772704,20000000.0,1,8,0.5
I1,I,27,,0.0025424503448417,0.0025424503448417,36260078.80923544,1,8,0.5
I2,I,27,,0.0012712251724208,0.0012712251724208,31875683.01532137,1,8,0.5
I3,I,27,,0.0019068377586312,0.0019068377586312,33711581.70551241,1,8,0.5
P1,P,28,-0.0003706752640618,-0.0022452743811357,-0.0026159496451976,20000000.0,1,8,0.5
P2,P,28,-0.0002482912614365,-0.0028776167941495,-0.003125908055586,20000000.0,1,8,0.5
I1,I,28,,0.0025424503448417,0.0025424503448417,36062445.39540695,1,8,0.5
I2,I,28,,0.0012712251724208,0.0012712251724208,31694487.869073927,1,8,0.5
I3,I,28,,0.0019068377586312,0.0019068377586312,33522701.751695,1,8,0.5
P1,P,29,-0.0003528328336364,-0.0022697097726504,-0.0026225426062868,20000000.0,1,8,0.5
P2,P,29,-0.0002367926513712,-0.0028787419912044,-0.0031155346425757,20000000.0,1,8,0.5
I1,I,29,,0.0025424503448417,0.0025424503448417,35879158.21939764,1,8,0.5
I2,I,29,,0.0012712251724208,0.0012712251724208,31526698.684371404,1,8,0.5
I3,I,29,,0.0019068377586312,0.0019068377586312,33347747.369800605,1,8,0.5
P1,P,0,-0.0016571711498027,0.0,-0.0016571711498027,20000000.0,1,6,0.5
P2,P,0,-0.0017802598263773,0.0,-0.0017802598263773,20000000.0,1,6,0.5
I1,I,0,,0.0025436288408234,0.0025436288408234,44706267.91487637,1,6,0.5
I2,I,0,,0.0012718144204117,0.0012718144204117,35686463.97728069,1,6,0.5
I3,I,0,,,,,0,6,0.5
P1,P,1,-0.0015385168615482,0.0,-0.0015385168615482,20000000.0,1,6,0.5
P2,P,1,-0.0016478391697498,0.0,-0.0016478391697498,20000000.0,1,6,0.5
I1,I,1,,0.0025436288408234,0.0025436288408234,44169657.554030426,1,6,0.5
I2,I,1,,0.0012718144204117,0.0012718144204117,35872239.592868604,1,6,0.5
I3,I,1,,,,,0,6,0.5
P1,P,2,-0.0015346313528815,0.0,-0.0015346313528815,20000000.0,1,6,0.5
P2,P,2,-0.0016359888706559,0.0,-0.0016359888706559,20000000.0,1,6,0.5
I1,I,2,,0.0025436288408234,0.0025436288408234,44411849.80009521,1,6,0.5
I2,I,2,,0.0012718144204117,0.0012718144204117,36166364.35911851,1,6,0.5
I3,I,2,,,,,0,6,0.5
P1,P,3,-0.0015589209643461,0.0,-0.0015589209643461,20000000.0,1,6,0.5
P2,P,3,-0.0016561105988457,0.0,-0.0016561105988457,20000000.0,1,6,0.5
I1,I,3,,0.0025436288408234,0.0025436288408234,44643210.74508386,1,6,0.5
I2,I,3,,0.0012718144204117,0.0012718144204117,36385160.49059783,1,6,0.5
I3,I,3,,,,,0,6,0.5
P1,P,4,-0.0015907947067141,0.0,-0.0015907947067141,20000000.0,1,6,0.5
P2,P,4,-0.0016869386290558,0.0,-0.0016869386290558,20000000.0,1,6,0.5
I1,I,4,,0.0025436288408234,0.0025436288408234,44825679.52312405,1,6,0.5
I2,I,4,,0.0012718144204117,0.0012718144204117,36551139.85227704,1,6,0.5
I3,I,4,,,,,0,6,0.5
P1,P,5,-0.0017163180615434,0.0,-0.0017163180615434,20000000.0,1,6,0.5
P2,P,5,-0.001702206497855,-5.3850978024114326e-05,-0.0017560574758791,20000000.0,1,6,0.5
I1,I,5,,0.0025436288408234,0.0025436288408234,45442030.72430022,1,6,0.5
I2,I,5,,0.0012718144204117,0.0012718144204117,37128735.11668178,1,6,0.5
I3,I,5,,,,,0,6,0.5
P1,P,6,-0.0017995079177034,0.0,-0.0017995079177034,20000000.0,1,6,0.5
P2,P,6,-0.001498061863478,-0.0003638369951133,-0.0018618988585914,20000000.0,1,6,0.5
I1,I,6,,0.0025436288408234,0.0025436288408234,45600601.96533478,1,6,0.5
I2,I,6,,0.0012718144204117,0.0012718144204117,37251300.2622695,1,6,0.5
I3,I,6,,,,,0,6,0.5
P1,P,7,-0.0020745116054891,-3.670284330250598e-05,-0.0021112144487916,20000000.0,1,6,0.5
P2,P,7,-0.0014311675116156,-0.0010677526191096,-0.0024989201307252,20000000.0,1,6,0.5
I1,I,7,,0.0025436288408234,0.0025436288408234,48953582.73747575,1,6,0.5
I2,I,7,,0.0012718144204117,0.0012718144204117,40404361.17806444,1,6,0.5
I3,I,7,,0.0019077216306175,0.0019077216306175,43344139.1235795,1,6,0.5
P1,P,8,-0.0020640471844866,-0.0003063012192498,-0.0023703484037365,20000000.0,1,6,0.5
P2,P,8,-0.0013013923836239,-0.0017093857012351,-0.003010778084859,20000000.0,1,6,0.5
I1,I,8,,0.0025436288408234,0.0025436288408234,49788403.92779627,1,6,0.5
I2,I,8,,0.0012718144204117,0.0012718144204117,41128097.21629725,1,6,0.5
I3,I,8,,0.0019077216306175,0.0019077216306175,43872301.782396175,1,6,0.5
P1,P,9,-0.001845664575731,-0.0006704441301496,-0.0025161087058807,20000000.0,1,6,0.5
P2,P,9,-0.0011592992326831,-0.0021499676222446,-0.0033092668549277,20000000.0,1,6,0.5
I1,I,9,,0.0025436288408234,0.0025436288408234,49594381.08586625,1,6,0.5
I2,I,9,,0.0012718144204117,0.0012718144204117,40907042.5836539,1,6,0.5
I3,I,9,,0.0019077216306175,0.0019077216306175,43597525.42890221,1,6,0.5
P1,P,10,-0.0016048489181193,-0.0009884471915925,-0.0025932961097118,20000000.0,1,6,0.5
P2,P,10,-0.0010214471996703,-0.0024257543362648,-0.0034472015359351,20000000.0,1,6,0.5
I1,I,10,,0.0025436288408234,0.0025436288408234,48872349.83179829,1,6,0.5
I2,I,10,,0.0012718144204117,0.0012718144204117,40198910.738894336,1,6,0.5
I3,I,10,,0.0019077216306175,0.0019077216306175,42853980.23960753,1,6,0.5
P1,P,11,-0.0013996090967063,-0.0012175533802932,-0.0026171624769995,20000000.0,1,6,0.5
P2,P,11,-0.0008974243168228,-0.0025904297037422,-0.003487854020565,20000000.0,1,6,0.5
I1,I,11,,0.0025436288408234,0.0025436288408234,47937050.67325608,1,6,0.5
I2,I,11,,0.0012718144204117,0.0012718144204117,39296234.80265329,1,6,0.5
I3,I,11,,0.0019077216306175,0.0019077216306175,41919621.70771779,1,6,0.5
P1,P,12,-0.00123119927134,-0.0013818734595278,-0.0026130727308678,20000000.0,1,6,0.5
P2,P,12,-0.0007910343077749,-0.0026877406917366,-0.0034787749995116,20000000.0,1,6,0.5
I1,I,12,,0.0025436288408234,0.0025436288408234,46971165.69134959,1,6,0.5
I2,I,12,,0.0012718144204117,0.0012718144204117,38370497.50485123,1,6,0.5
I3,I,12,,0.0019077216306175,0.0019077216306175,40964235.64123928,1,6,0.5
P1,P,13,-0.0010927807711355,-0.001507056890178,-0.0025998376613136,20000000.0,1,6,0.5
P2,P,13,-0.0007017850584384,-0.0027468085517816,-0.0034485936102201,20000000.0,1,6,0.5
I1,I,13,,0.0025436288408234,0.0025436288408234,46061457.82731397,1,6,0.5
I2,I,13,,0.0012718144204117,0.0012718144204117,37502857.17848136,1,6,0.5
I3,I,13,,0.0019077216306175,0.0019077216306175,40069111.02982228,1,6,0.5
P1,P,14,-0.0009780929881216,-0.0016083185362849,-0.0025864115244065,20000000.0,1,6,0.5
P2,P,14,-0.0006274727284028,-0.0027846263298584,-0.0034120990582613,20000000.0,1,6,0.5
I1,I,14,,0.0025436288408234,0.0025436288408234,45239902.74848473,1,6,0.5
I2,I,14,,0.0012718144204117,0.0012718144204117,36722458.46858073,1,6,0.5
I3,I,14,,0.0019077216306175,0.0019077216306175,39263619.935523964,1,6,0.5
P1,P,15,-0.0008825392026135,-0.0016939226087435,-0.002576461811357,20000000.0,1,6,0.5
P2,P,15,-0.0005654809270713,-0.0028104794391125,-0.0033759603661838,20000000.0,1,6,0.5
I1,I,15,,0.0025436288408234,0.0025436288408234,44510412.29082624,1,6,0.5
I2,I,15,,0.0012718144204117,0.0012718144204117,36031956.8364609,1,6,0.5
I3,I,15,,0.0019077216306175,0.0019077216306175,38550415.34407324,1,6,0.5
P1,P,16,-0.0008023375298233,-0.0017680318025079,-0.0025703693323313,20000000.0,1,6,0.5
P2,P,16,-0.0005134401677071,-0.0028292538297137,-0.0033426939974208,20000000.0,1,6,0.5
I1,I,16,,0.0025436288408234,0.0025436288408234,43865949.81479995,1,6,0.5
I2,I,16,,0.0012718144204117,0.0012718144204117,35423836.363847464,1,6,0.5
I3,I,16,,0.0019077216306175,0.0019077216306175,37921847.15566583,1,6,0.5
P1,P,17,-0.000734424895613,-0.0018330542233297,-0.0025674791189427,20000000.0,1,6,0.5
P2,P,17,-0.0004694042407882,-0.0028435847990506,-0.0033129890398388,20000000.0,1,6,0.5
I1,I,17,,0.0025436288408234,0.0025436288408234,43296329.95580444,1,6,0.5
I2,I,17,,0.0012718144204117,0.0012718144204117,34887846.98336483,1,6,0.5
I3,I,17,,0.0019077216306175,0.0019077216306175,37367455.78302582,1,6,0.5
P1,P,18,-0.0006763653338327,-0.001890492333458,-0.0025668576672907,20000000.0,1,6,0.5
P2,P,18,-0.0004317862446294,-0.0028551735655399,-0.0032869598101694,20000000.0,1,6,0.5
I1,I,18,,0.0025436288408234,0.0025436288408234,42791170.58442727,1,6,0.5
I2,I,18,,0.0012718144204117,0.0012718144204117,34413683.87115517,1,6,0.5
I3,I,18,,0.0019077216306175,0.0019077216306175,36876732.00602394,1,6,0.5
P1,P,19,-0.0006262803733667,-0.0019416546407923,-0.002567935014159,20000000.0,1,6,0.5
P2,P,19,-0.0003993321042609,-0.0028648988915638,-0.0032642309958247,20000000.0,1,6,0.5
I1,I,19,,0.0025436288408234,0.0025436288408234,42340763.21177204,1,6,0.5
I2,I,19,,0.0012718144204117,0.0012718144204117,33991870.088865936,1,6,0.5
I3,I,19,,0.0019077216306175,0.0019077216306175,36439958.051157385,1,6,0.5
P1,P,20,-0.0005827024193097,-0.0019874150967932,-0.002570117516103,20000000.0,1,6,0.5
P2,P,20,-0.0003711437646302,-0.002873117309347,-0.0032442610739772,20000000.0,1,6,0.5
I1,I,20,,0.0025436288408234,0.0025436288408234,41937262.374528095,1,6,0.5
I2,I,20,,0.0012718144204117,0.0012718144204117,33614814.59987765,1,6,0.5
I3,I,20,,0.0019077216306175,0.0019077216306175,36049324.00374572,1,6,0.5
P1,P,21,-0.000544479373726,-0.0020285827227115,-0.0025730620964376,20000000.0,1,6,0.5
P2,P,21,-0.0003465685153064,-0.0028799423078208,-0.0032265108231272,20000000.0,1,6,0.5
I1,I,21,,0.0025436288408234,0.0025436288408234,41574464.22530615,1,6,0.5
I2,I,21,,0.0012718144204117,0.0012718144204117,33276570.888039537,1,6,0.5
I3,I,21,,0.0019077216306175,0.0019077216306175,35698683.88599601,1,6,0.5
P1,P,22,-0.0005107137259448,-0.0020659076319158,-0.0025766213578607,20000000.0,1,6,0.5
P2,P,22,-0.0003250604932126,-0.0028855111832179,-0.0032105716764305,20000000.0,1,6,0.5
I1,I,22,,0.0025436288408234,0.0025436288408234,41247098.508225456,1,6,0.5
I2,I,22,,0.0012718144204117,0.0012718144204117,32972098.662344184,1,6,0.5
I3,I,22,,0.0019077216306175,0.0019077216306175,35382821.15997678,1,6,0.5
P1,P,23,-0.000480672290504,-0.0020999694779591,-0.0025806417684632,20000000.0,1,6,0.5
P2,P,23,-0.000306123373272,-0.0028900797504404,-0.0031962031237125,20000000.0,1,6,0.5
I1,I,23,,0.0025436288408234,0.0025436288408234,40950524.06029832,1,6,0.5
I2,I,23,,0.0012718144204117,0.0012718144204117,32696936.34215368,1,6,0.5
I3,I,23,,0.0019077216306175,0.0019077216306175,35097143.21877207,1,6,0.5
P1,P,24,-0.0004537282104952,-0.0021312229012636,-0.0025849511117589,20000000.0,1,6,0.5
P2,P,24,-0.0002892939976625,-0.0028939880908313,-0.0031832820884939,20000000.0,1,6,0.5
I1,I,24,,0.0025436288408234,0.0025436288408234,40680541.04360402,1,6,0.5
I2,I,24,,0.0012718144204117,0.0012718144204117,32446998.812587608,1,6,0.5
I3,I,24,,0.0019077216306175,0.0019077216306175,34837479.586213246,1,6,0.5
P1,P,25,-0.0004293627781246,-0.0021600363316659,-0.0025893991097906,20000000.0,1,6,0.5
P2,P,25,-0.0002741848080406,-0.0028974692980351,-0.0031716541060757,20000000.0,1,6,0.5
I1,I,25,,0.0025436288408234,0.0025436288408234,40433534.92989364,1,6,0.5
I2,I,25,,0.0012718144204117,0.0012718144204117,32218771.79060069,1,6,0.5
I3,I,25,,0.0019077216306175,0.0019077216306175,34600243.48535543,1,6,0.5
P1,P,26,-0.0004071604737154,-0.0021868434041832,-0.0025940038778987,20000000.0,1,6,0.5
P2,P,26,-0.0002605170254652,-0.0029005557784994,-0.0031610728039646,20000000.0,1,6,0.5
I1,I,26,,0.0025436288408234,0.0025436288408234,40206310.58107136,1,6,0.5
I2,I,26,,0.0012718144204117,0.0012718144204117,32009198.730989996,1,6,0.5
I3,I,26,,0.0019077216306175,0.0019077216306175,34382285.438831665,1,6,0.5
P1,P,27,-0.0003867961621882,-0.0022119425600501,-0.0025987387222383,20000000.0,1,6,0.5
P2,P,27,-0.0002480840577717,-0.0029032306731394,-0.0031513147309112,20000000.0,1,6,0.5
I1,I,27,,0.0025436288408234,0.0025436288408234,39996294.47594985,1,6,0.5
I2,I,27,,0.0012718144204117,0.0012718144204117,31815827.80417283,1,6,0.5
I3,I,27,,0.0019077216306175,0.0019077216306175,34181074.08070612,1,6,0.5
P1,P,28,-0.0003680158687419,-0.0022355590770216,-0.0026035749457635,20000000.0,1,6,0.5
P2,P,28,-0.0002367324493692,-0.0029054646077965,-0.0031421970571658,20000000.0,1,6,0.5
I1,I,28,,0.0025436288408234,0.0025436288408234,39801483.47804906,1,6,0.5
I2,I,28,,0.0012718144204117,0.0012718144204117,31636764.10207329,1,6,0.5
I3,I,28,,0.0019077216306175,0.0019077216306175,33994645.69320814,1,6,0.5
P1,P,29,-0.0003506155082897,-0.0022579032493338,-0.0026085187576236,20000000.0,1,6,0.5
P2,P,29,-0.0002263346152054,-0.0029072381893249,-0.0031335728045303,20000000.0,1,6,0.5
I1,I,29,,0.0025436288408234,0.0025436288408234,39620248.81801663,1,6,0.5
I2,I,29,,0.0012718144204117,0.0012718144204117,31470472.84776959,1,6,0.5
I3,I,29,,0.0019077216306175,0.0019077216306175,33821406.06057913,1,6,0.5
P1,P,0,-0.0017176804036577,0.0,-0.0017176804036577,20000000.0,1,7,0.5
P2,P,0,-0.0017222876450741,0.0,-0.0017222876450741,20000000.0,1,7,0.5
I1,I,0,,0.0025378891729841,0.0025378891729841,40803444.92057358,1,7,0.5
I2,I,0,,0.001268944586492,0.001268944586492,36093286.34554631,1,7,0.5
I3,I,0,,,,,0,7,0.5
P1,P,1,-0.0015822503324143,0.0,-0.0015822503324143,20000000.0,1,7,0.5
P2,P,1,-0.0016015354763256,0.0,-0.0016015354763256,20000000.0,1,7,0.5
I1,I,1,,0.0025378891729841,0.0025378891729841,40799400.2064171,1,7,0.5
I2,I,1,,0.001268944586492,0.001268944586492,36237747.88754232,1,7,0.5
I3,I,1,,,,,0,7,0.5
P1,P,2,-0.0015727781314903,0.0,-0.0015727781314903,20000000.0,1,7,0.5
P2,P,2,-0.0015926486062582,0.0,-0.0015926486062582,20000000.0,1,7,0.5
I1,I,2,,0.0025378891729841,0.0025378891729841,41142495.40597399,1,7,0.5
I2,I,2,,0.001268944586492,0.001268944586492,36526473.84899228,1,7,0.5
I3,I,2,,,,,0,7,0.5
P1,P,3,-0.001595556151867,0.0,-0.001595556151867,20000000.0,1,7,0.5
P2,P,3,-0.001613122394848,0.0,-0.001613122394848,20000000.0,1,7,0.5
I1,I,3,,0.0025378891729841,0.0025378891729841,41405248.96197227,1,7,0.5
I2,I,3,,0.001268944586492,0.001268944586492,36744304.911299855,1,7,0.5
I3,I,3,,,,,0,7,0.5
P1,P,4,-0.0016276057951606,0.0,-0.0016276057951606,20000000.0,1,7,0.5
P2,P,4,-0.0016433336749365,0.0,-0.0016433336749365,20000000.0,1,7,0.5
I1,I,4,,0.0025378891729841,0.0025378891729841,41600344.7013978,1,7,0.5
I2,I,4,,0.001268944586492,0.001268944586492,36910675.74823448,1,7,0.5
I3,I,4,,,,,0,7,0.5
P1,P,5,-0.0017560241267224,0.0,-0.0017560241267224,20000000.0,1,7,0.5
P2,P,5,-0.0016583368255454,-5.179476998486477e-05,-0.0017101315955303,20000000.0,1,7,0.5
I1,I,5,,0.0025378891729841,0.0025378891729841,42233771.87113863,1,7,0.5
I2,I,5,,0.001268944586492,0.001268944586492,37494448.334325366,1,7,0.5
I3,I,5,,,,,0,7,0.5
P1,P,6,-0.0018404187867343,0.0,-0.0018404187867343,20000000.0,1,7,0.5
P2,P,6,-0.001461903315275,-0.00035746387561,-0.0018193671908851,20000000.0,1,7,0.5
I1,I,6,,0.0025378891729841,0.0025378891729841,42381634.95020017,1,7,0.5
I2,I,6,,0.001268944586492,0.001268944586492,37603575.24275144,1,7,0.5
I3,I,6,,,,,0,7,0.5
P1,P,7,-0.0018403507690551,-8.270229060723414e-06,-0.0018486209981158,20000000.0,1,7,0.5
P2,P,7,-0.0012619539555416,-0.0007348533104822,-0.0019968072660238,20000000.0,1,7,0.5
I1,I,7,,0.0025378891729841,0.0025378891729841,42142552.264209874,1,7,0.5
I2,I,7,,0.001268944586492,0.001268944586492,37332498.86640333,1,7,0.5
I3,I,7,,,,,0,7,0.5
P1,P,8,-0.0019883814348707,-0.0002196322058737,-0.0022080136407445,20000000.0,1,7,0.5
P2,P,8,-0.0012357828920208,-0.0013788461245584,-0.0026146290165792,20000000.0,1,7,0.5
I1,I,8,,0.0025378891729841,0.0025378891729841,45095260.056879774,1,7,0.5
I2,I,8,,0.001268944586492,0.001268944586492,40105382.59541992,1,7,0.5
I3,I,8,,0.0019034168797381,0.0019034168797381,42670930.2214972,1,7,0.5
P1,P,9,-0.0018983835709337,-0.0005963540911529,-0.0024947376620867,20000000.0,1,7,0.5
P2,P,9,-0.0011452553874088,-0.0018781923078147,-0.0030234476952236,20000000.0,1,7,0.5
I1,I,9,,0.0025378891729841,0.0025378891729841,45608943.72437552,1,7,0.5
I2,I,9,,0.001268944586492,0.001268944586492,40550946.93840154,1,7,0.5
I3,I,9,,0.0019034168797381,0.0019034168797381,42918302.339402124,1,7,0.5
P1,P,10,-0.0016850667252783,-0.0009506947974706,-0.002635761522749,20000000.0,1,7,0.5
P2,P,10,-0.001029901811256,-0.0022040900846009,-0.003233991895857,20000000.0,1,7,0.5
I1,I,10,,0.0025378891729841,0.0025378891729841,45250531.554915726,1,7,0.5
I2,I,10,,0.001268944586492,0.001268944586492,40188911.65901143,1,7,0.5
I3,I,10,,0.0019034168797381,0.0019034168797381,42492227.89165502,1,7,0.5
P1,P,11,-0.0014856011828336,-0.001202610637484,-0.0026882118203177,20000000.0,1,7,0.5
P2,P,11,-0.0009152855768938,-0.002404599601626,-0.0033198851785198,20000000.0,1,7,0.5
I1,I,11,,0.0025378891729841,0.0025378891729841,44520076.55754157,1,7,0.5
I2,I,11,,0.001268944586492,0.001268944586492,39479075.00063037,1,7,0.5
I3,I,11,,0.0019034168797381,0.0019034168797381,41743434.60482575,1,7,0.5
P1,P,12,-0.0013201667086178,-0.0013706398370042,-0.002690806545622,20000000.0,1,7,0.5
P2,P,12,-0.0008125775834503,-0.0025275187996676,-0.0033400963831179,20000000.0,1,7,0.5
I1,I,12,,0.0025378891729841,0.0025378891729841,43678192.39908315,1,7,0.5
I2,I,12,,0.001268944586492,0.001268944586492,38667539.67513371,1,7,0.5
I3,I,12,,0.0019034168797381,0.0019034168797381,40901473.033214,1,7,0.5
P1,P,13,-0.0011793353091848,-0.0014963380916361,-0.002675673400821,20000000.0,1,7,0.5
P2,P,13,-0.0007245733071034,-0.00260551242635,-0.0033300857334534,20000000.0,1,7,0.5
I1,I,13,,0.0025378891729841,0.0025378891729841,42847700.35417838,1,7,0.5
I2,I,13,,0.001268944586492,0.001268944586492,37871111.73249892,1,7,0.5
I3,I,13,,0.0019034168797381,0.0019034168797381,40078876.16025734,1,7,0.5
P1,P,14,-0.0010563087004538,-0.0016044050124935,-0.0026607137129474,20000000.0,1,7,0.5
P2,P,14,-0.0006501757996824,-0.0026569487617044,-0.0033071245613868,20000000.0,1,7,0.5
I1,I,14,,0.0025378891729841,0.0025378891729841,42072933.441214494,1,7,0.5
I2,I,14,,0.001268944586492,0.001268944586492,37131640.31478452,1,7,0.5
I3,I,14,,0.0019034168797381,0.0019034168797381,39315830.9440532,1,7,0.5
P1,P,15,-0.0009487305079631,-0.001703742519507,-0.0026524730274702,20000000.0,1,7,0.5
P2,P,15,-0.0005871739559744,-0.0026912276589975,-0.003278401614972,20000000.0,1,7,0.5
I1,I,15,,0.0025378891729841,0.0025378891729841,41363450.55720805,1,7,0.5
I2,I,15,,0.001268944586492,0.001268944586492,36457541.27626446,1,7,0.5
I3,I,15,,0.0019034168797381,0.0019034168797381,38619950.971626505,1,7,0.5
P1,P,16,-0.0008557370093885,-0.0017946393354341,-0.0026503763448226,20000000.0,1,7,0.5
P2,P,16,-0.0005334833361524,-0.0027142156684524,-0.0032476990046048,20000000.0,1,7,0.5
I1,I,16,,0.0025378891729841,0.0025378891729841,40718338.14274162,1,7,0.5
I2,I,16,,0.001268944586492,0.001268944586492,35846944.472097814,1,7,0.5
I3,I,16,,0.0019034168797381,0.0019034168797381,37989184.11234207,1,7,0.5
P1,P,17,-0.0007762403365856,-0.0018761970563458,-0.0026524373929315,20000000.0,1,7,0.5
P2,P,17,-0.0004873975179162,-0.002729748681435,-0.0032171461993513,20000000.0,1,7,0.5
I1,I,17,,0.0025378891729841,0.0025378891729841,40134106.27687082,1,7,0.5
I2,I,17,,0.001268944586492,0.001268944586492,35295649.29370807,1,7,0.5
I3,I,17,,0.0019034168797381,0.0019034168797381,37419340.66785367,1,7,0.5
P1,P,18,-0.0007085203659048,-0.0019484191011287,-0.0026569394670335,20000000.0,1,7,0.5
P2,P,18,-0.0004477098197134,-0.0027402184989259,-0.0031879283186394,20000000.0,1,7,0.5
I1,I,18,,0.0025378891729841,0.0025378891729841,39606851.3653402,1,7,0.5
I2,I,18,,0.001268944586492,0.001268944586492,34799386.01829453,1,7,0.5
I3,I,18,,0.0019034168797381,0.0019034168797381,36906125.79006637,1,7,0.5
P1,P,19,-0.0006507248444511,-0.0020120468353043,-0.0026627716797555,20000000.0,1,7,0.5
P2,P,19,-0.0004134427296377,-0.0027473220676932,-0.003160764797331,20000000.0,1,7,0.5
I1,I,19,,0.0025378891729841,0.0025378891729841,39132191.87810389,1,7,0.5
I2,I,19,,0.001268944586492,0.001268944586492,34353649.012918726,1,7,0.5
I3,I,19,,0.0019034168797381,0.0019034168797381,36444957.67516828,1,7,0.5
P1,P,20,-0.0006011735198691,-0.0020679521831778,-0.0026691257030469,20000000.0,1,7,0.5
P2,P,20,-0.0003837098956712,-0.0027524067582059,-0.0031361166538771,20000000.0,1,7,0.5
I1,I,20,,0.0025378891729841,0.0025378891729841,38705410.44460346,1,7,0.5
I2,I,20,,0.001268944586492,0.001268944586492,33953714.48670927,1,7,0.5
I3,I,20,,0.0019034168797381,0.0019034168797381,36031016.921078175,1,7,0.5
P1,P,21,-0.0005584042758401,-0.002117244207162,-0.0026756484830021,20000000.0,1,7,0.5
P2,P,21,-0.00035768928638,-0.0027565373569966,-0.0031142266433766,20000000.0,1,7,0.5
I1,I,21,,0.0025378891729841,0.0025378891729841,38320954.123339534,1,7,0.5
I2,I,21,,0.001268944586492,0.001268944586492,33594096.60889698,1,7,0.5
I3,I,21,,0.0019034168797381,0.0019034168797381,35658709.75864777,1,7,0.5
P1,P,22,-0.0005211392217487,-0.0021609570699509,-0.0026820962916997,20000000.0,1,7,0.5
P2,P,22,-0.0003347109894368,-0.0027602116194945,-0.0030949226089314,20000000.0,1,7,0.5
I1,I,22,,0.0025378891729841,0.0025378891729841,37973548.978745975,1,7,0.5
I2,I,22,,0.001268944586492,0.001268944586492,33269679.63030352,1,7,0.5
I3,I,22,,0.0019034168797381,0.0019034168797381,35322781.850009754,1,7,0.5
P1,P,23,-0.0004883251155839,-0.0022001558594575,-0.0026884809750415,20000000.0,1,7,0.5
P2,P,23,-0.0003142733667087,-0.0027635180292907,-0.0030777913959994,20000000.0,1,7,0.5
I1,I,23,,0.0025378891729841,0.0025378891729841,37658431.40054501,1,7,0.5
I2,I,23,,0.001268944586492,0.001268944586492,32975910.017335184,1,7,0.5
I3,I,23,,0.0019034168797381,0.0019034168797381,35018513.59167993,1,7,0.5
P1,P,24,-0.0004591387543214,-0.00223563795601,-0.0026947767103315,20000000.0,1,7,0.5
P2,P,24,-0.0002960077999894,-0.0027664795151352,-0.0030624873151247,20000000.0,1,7,0.5
I1,I,24,,0.0025378891729841,0.0025378891729841,37371475.42125632,1,7,0.5
I2,I,24,,0.001268944586492,0.001268944586492,32708846.899227478,1,7,0.5
I3,I,24,,0.0019034168797381,0.0019034168797381,34741824.640215024,1,7,0.5
P1,P,25,-0.0004329459132167,-0.0022679851637017,-0.0027009310769184,20000000.0,1,7,0.5
P2,P,25,-0.0002796199855083,-0.0027690942936567,-0.0030487142791651,20000000.0,1,7,0.5
I1,I,25,,0.0025378891729841,0.0025378891729841,37109298.16090056,1,7,0.5
I2,I,25,,0.001268944586492,0.001268944586492,32465273.274706136,1,7,0.5
I3,I,25,,0.0019034168797381,0.0019034168797381,34489379.93697671,1,7,0.5
P1,P,26,-0.0004092668768775,-0.0022976519320921,-0.0027069188089696,20000000.0,1,7,0.5
P2,P,26,-0.0002648584428128,-0.0027713921709164,-0.0030362506137293,20000000.0,1,7,0.5
I1,I,26,,0.0025378891729841,0.0025378891729841,36869053.98929914,1,7,0.5
I2,I,26,,0.001268944586492,0.001268944586492,32242479.813012343,1,7,0.5
I3,I,26,,0.0019034168797381,0.0019034168797381,34258375.700565,1,7,0.5
P1,P,27,-0.0003877216253645,-0.0023249889828726,-0.0027127106082371,20000000.0,1,7,0.5
P2,P,27,-0.0002515065660232,-0.0027734344136284,-0.0030249409796516,20000000.0,1,7,0.5
I1,I,27,,0.0025378891729841,0.0025378891729841,36648275.92424659,1,7,0.5
I2,I,27,,0.001268944586492,0.001268944586492,32038109.65227812,1,7,0.5
I3,I,27,,0.0019034168797381,0.0019034168797381,34046379.54015599,1,7,0.5
P1,P,28,-0.0003680049250941,-0.0023503775139013,-0.0027183824389954,20000000.0,1,7,0.5
P2,P,28,-0.0002393762927915,-0.0027752135928039,-0.0030145898855955,20000000.0,1,7,0.5
I1,I,28,,0.0025378891729841,0.0025378891729841,36444686.413033135,1,7,0.5
I2,I,28,,0.001268944586492,0.001268944586492,31849997.242813967,1,7,0.5
I3,I,28,,0.0019034168797381,0.0019034168797381,33851149.88009983,1,7,0.5
P1,P,29,-0.0003498720834898,-0.0023740379913817,-0.0027239100748716,20000000.0,1,7,0.5
P2,P,29,-0.0002283055272702,-0.0027767848345912,-0.0030050903618615,20000000.0,1,7,0.5
I1,I,29,,0.0025378891729841,0.0025378891729841,36256293.5962978,1,7,0.5
I2,I,29,,0.001268944586492,0.001268944586492,31676229.57948804,1,7,0.5
I3,I,29,,0.0019034168797381,0.0019034168797381,33670721.07776301,1,7,0.5
P1,P,0,-0.0016570557225295,0.0,-0.0016570557225295,20000000.0,1,0,0.5
P2,P,0,-0.001959583879561,0.0,-0.001959583879561,20000000.0,1,0,0.5
I1,I,0,,0.0025405410038538,0.0025405410038538,41678877.06695231,1,0,0.5
I2,I,0,,0.0012702705019269,0.0012702705019269,38208122.49910885,1,0,0.5
I3,I,0,,0.0019054057528903,0.0019054057528903,39398361.32041763,1,0,0.5
P1,P,1,-0.0016014424885088,0.0,-0.0016014424885088,20000000.0,1,0,0.5
P2,P,1,-0.0018887447131858,0.0,-0.0018887447131858,20000000.0,1,0,0.5
I1,I,1,,0.0025405410038538,0.0025405410038538,42675786.21477458,1,0,0.5
I2,I,1,,0.0012702705019269,0.0012702705019269,39083155.24589576,1,0,0.5
I3,I,1,,0.0019054057528903,0.0019054057528903,40321116.54029663,1,0,0.5
P1,P,2,-0.0016697249488712,0.0,-0.0016697249488712,20000000.0,1,0,0.5
P2,P,2,-0.0019604941359811,0.0,-0.0019604941359811,20000000.0,1,0,0.5
I1,I,2,,0.0025405410038538,0.0025405410038538,43713036.18244739,1,0,0.5
I2,I,2,,0.0012702705019269,0.0012702705019269,39960736.14252062,1,0,0.5
I3,I,2,,0.0019054057528903,0.0019054057528903,41267546.84999254,1,0,0.5
P1,P,3,-0.0017691346478046,0.0,-0.0017691346478046,20000000.0,1,0,0.5
P2,P,3,-0.0020693306315681,0.0,-0.0020693306315681,20000000.0,1,0,0.5
I1,I,3,,0.0025405410038538,0.0025405410038538,44542922.45416556,1,0,0.5
I2,I,3,,0.0012702705019269,0.0012702705019269,40686441.3581365,1,0,0.5
I3,I,3,,0.0019054057528903,0.0019054057528903,42042562.75135423,1,0,0.5
P1,P,4,-0.0018742776741234,0.0,-0.0018742776741234,20000000.0,1,0,0.5
P2,P,4,-0.002188077843858,0.0,-0.002188077843858,20000000.0,1,0,0.5
I1,I,4,,0.0025405410038538,0.0025405410038538,45224899.84857833,1,0,0.5
I2,I,4,,0.0012702705019269,0.0012702705019269,41294275.23194762,1,0,0.5
I3,I,4,,0.0019054057528903,0.0019054057528903,42688186.53046129,1,0,0.5
P1,P,5,-0.0022584515880363,0.0,-0.0022584515880363,20000000.0,1,0,0.5
P2,P,5,-0.0021427310577878,-0.0003261125701541,-0.0024688436279419,20000000.0,1,0,0.5
I1,I,5,,0.0025405410038538,0.0025405410038538,47236044.881282136,1,0,0.5
I2,I,5,,0.0012702705019269,0.0012702705019269,43176155.98458155,1,0,0.5
I3,I,5,,0.0019054057528903,0.0019054057528903,44628533.8197866,1,0,0.5
P1,P,6,-0.0023969010529617,-3.540182274591255e-05,-0.0024323028757076,20000000.0,1,0,0.5
P2,P,6,-0.0018334783738432,-0.0011449788151958,-0.0029784571890391,20000000.0,1,0,0.5
I1,I,6,,0.0025405410038538,0.0025405410038538,47887997.80594869,1,0,0.5
I2,I,6,,0.0012702705019269,0.0012702705019269,43695920.87300605,1,0,0.5
I3,I,6,,0.0019054057528903,0.0019054057528903,45223205.499804944,1,0,0.5
P1,P,7,-0.0022451222948922,-0.0002777625674013,-0.0025228848622936,20000000.0,1,0,0.5
P2,P,7,-0.0015619185200534,-0.0018136220068258,-0.0033755405268792,20000000.0,1,0,0.5
I1,I,7,,0.0025405410038538,0.0025405410038538,47543853.25484568,1,0,0.5
I2,I,7,,0.0012702705019269,0.0012702705019269,43279088.63518099,1,0,0.5
I3,I,7,,0.0019054057528903,0.0019054057528903,44853654.18751749,1,0,0.5
P1,P,8,-0.0019579295430882,-0.0006120344001016,-0.0025699639431898,20000000.0,1,0,0.5
P2,P,8,-0.0013397931771161,-0.0022389910891365,-0.0035787842662527,20000000.0,1,0,0.5
I1,I,8,,0.0025405410038538,0.0025405410038538,46619265.71963429,1,0,0.5
I2,I,8,,0.0012702705019269,0.0012702705019269,42343940.94505643,1,0,0.5
I3,I,8,,0.0019054057528903,0.0019054057528903,43931423.19257072,1,0,0.5
P1,P,9,-0.0016848971730252,-0.0008852536645119,-0.0025701508375371,20000000.0,1,0,0.5
P2,P,9,-0.0011557321071389,-0.002492980594175,-0.003648712701314,20000000.0,1,0,0.5
I1,I,9,,0.0025405410038538,0.0025405410038538,45460002.48106827,1,0,0.5
I2,I,9,,0.0012702705019269,0.0012702705019269,41208951.20095761,1,0,0.5
I3,I,9,,0.0019054057528903,0.0019054057528903,42789118.52164009,1,0,0.5
P1,P,10,-0.0014621020109921,-0.0010782266427497,-0.0025403286537419,20000000.0,1,0,0.5
P2,P,10,-0.0010043628218062,-0.0026447976291155,-0.0036491604509218,20000000.0,1,0,0.5
I1,I,10,,0.0025405410038538,0.0025405410038538,44286910.964524746,1,0,0.5
I2,I,10,,0.0012702705019269,0.0012702705019269,40075017.025104895,1,0,0.5
I3,I,10,,0.0019054057528903,0.0019054057528903,41638902.01474358,1,0,0.5
P1,P,11,-0.0012805931505634,-0.001221641096205,-0.0025022342467685,20000000.0,1,0,0.5
P2,P,11,-0.0008807505834048,-0.0027399309311485,-0.0036206815145533,20000000.0,1,0,0.5
I1,I,11,,0.0025405410038538,0.0025405410038538,43204112.99081957,1,0,0.5
I2,I,11,,0.0012702705019269,0.0012702705019269,39036255.71774125,1,0,0.5
I3,I,11,,0.0019054057528903,0.0019054057528903,40580712.83523915,1,0,0.5
P1,P,12,-0.0011290352502034,-0.0013407993001959,-0.0024698345503993,20000000.0,1,0,0.5
P2,P,12,-0.000779518764521,-0.00280354339521,-0.0035830621597311,20000000.0,1,0,0.5
I1,I,12,,0.0025405410038538,0.0025405410038538,42241337.42571776,1,0,0.5
I2,I,12,,0.0012702705019269,0.0012702705019269,38118233.40948668,1,0,0.5
I3,I,12,,0.0019054057528903,0.0019054057528903,39642569.25392107,1,0,0.5
P1,P,13,-0.0010010948232485,-0.0014470793578277,-0.0024481741810762,20000000.0,1,0,0.5
P2,P,13,-0.0006959428669953,-0.0028481443822007,-0.0035440872491961,20000000.0,1,0,0.5
I1,I,13,,0.0025405410038538,0.0025405410038538,41393983.15734591,1,0,0.5
I2,I,13,,0.0012702705019269,0.0012702705019269,37314636.66977079,1,0,0.5
I3,I,13,,0.0019054057528903,0.0019054057528903,38819160.65878363,1,0,0.5
P1,P,14,-0.0008934363812963,-0.0015432026248375,-0.0024366390061339,20000000.0,1,0,0.5
P2,P,14,-0.0006263119818208,-0.0028798860298509,-0.0035061980116718,20000000.0,1,0,0.5
I1,I,14,,0.0025405410038538,0.0025405410038538,40647910.30003946,1,0,0.5
I2,I,14,,0.0012702705019269,0.0012702705019269,36610535.40371061,1,0,0.5
I3,I,14,,0.0019054057528903,0.0019054057528903,38096005.074316025,1,0,0.5
P1,P,15,-0.0008032373581359,-0.0016293652722178,-0.0024326026303538,20000000.0,1,0,0.5
P2,P,15,-0.0005676609855008,-0.0029026178901592,-0.0034702788756601,20000000.0,1,0,0.5
I1,I,15,,0.0025405410038538,0.0025405410038538,39989244.33671644,1,0,0.5
I2,I,15,,0.0012702705019269,0.0012702705019269,35991601.520424835,1,0,0.5
I3,I,15,,0.0019054057528903,0.0019054057528903,37459026.799123816,1,0,0.5
P1,P,16,-0.0007276915345855,-0.0017057867527153,-0.0024334782873008,20000000.0,1,0,0.5
P2,P,16,-0.0005178081030381,-0.0029192851531021,-0.0034370932561402,20000000.0,1,0,0.5
I1,I,16,,0.0025405410038538,0.0025405410038538,39405618.52091626,1,0,0.5
I2,I,16,,0.0012702705019269,0.0012702705019269,35445159.273679025,1,0,0.5
I3,I,16,,0.0019054057528903,0.0019054057528903,36895738.46959021,1,0,0.5
P1,P,17,-0.000664204122531,-0.0017731683590183,-0.0024373724815493,20000000.0,1,0,0.5
P2,P,17,-0.0004751460407418,-0.0029316205320424,-0.0034067665727843,20000000.0,1,0,0.5
I1,I,17,,0.0025405410038538,0.0025405410038538,38886955.8885051,1,0,0.5
I2,I,17,,0.0012702705019269,0.0012702705019269,34961087.26930527,1,0,0.5
I3,I,17,,0.0019054057528903,0.0019054057528903,36396064.74818983,1,0,0.5
P1,P,18,-0.0006105202146769,-0.0018325722542741,-0.002443092468951,20000000.0,1,0,0.5
P2,P,18,-0.0004383812115743,-0.0029409593549545,-0.0033793405665289,20000000.0,1,0,0.5
I1,I,18,,0.0025405410038538,0.0025405410038538,38424566.5578108,1,0,0.5
I2,I,18,,0.0012702705019269,0.0012702705019269,34530772.49444841,1,0,0.5
I3,I,18,,0.0019054057528903,0.0019054057528903,35951367.25149561,1,0,0.5
P1,P,19,-0.0005647204728566,-0.0018849823861064,-0.002449702858963,20000000.0,1,0,0.5
P2,P,19,-0.0004064088607715,-0.0029484795392605,-0.003354888400032,20000000.0,1,0,0.5
I1,I,19,,0.0025405410038538,0.0025405410038538,38010789.330445215,1,0,0.5
I2,I,19,,0.0012702705019269,0.0012702705019269,34146645.08899468,1,0,0.5
I3,I,19,,0.0019054057528903,0.0019054057528903,35554042.13628063,1,0,0.5
P1,P,20,-0.000525282705478,-0.0019315337620679,-0.0024568164675459,20000000.0,1,0,0.5
P2,P,20,-0.0003783283601965,-0.0029548521477106,-0.0033331805079072,20000000.0,1,0,0.5
I1,I,20,,0.0025405410038538,0.0025405410038538,37638576.92694719,1,0,0.5
I2,I,20,,0.0012702705019269,0.0012702705019269,33801843.06028861,1,0,0.5
I3,I,20,,0.0019054057528903,0.0019054057528903,35197134.52611869,1,0,0.5
P1,P,21,-0.0004909803187211,-0.0019730657950337,-0.0024640461137548,20000000.0,1,0,0.5
P2,P,21,-0.0003534643366365,-0.0029604127092761,-0.0033138770459127,20000000.0,1,0,0.5
I1,I,21,,0.0025405410038538,0.0025405410038538,37302197.47073399,1,0,0.5
I2,I,21,,0.0012702705019269,0.0012702705019269,33490850.47832005,1,0,0.5
I3,I,21,,0.0019054057528903,0.0019054057528903,34875020.282273434,1,0,0.5
P1,P,22,-0.0004608906682685,-0.0020102801439955,-0.002471170812264,20000000.0,1,0,0.5
P2,P,22,-0.0003313205951502,-0.002965327474526,-0.0032966480696762,20000000.0,1,0,0.5
I1,I,22,,0.0025405410038538,0.0025405410038538,36997064.41483638,1,0,0.5
I2,I,22,,0.0012702705019269,0.0012702705019269,33209289.326362416,1,0,0.5
I3,I,22,,0.0019054057528903,0.0019054057528903,34583216.499013335,1,0,0.5
P1,P,23,-0.0004342906193532,-0.0020437893965163,-0.0024780800158695,20000000.0,1,0,0.5
P2,P,23,-0.000311526784238,-0.0029696802105367,-0.0032812069947748,20000000.0,1,0,0.5
I1,I,23,,0.0025405410038538,0.0025405410038538,36719439.38928253,1,0,0.5
I2,I,23,,0.0012702705019269,0.0012702705019269,32953604.584432896,1,0,0.5
I3,I,23,,0.0019054057528903,0.0019054057528903,34318075.56845879,1,0,0.5
P1,P,24,-0.0004105822523415,-0.0020741803289065,-0.0024847625812481,20000000.0,1,0,0.5
P2,P,24,-0.000293777092363,-0.0029735277122569,-0.00326730480462,20000000.0,1,0,0.5
I1,I,24,,0.0025405410038538,0.0025405410038538,36466082.24785336,1,0,0.5
I2,I,24,,0.0012702705019269,0.0012702705019269,32720725.522816043,1,0,0.5
I3,I,24,,0.0019054057528903,0.0019054057528903,34076437.20007014,1,0,0.5
P1,P,25,-0.0003892621748206,-0.0021019982706788,-0.0024912604454994,20000000.0,1,0,0.5
P2,P,25,-0.0002777969416113,-0.0029769141159521,-0.0032547110575635,20000000.0,1,0,0.5
I1,I,25,,0.0025405410038538,0.0025405410038538,36234070.44876084,1,0,0.5
I2,I,25,,0.0012702705019269,0.0012702705019269,32507878.680657137,1,0,0.5
I3,I,25,,0.0019054057528903,0.0019054057528903,33855448.12650731,1,0,0.5
P1,P,26,-0.0003699226452165,-0.0021276891266979,-0.0024976117719144,20000000.0,1,0,0.5
P2,P,26,-0.0002633439125354,-0.0029798729966517,-0.0032432169091871,20000000.0,1,0,0.5
I1,I,26,,0.0025405410038538,0.0025405410038538,36020801.72432349,1,0,0.5
I2,I,26,,0.0012702705019269,0.0012702705019269,32312600.03566773,1,0,0.5
I3,I,26,,0.0019054057528903,0.0019054057528903,33652571.72022379,1,0,0.5
P1,P,27,-0.0003522404255013,-0.0021516204798699,-0.0025038609053712,20000000.0,1,0,0.5
P2,P,27,-0.0002502174878247,-0.0029824057755105,-0.0032326232633353,20000000.0,1,0,0.5
I1,I,27,,0.0025405410038538,0.0025405410038538,35824005.39887724,1,0,0.5
I2,I,27,,0.0012702705019269,0.0012702705019269,32132741.42944561,1,0,0.5
I3,I,27,,0.0019054057528903,0.0019054057528903,33465596.092611566,1,0,0.5
P1,P,28,-0.0003359589745161,-0.002174044337387,-0.0025100033119032,20000000.0,1,0,0.5
P2,P,28,-0.0002382515315788,-0.0029845421486971,-0.003222793680276,20000000.0,1,0,0.5
I1,I,28,,0.0025405410038538,0.0025405410038538,35641762.48624169,1,0,0.5
I2,I,28,,0.0012702705019269,0.0012702705019269,31966487.22842716,1,0,0.5
I3,I,28,,0.0019054057528903,0.0019054057528903,33292652.00679103,1,0,0.5
P1,P,29,-0.0003208715260751,-0.0021951326482905,-0.0025160041743657,20000000.0,1,0,0.5
P2,P,29,-0.0002272940437614,-0.0029863533277979,-0.0032136473715594,20000000.0,1,0,0.5
I1,I,29,,0.0025405410038538,0.0025405410038538,35472458.08068409,1,0,0.5
I2,I,29,,0.0012702705019269,0.0012702705019269,31812302.96573293,1,0,0.5
I3,I,29,,0.0019054057528903,0.0019054057528903,33132165.506494112,1,0,0.5
P1,P,0,-0.0015509044244545,0.0,-0.0015509044244545,20000000.0,1,9,0.5
P2,P,0,-0.0018605475296671,0.0,-0.0018605475296671,20000000.0,1,9,0.5
I1,I,0,,0.0025417829031318,0.0025417829031318,39871084.995335706,1,9,0.5
I2,I,0,,0.0012708914515659,0.0012708914515659,36028776.4706984,1,9,0.5
I3,I,0,,,,,0,9,0.5
P1,P,1,-0.0014424121448451,0.0,-0.0014424121448451,20000000.0,1,9,0.5
P2,P,1,-0.001712366939023,0.0,-0.001712366939023,20000000.0,1,9,0.5
I1,I,1,,0.0025417829031318,0.0025417829031318,40007661.816766135,1,9,0.5
I2,I,1,,0.0012708914515659,0.0012708914515659,36180460.80157251,1,9,0.5
I3,I,1,,,,,0,9,0.5
P1,P,2,-0.001439917071271,0.0,-0.001439917071271,20000000.0,1,9,0.5
P2,P,2,-0.0016967487359174,0.0,-0.0016967487359174,20000000.0,1,9,0.5
I1,I,2,,0.0025417829031318,0.0025417829031318,40381739.02079408,1,9,0.5
I2,I,2,,0.0012708914515659,0.0012708914515659,36467186.28896342,1,9,0.5
I3,I,2,,,,,0,9,0.5
P1,P,3,-0.0014638438730807,0.0,-0.0014638438730807,20000000.0,1,9,0.5
P2,P,3,-0.0017171489978361,0.0,-0.0017171489978361,20000000.0,1,9,0.5
I1,I,3,,0.0025417829031318,0.0025417829031318,40659545.21725059,1,9,0.5
I2,I,3,,0.0012708914515659,0.0012708914515659,36686239.232649386,1,9,0.5
I3,I,3,,,,,0,9,0.5
P1,P,4,-0.0014951295222334,0.0,-0.0014951295222334,20000000.0,1,9,0.5
P2,P,4,-0.001749816279734,0.0,-0.001749816279734,20000000.0,1,9,0.5
I1,I,4,,0.0025417829031318,0.0025417829031318,40864668.1358828,1,9,0.5
I2,I,4,,0.0012708914515659,0.0012708914515659,36855937.62603408,1,9,0.5
I3,I,4,,,,,0,9,0.5
P1,P,5,-0.0016209570356793,0.0,-0.0016209570356793,20000000.0,1,9,0.5
P2,P,5,-0.0017522602216143,-6.62432754008554e-05,-0.0018185034970151,20000000.0,1,9,0.5
I1,I,5,,0.0025417829031318,0.0025417829031318,41527233.85672788,1,9,0.5
I2,I,5,,0.0012708914515659,0.0012708914515659,37465949.55413054,1,9,0.5
I3,I,5,,,,,0,9,0.5
P1,P,6,-0.0017016074721556,0.0,-0.0017016074721556,20000000.0,1,9,0.5
P2,P,6,-0.0015348359306615,-0.0004221810422912,-0.0019570169729528,20000000.0,1,9,0.5
I1,I,6,,0.0025417829031318,0.0025417829031318,41684653.95951361,1,9,0.5
I2,I,6,,0.0012708914515659,0.0012708914515659,37572888.84716841,1,9,0.5
I3,I,6,,,,,0,9,0.5
P1,P,7,-0.0017092187241869,-3.129346117938865e-06,-0.0017123480703048,20000000.0,1,9,0.5
P2,P,7,-0.0013205070740525,-0.0008347347514308,-0.0021552418254834,20000000.0,1,9,0.5
I1,I,7,,0.0025417829031318,0.0025417829031318,41424392.91817348,1,9,0.5
I2,I,7,,0.0012708914515659,0.0012708914515659,37271596.25844992,1,9,0.5
I3,I,7,,,,,0,9,0.5
P1,P,8,-0.0016033193704449,-9.278547015827052e-05,-0.0016961048406032,20000000.0,1,9,0.5
P2,P,8,-0.0011497887853642,-0.0011486849382978,-0.0022984737236621,20000000.0,1,9,0.5
I1,I,8,,0.0025417829031318,0.0025417829031318,40885005.74441397,1,9,0.5
I2,I,8,,0.0012708914515659,0.0012708914515659,36721392.842956,1,9,0.5
I3,I,8,,,,,0,9,0.5
P1,P,9,-0.0014599300809815,-0.0002669105473789,-0.0017268406283604,20000000.0,1,9,0.5
P2,P,9,-0.0010041702057791,-0.0013638294338327,-0.0023679996396118,20000000.0,1,9,0.5
I1,I,9,,0.0025417829031318,0.0025417829031318,40131299.288030736,1,9,0.5
I2,I,9,,0.0012708914515659,0.0012708914515659,35987109.88347865,1,9,0.5
I3,I,9,,,,,0,9,0.5
P1,P,10,-0.0015324408206259,-0.0005470241109408,-0.0020794649315668,20000000.0,1,9,0.5
P2,P,10,-0.0009991724881819,-0.0019849155702524,-0.0029840880584344,20000000.0,1,9,0.5
I1,I,10,,0.0025417829031318,0.0025417829031318,42637124.543073006,1,9,0.5
I2,I,10,,0.0012708914515659,0.0012708914515659,38356323.96159936,1,9,0.5
I3,I,10,,0.0019063371773489,0.0019063371773489,41380200.05918144,1,9,0.5
P1,P,11,-0.001452264335828,-0.0008266302949317,-0.0022788946307597,20000000.0,1,9,0.5
P2,P,11,-0.0009372289400957,-0.0023899241936257,-0.0033271531337215,20000000.0,1,9,0.5
I1,I,11,,0.0025417829031318,0.0025417829031318,42952772.133378886,1,9,0.5
I2,I,11,,0.0012708914515659,0.0012708914515659,38616149.01889473,1,9,0.5
I3,I,11,,0.0019063371773489,0.0019063371773489,41447336.03620488,1,9,0.5
P1,P,12,-0.0013164095445309,-0.0010506535412588,-0.0023670630857897,20000000.0,1,9,0.5
P2,P,12,-0.0008563616453217,-0.0026287737948207,-0.0034851354401424,20000000.0,1,9,0.5
I1,I,12,,0.0025417829031318,0.0025417829031318,42601772.8949046,1,9,0.5
I2,I,12,,0.0012708914515659,0.0012708914515659,38267839.14368728,1,9,0.5
I3,I,12,,0.0019063371773489,0.0019063371773489,41031144.46888338,1,9,0.5
P1,P,13,-0.0011879576063489,-0.0012056860374181,-0.002393643643767,20000000.0,1,9,0.5
P2,P,13,-0.0007756588490436,-0.0027672781474851,-0.0035429369965288,20000000.0,1,9,0.5
I1,I,13,,0.0025417829031318,0.0025417829031318,42002827.96455503,1,9,0.5
I2,I,13,,0.0012708914515659,0.0012708914515659,37692597.49796639,1,9,0.5
I3,I,13,,0.0019063371773489,0.0019063371773489,40413651.448787615,1,9,0.5
P1,P,14,-0.0010742079481454,-0.001318275619254,-0.0023924835673994,20000000.0,1,9,0.5
P2,P,14,-0.000702498623158,-0.0028502184316162,-0.0035527170547743,20000000.0,1,9,0.5
I1,I,14,,0.0025417829031318,0.0025417829031318,41343011.31574121,1,9,0.5
I2,I,14,,0.0012708914515659,0.0012708914515659,37064459.76174073,1,9,0.5
I3,I,14,,0.0019063371773489,0.0019063371773489,39752934.82566968,1,9,0.5
P1,P,15,-0.0009717850343613,-0.0014124050733075,-0.0023841901076688,20000000.0,1,9,0.5
P2,P,15,-0.0006386359238097,-0.0029027013579411,-0.0035413372817508,20000000.0,1,9,0.5
I1,I,15,,0.0025417829031318,0.0025417829031318,40700966.60209504,1,9,0.5
I2,I,15,,0.0012708914515659,0.0012708914515659,36456758.53467214,1,9,0.5
I3,I,15,,0.0019063371773489,0.0019063371773489,39117776.62019935,1,9,0.5
P1,P,16,-0.0008793217671505,-0.0014996046054921,-0.0023789263726427,20000000.0,1,9,0.5
P2,P,16,-0.0005834111086745,-0.0029373952541034,-0.0035208063627779,20000000.0,1,9,0.5
I1,I,16,,0.0025417829031318,0.0025417829031318,40101484.22579434,1,9,0.5
I2,I,16,,0.0012708914515659,0.0012708914515659,35892111.067400575,1,9,0.5
I3,I,16,,0.0019063371773489,0.0019063371773489,38528916.21002151,1,9,0.5
P1,P,17,-0.0007971932045418,-0.0015822640732548,-0.0023794572777966,20000000.0,1,9,0.5
P2,P,17,-0.0005355081193706,-0.0029605774177607,-0.0034960855371313,20000000.0,1,9,0.5
I1,I,17,,0.0025417829031318,0.0025417829031318,39547910.95269431,1,9,0.5
I2,I,17,,0.0012708914515659,0.0012708914515659,35372893.15689209,1,9,0.5
I3,I,17,,0.0019063371773489,0.0019063371773489,37987787.68568289,1,9,0.5
P1,P,18,-0.0007256850721802,-0.001659247856343,-0.0023849329285232,20000000.0,1,9,0.5
P2,P,18,-0.0004937188987046,-0.0029755792216948,-0.0034692981203994,20000000.0,1,9,0.5
I1,I,18,,0.0025417829031318,0.0025417829031318,39038424.93409498,1,9,0.5
I2,I,18,,0.0012708914515659,0.0012708914515659,34896718.44319075,1,9,0.5
I3,I,18,,0.0019063371773489,0.0019063371773489,37491541.72039373,1,9,0.5
P1,P,19,-0.00066421037579,-0.0017292740911824,-0.0023934844669725,20000000.0,1,9,0.5
P2,P,19,-0.0004571260766813,-0.0029847028700509,-0.0034418289467323,20000000.0,1,9,0.5
I1,I,19,,0.0025417829031318,0.0025417829031318,38571284.97194903,1,9,0.5
I2,I,19,,0.0012708914515659,0.0012708914515659,34461414.22073202,1,9,0.5
I3,I,19,,0.0019063371773489,0.0019063371773489,37037814.78040837,1,9,0.5
P1,P,20,-0.0006115731107607,-0.0017919957552612,-0.0024035688660219,20000000.0,1,9,0.5
P2,P,20,-0.0004249849008553,-0.0029899274988792,-0.0034149123997345,20000000.0,1,9,0.5
I1,I,20,,0.0025417829031318,0.0025417829031318,38144723.05555024,1,9,0.5
I2,I,20,,0.0012708914515659,0.0012708914515659,34064906.98658127,1,9,0.5
I3,I,20,,0.0019063371773489,0.0019063371773489,36624443.59760503,1,9,0.5
P1,P,21,-0.0005663673661684,-0.0018478996288255,-0.002414266994994,20000000.0,1,9,0.5
P2,P,21,-0.0003965951463201,-0.0029928404479885,-0.0033894355943087,20000000.0,1,9,0.5
I1,I,21,,0.0025417829031318,0.0025417829031318,37756174.2033676,1,9,0.5
I2,I,21,,0.0012708914515659,0.0012708914515659,33704482.47160738,1,9,0.5
I3,I,21,,0.0019063371773489,0.0019063371773489,36248629.30101762,1,9,0.5
P1,P,22,-0.0005272537809857,-0.0018976840240335,-0.0024249378050193,20000000.0,1,9,0.5
P2,P,22,-0.0003713304223232,-0.0029947209066775,-0.0033660513290007,20000000.0,1,9,0.5
I1,I,22,,0.0025417829031318,0.0025417829031318,37402113.482598506,1,9,0.5
I2,I,22,,0.0012708914515659,0.0012708914515659,33376544.620408155,1,9,0.5
I3,I,22,,0.0019063371773489,0.0019063371773489,35906707.6660906,1,9,0.5
P1,P,23,-0.0004931225995857,-0.0019420347521476,-0.0024351573517333,20000000.0,1,9,0.5
P2,P,23,-0.0003486855003006,-0.0029962295267202,-0.0033449150270209,20000000.0,1,9,0.5
I1,I,23,,0.0025417829031318,0.0025417829031318,37079088.75427394,1,9,0.5
I2,I,23,,0.0012708914515659,0.0012708914515659,33077709.657501165,1,9,0.5
I3,I,23,,0.0019063371773489,0.0019063371773489,35595182.35211969,1,9,0.5
P1,P,24,-0.0004631220059183,-0.0019815930394493,-0.0024447150453676,20000000.0,1,9,0.5
P2,P,24,-0.0003283093823475,-0.0029976375797108,-0.0033259469620583,20000000.0,1,9,0.5
I1,I,24,,0.0025417829031318,0.0025417829031318,36784046.7515157,1,9,0.5
I2,I,24,,0.0012708914515659,0.0012708914515659,32805070.350254413,1,9,0.5
I3,I,24,,0.0019063371773489,0.0019063371773489,35311008.46202513,1,9,0.5
P1,P,25,-0.0004365554457962,-0.0020170122791152,-0.0024535677249115,20000000.0,1,9,0.5
P2,P,25,-0.000309941187346,-0.0029990206176235,-0.0033089618049695,20000000.0,1,9,0.5
I1,I,25,,0.0025417829031318,0.0025417829031318,36514274.340386525,1,9,0.5
I2,I,25,,0.0012708914515659,0.0012708914515659,32556083.969151437,1,9,0.5
I3,I,25,,0.0019063371773489,0.0019063371773489,35051506.21555323,1,9,0.5
P1,P,26,-0.0004128499210915,-0.0020489646533404,-0.0024618145744319,20000000.0,1,9,0.5
P2,P,26,-0.0002933539649593,-0.003000366274996,-0.0032937202399554,20000000.0,1,9,0.5
I1,I,26,,0.0025417829031318,0.0025417829031318,36267169.33227956,1,9,0.5
I2,I,26,,0.0012708914515659,0.0012708914515659,32328325.19647197,1,9,0.5
I3,I,26,,0.0019063371773489,0.0019063371773489,34814117.41885346,1,9,0.5
P1,P,27,-0.0003915147502676,-0.0020780405232058,-0.0024695552734735,20000000.0,1,9,0.5
P2,P,27,-0.0002783363419413,-0.0030016538603445,-0.0032799902022858,20000000.0,1,9,0.5
I1,I,27,,0.0025417829031318,0.0025417829031318,36040270.11934264,1,9,0.5
I2,I,27,,0.0012708914515659,0.0012708914515659,32119490.68291832,1,9,0.5
I3,I,27,,0.0019063371773489,0.0019063371773489,34596423.65909056,1,9,0.5
P1,P,28,-0.0003721504513217,-0.002104816124092,-0.0024769665754138,20000000.0,1,9,0.5
P2,P,28,-0.0002646851399937,-0.0030028226300505,-0.0032675077700442,20000000.0,1,9,0.5
I1,I,28,,0.0025417829031318,0.0025417829031318,35831139.02304756,1,9,0.5
I2,I,28,,0.0012708914515659,0.0012708914515659,31927294.20426439,1,9,0.5
I3,I,28,,0.0019063371773489,0.0019063371773489,34396031.45533381,1,9,0.5
P1,P,29,-0.0003544360652924,-0.0021296456862188,-0.0024840817515112,20000000.0,1,9,0.5
P2,P,29,-0.0002522244787553,-0.0030038436644747,-0.00325606814323,20000000.0,1,9,0.5
I1,I,29,,0.0025417829031318,0.0025417829031318,35637743.06150515,1,9,0.5
I2,I,29,,0.0012708914515659,0.0012708914515659,31749825.14897076,1,9,0.5
I3,I,29,,0.0019063371773489,0.0019063371773489,34210946.21878951,1,9,0.5
P1,P,0,-0.0014856979169538,0.0,-0.0014856979169538,20000000.0,1,19,0.25
P2,P,0,-0.001940506370705,0.0,-0.001940506370705,20000000.0,1,19,0.25
I1,I,0,,0.0025496798690879,0.0025496798690879,40311418.27567181,1,19,0.25
I2,I,0,,0.0012748399345439,0.0012748399345439,35688705.11391598,1,19,0.25
I3,I,0,,,,,0,19,0.25
P1,P,1,-0.0013899342514029,0.0,-0.0013899342514029,20000000.0,1,19,0.25
P2,P,1,-0.0017760337125453,0.0,-0.0017760337125453,20000000.0,1,19,0.25
I1,I,1,,0.0025496798690879,0.0025496798690879,40377625.30677384,1,19,0.25
I2,I,1,,0.0012748399345439,0.0012748399345439,35875061.38773207,1,19,0.25
I3,I,1,,,,,0,19,0.25
P1,P,2,-0.0013901956710166,0.0,-0.0013901956710166,20000000.0,1,19,0.25
P2,P,2,-0.0017554430062426,0.0,-0.0017554430062426,20000000.0,1,19,0.25
I1,I,2,,0.0025496798690879,0.0025496798690879,40742984.83086448,1,19,0.25
I2,I,2,,0.0012748399345439,0.0012748399345439,36160826.26414018,1,19,0.25
I3,I,2,,,,,0,19,0.25
P1,P,3,-0.0014140565785828,0.0,-0.0014140565785828,20000000.0,1,19,0.25
P2,P,3,-0.0017747369060091,0.0,-0.0017747369060091,20000000.0,1,19,0.25
I1,I,3,,0.0025496798690879,0.0025496798690879,41021217.47062038,1,19,0.25
I2,I,3,,0.0012748399345439,0.0012748399345439,36376577.534816094,1,19,0.25
I3,I,3,,,,,0,19,0.25
P1,P,4,-0.0014444081573295,0.0,-0.0014444081573295,20000000.0,1,19,0.25
P2,P,4,-0.0018077976582207,0.0,-0.0018077976582207,20000000.0,1,19,0.25
I1,I,4,,0.0025496798690879,0.0025496798690879,41229188.1324096,1,19,0.25
I2,I,4,,0.0012748399345439,0.0012748399345439,36544112.780741714,1,19,0.25
I3,I,4,,,,,0,19,0.25
P1,P,5,-0.0015677127616646,0.0,-0.0015677127616646,20000000.0,1,19,0.25
P2,P,5,-0.0018037683190943,-6.329660851875573e-05,-0.0018670649276131,20000000.0,1,19,0.25
I1,I,5,,0.0025496798690879,0.0025496798690879,41927019.50754557,1,19,0.25
I2,I,5,,0.0012748399345439,0.0012748399345439,37176979.86556131,1,19,0.25
I3,I,5,,,,,0,19,0.25
P1,P,6,-0.0016471698431495,0.0,-0.0016471698431495,20000000.0,1,19,0.25
P2,P,6,-0.0015740430750271,-0.0004412971746094,-0.0020153402496366,20000000.0,1,19,0.25
I1,I,6,,0.0025496798690879,0.0025496798690879,42106226.57135533,1,19,0.25
I2,I,6,,0.0012748399345439,0.0012748399345439,37294260.40611128,1,19,0.25
I3,I,6,,,,,0,19,0.25
P1,P,7,-0.0016601944617882,-1.3277818302581862e-06,-0.0016615222436185,20000000.0,1,19,0.25
P2,P,7,-0.0013469420280773,-0.0008812259777726,-0.0022281680058499,20000000.0,1,19,0.25
I1,I,7,,0.0025496798690879,0.0025496798690879,41839257.59766191,1,19,0.25
I2,I,7,,0.0012748399345439,0.0012748399345439,36975852.90644127,1,19,0.25
I3,I,7,,,,,0,19,0.25
P1,P,8,-0.0015659576527999,-6.119653820228053e-05,-0.0016271541910022,20000000.0,1,19,0.25
P2,P,8,-0.0011707595987354,-0.0012098489232632,-0.0023806085219987,20000000.0,1,19,0.25
I1,I,8,,0.0025496798690879,0.0025496798690879,41304904.68865117,1,19,0.25
I2,I,8,,0.0012748399345439,0.0012748399345439,36424382.4147376,1,19,0.25
I3,I,8,,,,,0,19,0.25
P1,P,9,-0.0014174756939235,-0.0001982547169096,-0.0016157304108331,20000000.0,1,19,0.25
P2,P,9,-0.0010265734176698,-0.0014357325188744,-0.0024623059365443,20000000.0,1,19,0.25
I1,I,9,,0.0025496798690879,0.0025496798690879,40611454.038821466,1,19,0.25
I2,I,9,,0.0012748399345439,0.0012748399345439,35742873.206673265,1,19,0.25
I3,I,9,,,,,0,19,0.25
P1,P,10,-0.0012641472971871,-0.0003431428281925,-0.0016072901253796,20000000.0,1,19,0.25
P2,P,10,-0.0009039688130847,-0.0015889318556251,-0.0024929006687099,20000000.0,1,19,0.25
I1,I,10,,0.0025496798690879,0.0025496798690879,39855841.20247091,1,19,0.25
I2,I,10,,0.0012748399345439,0.0012748399345439,35014000.348528296,1,19,0.25
I3,I,10,,,,,0,19,0.25
P1,P,11,-0.001125721944655,-0.0004725223070831,-0.0015982442517381,20000000.0,1,19,0.25
P2,P,11,-0.0007999887007258,-0.0016921939155754,-0.0024921826163012,20000000.0,1,19,0.25
I1,I,11,,0.0025496798690879,0.0025496798690879,39104207.407115504,1,19,0.25
I2,I,11,,0.0012748399345439,0.0012748399345439,34296065.55283985,1,19,0.25
I3,I,11,,,,,0,19,0.25
P1,P,12,-0.0010063481885601,-0.0005770632548079,-0.0015834114433681,20000000.0,1,19,0.25
P2,P,12,-0.0007132645840104,-0.0017634599791118,-0.0024767245631222,20000000.0,1,19,0.25
I1,I,12,,0.0025496798690879,0.0025496798690879,38403745.39447342,1,19,0.25
I2,I,12,,0.0012748399345439,0.0012748399345439,33630677.511920765,1,19,0.25
I3,I,12,,,,,0,19,0.25
P1,P,13,-0.0009053487265496,-0.0006572821086124,-0.0015626308351621,20000000.0,1,19,0.25
P2,P,13,-0.0006418579036531,-0.0018158373875724,-0.0024576952912255,20000000.0,1,19,0.25
I1,I,13,,0.0025496798690879,0.0025496798690879,37781313.92780887,1,19,0.25
I2,I,13,,0.0012748399345439,0.0012748399345439,33041620.58499376,1,19,0.25
I3,I,13,,,,,0,19,0.25
P1,P,14,-0.0008231161692592,-0.000721996647677,-0.0015451128169362,20000000.0,1,19,0.25
P2,P,14,-0.0005829357384697,-0.0018564817330311,-0.0024394174715008,20000000.0,1,19,0.25
I1,I,14,,0.0025496798690879,0.0025496798690879,37234765.503837965,1,19,0.25
I2,I,14,,0.0012748399345439,0.0012748399345439,32526518.13250062,1,19,0.25
I3,I,14,,,,,0,19,0.25
P1,P,15,-0.0007559564391618,-0.0007770087850285,-0.0015329652241904,20000000.0,1,19,0.25
P2,P,15,-0.0005336993641758,-0.0018888419166473,-0.0024225412808232,20000000.0,1,19,0.25
I1,I,15,,0.0025496798690879,0.0025496798690879,36752428.30181611,1,19,0.25
I2,I,15,,0.0012748399345439,0.0012748399345439,32074125.153126925,1,19,0.25
I3,I,15,,,,,0,19,0.25
P1,P,16,-0.0006991808255966,-0.0008261034899302,-0.0015252843155268,20000000.0,1,19,0.25
P2,P,16,-0.0004919398653992,-0.0019150477799908,-0.0024069876453901,20000000.0,1,19,0.25
I1,I,16,,0.0025496798690879,0.0025496798690879,36323106.63616056,1,19,0.25
I2,I,16,,0.0012748399345439,0.0012748399345439,31673470.822592106,1,19,0.25
I3,I,16,,,,,0,19,0.25
P1,P,17,-0.0006493854503854,-0.0008721625914105,-0.0015215480417959,20000000.0,1,19,0.25
P2,P,17,-0.0004559970255791,-0.0019363714087217,-0.0023923684343009,20000000.0,1,19,0.25
I1,I,17,,0.0025496798690879,0.0025496798690879,35937053.032740854,1,19,0.25
I2,I,17,,0.0012748399345439,0.0012748399345439,31314982.983334094,1,19,0.25
I3,I,17,,,,,0,19,0.25
P1,P,18,-0.0006047645246414,-0.0009163855133633,-0.0015211500380047,20000000.0,1,19,0.25
P2,P,18,-0.0004246763024429,-0.0019535770904454,-0.0023782533928883,20000000.0,1,19,0.25
I1,I,18,,0.0025496798690879,0.0025496798690879,35586443.46087743,1,19,0.25
I2,I,18,,0.0012748399345439,0.0012748399345439,30990946.960049,1,19,0.25
I3,I,18,,,,,0,19,0.25
P1,P,19,-0.0005645352137544,-0.0009590503081352,-0.0015235855218897,20000000.0,1,19,0.25
P2,P,19,-0.0003970868842123,-0.001967141663134,-0.0023642285473464,20000000.0,1,19,0.25
I1,I,19,,0.0025496798690879,0.0025496798690879,35265304.08096625,1,19,0.25
I2,I,19,,0.0012748399345439,0.0012748399345439,30695447.187413637,1,19,0.25
I3,I,19,,,,,0,19,0.25
P1,P,20,-0.0005930070893973,-0.001166848106891,-0.0017598551962883,20000000.0,1,19,0.25
P2,P,20,-0.0004157295474374,-0.0023185674717424,-0.0027342970191798,20000000.0,1,19,0.25
I1,I,20,,0.0025496798690879,0.0025496798690879,36467769.62001823,1,19,0.25
I2,I,20,,0.0012748399345439,0.0012748399345439,31833852.20881884,1,19,0.25
I3,I,20,,0.0009561299509079,0.0009561299509079,33081087.590458203,1,19,0.25
P1,P,21,-0.000578451632387,-0.0012852811795136,-0.0018637328119006,20000000.0,1,19,0.25
P2,P,21,-0.0004054437991404,-0.0024547155898357,-0.0028601593889762,20000000.0,1,19,0.25
I1,I,21,,0.0025496798690879,0.0025496798690879,36550680.30512004,1,19,0.25
I2,I,21,,0.0012748399345439,0.0012748399345439,31909381.64504593,1,19,0.25
I3,I,21,,0.0009561299509079,0.0009561299509079,33043955.03947088,1,19,0.25
P1,P,22,-0.0005482775289329,-0.0013555544421486,-0.0019038319710816,20000000.0,1,19,0.25
P2,P,22,-0.0003856657582465,-0.0025097354684568,-0.0028954012267033,20000000.0,1,19,0.25
I1,I,22,,0.0025496798690879,0.0025496798690879,36376957.74490835,1,19,0.25
I2,I,22,,0.0012748399345439,0.0012748399345439,31750808.469101965,1,19,0.25
I3,I,22,,0.0009561299509079,0.0009561299509079,32839030.90480196,1,19,0.25
P1,P,23,-0.0005157663251306,-0.0014051493418249,-0.0019209156669556,20000000.0,1,19,0.25
P2,P,23,-0.000364259854921,-0.0025341974291166,-0.0028984572840376,20000000.0,1,19,0.25
I1,I,23,,0.0025496798690879,0.0025496798690879,36134088.864341885,1,19,0.25
I2,I,23,,0.0012748399345439,0.0012748399345439,31528384.87326294,1,19,0.25
I3,I,23,,0.0009561299509079,0.0009561299509079,32586748.182696857,1,19,0.25
P1,P,24,-0.0004851411920023,-0.0014451385065482,-0.0019302796985505,20000000.0,1,19,0.25
P2,P,24,-0.0003438936339866,-0.0025467677934243,-0.002890661427411,20000000.0,1,19,0.25
I1,I,24,,0.0025496798690879,0.0025496798690879,35882601.624914974,1,19,0.25
I2,I,24,,0.0012748399345439,0.0012748399345439,31298196.85844846,1,19,0.25
I3,I,24,,0.0009561299509079,0.0009561299509079,32334669.9096622,1,19,0.25
P1,P,25,-0.0004574813533112,-0.001479996003908,-0.0019374773572193,20000000.0,1,19,0.25
P2,P,25,-0.0003252454157423,-0.0025543030901199,-0.0028795485058623,20000000.0,1,19,0.25
I1,I,25,,0.0025496798690879,0.0025496798690879,35641486.21766502,1,19,0.25
I2,I,25,,0.0012748399345439,0.0012748399345439,31077876.61515196,1,19,0.25
I3,I,25,,0.0009561299509079,0.0009561299509079,32097038.660493564,1,19,0.25
P1,P,26,-0.0004327277982209,-0.0015112787920769,-0.0019440065902978,20000000.0,1,19,0.25
P2,P,26,-0.0003083208360822,-0.0025595418394351,-0.0028678626755174,20000000.0,1,19,0.25
I1,I,26,,0.0025496798690879,0.0025496798690879,35415924.33606556,1,19,0.25
I2,I,26,,0.0012748399345439,0.0012748399345439,30872136.82926021,1,19,0.25
I3,I,26,,0.0009561299509079,0.0009561299509079,31876966.884427693,1,19,0.25
P1,P,27,-0.0004105241430479,-0.0015396986133435,-0.0019502227563914,20000000.0,1,19,0.25
P2,P,27,-0.0002929468406782,-0.0025636531931078,-0.002856600033786,20000000.0,1,19,0.25
I1,I,27,,0.0025496798690879,0.0025496798690879,35206462.01291098,1,19,0.25
I2,I,27,,0.0012748399345439,0.0012748399345439,30681397.19275436,1,19,0.25
I3,I,27,,0.0009561299509079,0.0009561299509079,31673991.86732577,1,19,0.25
P1,P,28,-0.0003904869862032,-0.0015656770140949,-0.0019561640002982,20000000.0,1,19,0.25
P2,P,28,-0.0002789278510678,-0.0025671688995079,-0.0028460967505757,20000000.0,1,19,0.25
I1,I,28,,0.0025496798690879,0.0025496798690879,35012189.009333365,1,19,0.25
I2,I,28,,0.0012748399345439,0.0012748399345439,30504752.334744923,1,19,0.25
I3,I,28,,0.0009561299509079,0.0009561299509079,31486675.9126096,1,19,0.25
P1,P,29,-0.0003722903478809,-0.0015895234148593,-0.0019618137627402,20000000.0,1,19,0.25
P2,P,29,-0.0002660961203019,-0.0025703278565646,-0.0028364239768665,20000000.0,1,19,0.25
I1,I,29,,0.0025496798690879,0.0025496798690879,34831858.106269866,1,19,0.25
I2,I,29,,0.0012748399345439,0.0012748399345439,30341009.334399678,1,19,0.25
I3,I,29,,0.0009561299509079,0.0009561299509079,31313479.742036074,1,19,0.25
P1,P,0,-0.0014885041787049,0.0,-0.0014885041787049,20000000.0,1,21,0.25
P2,P,0,-0.0017953296292802,0.0,-0.0017953296292802,20000000.0,1,21,0.25
I1,I,0,,0.0025429300513688,0.0025429300513688,40758806.88339727,1,21,0.25
I2,I,0,,0.0012714650256844,0.0012714650256844,35706947.011172906,1,21,0.25
I3,I,0,,,,,0,21,0.25
P1,P,1,-0.0013886849444261,0.0,-0.0013886849444261,20000000.0,1,21,0.25
P2,P,1,-0.0016528980106834,0.0,-0.0016528980106834,20000000.0,1,21,0.25
I1,I,1,,0.0025429300513688,0.0025429300513688,40771047.99264259,1,21,0.25
I2,I,1,,0.0012714650256844,0.0012714650256844,35958375.2629804,1,21,0.25
I3,I,1,,,,,0,21,0.25
P1,P,2,-0.0013918462327121,0.0,-0.0013918462327121,20000000.0,1,21,0.25
P2,P,2,-0.0016416889926465,0.0,-0.0016416889926465,20000000.0,1,21,0.25
I1,I,2,,0.0025429300513688,0.0025429300513688,41159060.2987323,1,21,0.25
I2,I,2,,0.0012714650256844,0.0012714650256844,36302333.6978806,1,21,0.25
I3,I,2,,,,,0,21,0.25
P1,P,3,-0.0014200285965116,0.0,-0.0014200285965116,20000000.0,1,21,0.25
P2,P,3,-0.0016661438008601,0.0,-0.0016661438008601,20000000.0,1,21,0.25
I1,I,3,,0.0025429300513688,0.0025429300513688,41469606.09065312,1,21,0.25
I2,I,3,,0.0012714650256844,0.0012714650256844,36564634.31967242,1,21,0.25
I3,I,3,,,,,0,21,0.25
P1,P,4,-0.0014548595716009,0.0,-0.0014548595716009,20000000.0,1,21,0.25
P2,P,4,-0.0017026640937143,0.0,-0.0017026640937143,20000000.0,1,21,0.25
I1,I,4,,0.0025429300513688,0.0025429300513688,41711322.57838668,1,21,0.25
I2,I,4,,0.0012714650256844,0.0012714650256844,36773021.30421992,1,21,0.25
I3,I,4,,,,,0,21,0.25
P1,P,5,-0.0015932642331551,0.0,-0.0015932642331551,20000000.0,1,21,0.25
P2,P,5,-0.0017154049819856,-7.329376621804071e-05,-0.0017886987482036,20000000.0,1,21,0.25
I1,I,5,,0.0025429300513688,0.0025429300513688,42514771.88840556,1,21,0.25
I2,I,5,,0.0012714650256844,0.0012714650256844,37514196.86634416,1,21,0.25
I3,I,5,,,,,0,21,0.25
P1,P,6,-0.0016832664464315,0.0,-0.0016832664464315,20000000.0,1,21,0.25
P2,P,6,-0.001512105353971,-0.0004349823362335,-0.0019470876902046,20000000.0,1,21,0.25
I1,I,6,,0.0025429300513688,0.0025429300513688,42762413.54773635,1,21,0.25
I2,I,6,,0.0012714650256844,0.0012714650256844,37701815.303058766,1,21,0.25
I3,I,6,,,,,0,21,0.25
P1,P,7,-0.0016901756786492,-6.396028744427506e-06,-0.0016965717073936,20000000.0,1,21,0.25
P2,P,7,-0.0013139390152414,-0.0008396017056161,-0.0021535407208576,20000000.0,1,21,0.25
I1,I,7,,0.0025429300513688,0.0025429300513688,42568355.20264207,1,21,0.25
I2,I,7,,0.0012714650256844,0.0012714650256844,37460672.56343359,1,21,0.25
I3,I,7,,,,,0,21,0.25
P1,P,8,-0.0015861817744193,-0.000108255866701,-0.0016944376411204,20000000.0,1,21,0.25
P2,P,8,-0.0011618694702549,-0.0011307186007304,-0.0022925880709853,20000000.0,1,21,0.25
I1,I,8,,0.0025429300513688,0.0025429300513688,42077779.84581678,1,21,0.25
I2,I,8,,0.0012714650256844,0.0012714650256844,36958176.17218963,1,21,0.25
I3,I,8,,,,,0,21,0.25
P1,P,9,-0.0014499000228416,-0.0002817286212018,-0.0017316286440434,20000000.0,1,21,0.25
P2,P,9,-0.0010308233653357,-0.001323587496636,-0.0023544108619717,20000000.0,1,21,0.25
I1,I,9,,0.0025429300513688,0.0025429300513688,41373099.37829752,1,21,0.25
I2,I,9,,0.0012714650256844,0.0012714650256844,36271381.14550641,1,21,0.25
I3,I,9,,,,,0,21,0.25
P1,P,10,-0.0013083399801043,-0.000436745418895,-0.0017450853989994,20000000.0,1,21,0.25
P2,P,10,-0.0009121945625614,-0.0014575983947514,-0.0023697929573129,20000000.0,1,21,0.25
I1,I,10,,0.0025429300513688,0.0025429300513688,40582025.89155949,1,21,0.25
I2,I,10,,0.0012714650256844,0.0012714650256844,35508825.199533045,1,21,0.25
I3,I,10,,,,,0,21,0.25
P1,P,11,-0.0011703902285998,-0.0005644340423102,-0.0017348242709101,20000000.0,1,21,0.25
P2,P,11,-0.0008078409407753,-0.0015552803286881,-0.0023631212694634,20000000.0,1,21,0.25
I1,I,11,,0.0025429300513688,0.0025429300513688,39801060.04417299,1,21,0.25
I2,I,11,,0.0012714650256844,0.0012714650256844,34757956.83359431,1,21,0.25
I3,I,11,,,,,0,21,0.25
P1,P,12,-0.0010449170510138,-0.0006654425109615,-0.0017103595619753,20000000.0,1,21,0.25
P2,P,12,-0.0007194577892315,-0.0016295290243633,-0.0023489868135948,20000000.0,1,21,0.25
I1,I,12,,0.0025429300513688,0.0025429300513688,39084972.31388244,1,21,0.25
I2,I,12,,0.0012714650256844,0.0012714650256844,34070413.163063176,1,21,0.25
I3,I,12,,,,,0,21,0.25
P1,P,13,-0.0009414390369978,-0.0007443953180979,-0.0016858343550957,20000000.0,1,21,0.25
P2,P,13,-0.0006458166560759,-0.0016876549523224,-0.0023334716083984,20000000.0,1,21,0.25
I1,I,13,,0.0025429300513688,0.0025429300513688,38446061.98823944,1,21,0.25
I2,I,13,,0.0012714650256844,0.0012714650256844,33458653.090314023,1,21,0.25
I3,I,13,,,,,0,21,0.25
P1,P,14,-0.0008574785376931,-0.000806993516568,-0.0016644720542612,20000000.0,1,21,0.25
P2,P,14,-0.0005845626827053,-0.0017341971318512,-0.0023187598145565,20000000.0,1,21,0.25
I1,I,14,,0.0025429300513688,0.0025429300513688,37881388.29249676,1,21,0.25
I2,I,14,,0.0012714650256844,0.0012714650256844,32919914.474538915,1,21,0.25
I3,I,14,,,,,0,21,0.25
P1,P,15,-0.0007877595406028,-0.0008592237095879,-0.0016469832501907,20000000.0,1,21,0.25
P2,P,15,-0.0005332809749747,-0.0017722138130714,-0.0023054947880461,20000000.0,1,21,0.25
I1,I,15,,0.0025429300513688,0.0025429300513688,37383053.017263584,1,21,0.25
I2,I,15,,0.0012714650256844,0.0012714650256844,32446364.848590832,1,21,0.25
I3,I,15,,,,,0,21,0.25
P1,P,16,-0.0007280095218389,-0.0009057675779003,-0.0016337770997392,20000000.0,1,21,0.25
P2,P,16,-0.0004898255373886,-0.0018037912464506,-0.0022936167838392,20000000.0,1,21,0.25
I1,I,16,,0.0025429300513688,0.0025429300513688,36941018.30146202,1,21,0.25
I2,I,16,,0.0012714650256844,0.0012714650256844,32028111.59394717,1,21,0.25
I3,I,16,,,,,0,21,0.25
P1,P,17,-0.0006755166814711,-0.0009492709320512,-0.0016247876135224,20000000.0,1,21,0.25
P2,P,17,-0.0004525343449828,-0.0018302743951007,-0.0022828087400836,20000000.0,1,21,0.25
I1,I,17,,0.0025429300513688,0.0025429300513688,36545114.38218672,1,21,0.25
I2,I,17,,0.0012714650256844,0.0012714650256844,31655113.84818549,1,21,0.25
I3,I,17,,,,,0,21,0.25
P1,P,18,-0.0006288279973131,-0.0009905503167596,-0.0016193783140727,20000000.0,1,21,0.25
P2,P,18,-0.0004202437545786,-0.001852278344478,-0.0022725220990567,20000000.0,1,21,0.25
I1,I,18,,0.0025429300513688,0.0025429300513688,36187161.97204472,1,21,0.25
I2,I,18,,0.0012714650256844,0.0012714650256844,31319288.261014964,1,21,0.25
I3,I,18,,,,,0,21,0.25
P1,P,19,-0.0005869661062923,-0.0010296074397708,-0.0016165735460631,20000000.0,1,21,0.25
P2,P,19,-0.0003920640347207,-0.0018704092929568,-0.0022624733276775,20000000.0,1,21,0.25
I1,I,19,,0.0025429300513688,0.0025429300513688,35861623.518069714,1,21,0.25
I2,I,19,,0.0012714650256844,0.0012714650256844,31015060.34784589,1,21,0.25
I3,I,19,,,,,0,21,0.25
P1,P,20,-0.0005493566456553,-0.0010663957736502,-0.0016157524193055,20000000.0,1,21,0.25
P2,P,20,-0.0003672745630304,-0.0018853736242214,-0.0022526481872518,20000000.0,1,21,0.25
I1,I,20,,0.0025429300513688,0.0025429300513688,35564268.03267973,1,21,0.25
I2,I,20,,0.0012714650256844,0.0012714650256844,30738126.451599486,1,21,0.25
I3,I,20,,,,,0,21,0.25
P1,P,21,-0.0005156860726728,-0.0011013000558543,-0.0016169861285271,20000000.0,1,21,0.25
P2,P,21,-0.0003452627686391,-0.0018975255232155,-0.0022427882918547,20000000.0,1,21,0.25
I1,I,21,,0.0025429300513688,0.0025429300513688,35290974.67060953,1,21,0.25
I2,I,21,,0.0012714650256844,0.0012714650256844,30484402.906158675,1,21,0.25
I3,I,21,,,,,0,21,0.25
P1,P,22,-0.0005488255316995,-0.0013280245548912,-0.0018768500865908,20000000.0,1,21,0.25
P2,P,22,-0.0003653245021931,-0.0022409715505646,-0.0026062960527578,20000000.0,1,21,0.25
I1,I,22,,0.0025429300513688,0.0025429300513688,36557678.7410411,1,21,0.25
I2,I,22,,0.0012714650256844,0.0012714650256844,31672677.892881464,1,21,0.25
I3,I,22,,0.0009535987692633,0.0009535987692633,33057016.52625405,1,21,0.25
P1,P,23,-0.0005379010479149,-0.0014431564790527,-0.0019810575269676,20000000.0,1,21,0.25
P2,P,23,-0.0003575018318329,-0.0023694012659198,-0.0027269030977528,20000000.0,1,21,0.25
I1,I,23,,0.0025429300513688,0.0025429300513688,36669120.62153167,1,21,0.25
I2,I,23,,0.0012714650256844,0.0012714650256844,31776360.74276192,1,21,0.25
I3,I,23,,0.0009535987692633,0.0009535987692633,33042441.05665872,1,21,0.25
P1,P,24,-0.000511685884134,-0.0015060268604643,-0.0020177127445984,20000000.0,1,21,0.25
P2,P,24,-0.0003409377584368,-0.0024194694032344,-0.0027604071616712,20000000.0,1,21,0.25
I1,I,24,,0.0025429300513688,0.0025429300513688,36524404.83688529,1,21,0.25
I2,I,24,,0.0012714650256844,0.0012714650256844,31643574.523018017,1,21,0.25
I3,I,24,,0.0009535987692633,0.0009535987692633,32862861.734546404,1,21,0.25
P1,P,25,-0.0004830103981621,-0.0015488172203454,-0.0020318276185076,20000000.0,1,21,0.25
P2,P,25,-0.0003229728401982,-0.0024415153552464,-0.0027644881954446,20000000.0,1,21,0.25
I1,I,25,,0.0025429300513688,0.0025429300513688,36312700.559913866,1,21,0.25
I2,I,25,,0.0012714650256844,0.0012714650256844,31448111.80340875,1,21,0.25
I3,I,25,,0.0009535987692633,0.0009535987692633,32638561.394912552,1,21,0.25
P1,P,26,-0.0004558155060377,-0.0015830921513579,-0.0020389076573956,20000000.0,1,21,0.25
P2,P,26,-0.0003059131606282,-0.0024532080766567,-0.0027591212372849,20000000.0,1,21,0.25
I1,I,26,,0.0025429300513688,0.0025429300513688,36092081.546471104,1,21,0.25
I2,I,26,,0.0012714650256844,0.0012714650256844,31244383.368561927,1,21,0.25
I3,I,26,,0.0009535987692633,0.0009535987692633,32414359.62849281,1,21,0.25
P1,P,27,-0.0004309809829995,-0.001612823301087,-0.0020438042840865,20000000.0,1,21,0.25
P2,P,27,-0.0002902740633113,-0.0024609043093947,-0.0027511783727061,20000000.0,1,21,0.25
I1,I,27,,0.0025429300513688,0.0025429300513688,35880275.15781204,1,21,0.25
I2,I,27,,0.0012714650256844,0.0012714650256844,31048991.30195257,1,21,0.25
I3,I,27,,0.0009535987692633,0.0009535987692633,32203194.223743744,1,21,0.25
P1,P,28,-0.000408486506224,-0.0016396318142636,-0.0020481183204877,20000000.0,1,21,0.25
P2,P,28,-0.0002760164032265,-0.0024668712399999,-0.0027428876432264,20000000.0,1,21,0.25
I1,I,28,,0.0025429300513688,0.0025429300513688,35681496.8432527,1,21,0.25
I2,I,28,,0.0012714650256844,0.0012714650256844,30865847.690500915,1,21,0.25
I3,I,28,,0.0009535987692633,0.0009535987692633,32007230.140249103,1,21,0.25
P1,P,29,-0.0003881001535778,-0.0016639955711295,-0.0020520957247074,20000000.0,1,21,0.25
P2,P,29,-0.0002629900556938,-0.0024719977882404,-0.0027349878439342,20000000.0,1,21,0.25
I1,I,29,,0.0025429300513688,0.0025429300513688,35496261.79301936,1,21,0.25
I2,I,29,,0.0012714650256844,0.0012714650256844,30695386.81630394,1,21,0.25
I3,I,29,,0.0009535987692633,0.0009535987692633,31825977.26023857,1,21,0.25
P1,P,0,-0.0016263201703604,0.0,-0.0016263201703604,20000000.0,1,17,0.25
P2,P,0,-0.0017856153731246,0.0,-0.0017856153731246,20000000.0,1,17,0.25
I1,I,0,,0.0025433168705508,0.0025433168705508,40290311.259613134,1,17,0.25
I2,I,0,,0.0012716584352754,0.0012716584352754,36084037.3183359,1,17,0.25
I3,I,0,,,,,0,17,0.25
P1,P,1,-0.0015063768733846,0.0,-0.0015063768733846,20000000.0,1,17,0.25
P2,P,1,-0.001646951528464,0.0,-0.001646951528464,20000000.0,1,17,0.25
I1,I,1,,0.0025433168705508,0.0025433168705508,40379259.46968578,1,17,0.25
I2,I,1,,0.0012716584352754,0.0012716584352754,36265447.97118009,1,17,0.25
I3,I,1,,,,,0,17,0.25
P1,P,2,-0.0015012010708362,0.0,-0.0015012010708362,20000000.0,1,17,0.25
P2,P,2,-0.0016325649171234,0.0,-0.0016325649171234,20000000.0,1,17,0.25
I1,I,2,,0.0025433168705508,0.0025433168705508,40751653.98274751,1,17,0.25
I2,I,2,,0.0012716584352754,0.0012716584352754,36565478.8719343,1,17,0.25
I3,I,2,,,,,0,17,0.25
P1,P,3,-0.0015253115659862,0.0,-0.0015253115659862,20000000.0,1,17,0.25
P2,P,3,-0.0016523649707127,0.0,-0.0016523649707127,20000000.0,1,17,0.25
I1,I,3,,0.0025433168705508,0.0025433168705508,41031506.228802025,1,17,0.25
I2,I,3,,0.0012716584352754,0.0012716584352754,36790640.234119445,1,17,0.25
I3,I,3,,,,,0,17,0.25
P1,P,4,-0.0015578160507018,0.0,-0.0015578160507018,20000000.0,1,17,0.25
P2,P,4,-0.0016839879660677,0.0,-0.0016839879660677,20000000.0,1,17,0.25
I1,I,4,,0.0025433168705508,0.0025433168705508,41239946.88944623,1,17,0.25
I2,I,4,,0.0012716584352754,0.0012716584352754,36964508.20437835,1,17,0.25
I3,I,4,,,,,0,17,0.25
P1,P,5,-0.0016890292563425,0.0,-0.0016890292563425,20000000.0,1,17,0.25
P2,P,5,-0.0016899399445621,-6.349081052079007e-05,-0.0017534307550829,20000000.0,1,17,0.25
I1,I,5,,0.0025433168705508,0.0025433168705508,41913409.0599128,1,17,0.25
I2,I,5,,0.0012716584352754,0.0012716584352754,37578193.6809109,1,17,0.25
I3,I,5,,,,,0,17,0.25
P1,P,6,-0.0017737022756649,0.0,-0.0017737022756649,20000000.0,1,17,0.25
P2,P,6,-0.0014990865958662,-0.0003886470273111,-0.0018877336231774,20000000.0,1,17,0.25
I1,I,6,,0.0025433168705508,0.0025433168705508,42075623.85026483,1,17,0.25
I2,I,6,,0.0012716584352754,0.0012716584352754,37691143.09664036,1,17,0.25
I3,I,6,,,,,0,17,0.25
P1,P,7,-0.0017866542596713,-1.8160262649053025e-06,-0.0017884702859362,20000000.0,1,17,0.25
P2,P,7,-0.0013091768351467,-0.0007612215377898,-0.0020703983729366,20000000.0,1,17,0.25
I1,I,7,,0.0025433168705508,0.0025433168705508,41840836.31891277,1,17,0.25
I2,I,7,,0.0012716584352754,0.0012716584352754,37420644.19725833,1,17,0.25
I3,I,7,,,,,0,17,0.25
P1,P,8,-0.0016672610729933,-9.780870279123574e-05,-0.0017650697757846,20000000.0,1,17,0.25
P2,P,8,-0.0011542147123765,-0.0010516380640274,-0.002205852776404,20000000.0,1,17,0.25
I1,I,8,,0.0025433168705508,0.0025433168705508,41350442.62105258,1,17,0.25
I2,I,8,,0.0012716584352754,0.0012716584352754,36923269.02856106,1,17,0.25
I3,I,8,,,,,0,17,0.25
P1,P,9,-0.0015040611582004,-0.0003032157322934,-0.0018072768904939,20000000.0,1,17,0.25
P2,P,9,-0.0010151990857212,-0.0012593655192818,-0.0022745646050031,20000000.0,1,17,0.25
I1,I,9,,0.0025433168705508,0.0025433168705508,40626920.99461407,1,17,0.25
I2,I,9,,0.0012716584352754,0.0012716584352754,36221808.17255968,1,17,0.25
I3,I,9,,,,,0,17,0.25
P1,P,10,-0.001346767771907,-0.0004866493610796,-0.0018334171329866,20000000.0,1,17,0.25
P2,P,10,-0.0008896801505681,-0.0014013864260304,-0.0022910665765986,20000000.0,1,17,0.25
I1,I,10,,0.0025433168705508,0.0025433168705508,39790900.989634,1,17,0.25
I2,I,10,,0.0012716584352754,0.0012716584352754,35419881.16816694,1,17,0.25
I3,I,10,,,,,0,17,0.25
P1,P,11,-0.0012044736428122,-0.0006274757146051,-0.0018319493574174,20000000.0,1,17,0.25
P2,P,11,-0.0007812668633046,-0.0014972139079977,-0.0022784807713023,20000000.0,1,17,0.25
I1,I,11,,0.0025433168705508,0.0025433168705508,38958356.419346325,1,17,0.25
I2,I,11,,0.0012716584352754,0.0012716584352754,34623670.67482111,1,17,0.25
I3,I,11,,,,,0,17,0.25
P1,P,12,-0.0010779234883904,-0.0007311824987064,-0.0018091059870969,20000000.0,1,17,0.25
P2,P,12,-0.0006914348984961,-0.0015649969287234,-0.0022564318272195,20000000.0,1,17,0.25
I1,I,12,,0.0025433168705508,0.0025433168705508,38204097.3227291,1,17,0.25
I2,I,12,,0.0012716584352754,0.0012716584352754,33903213.48451801,1,17,0.25
I3,I,12,,,,,0,17,0.25
P1,P,13,-0.0009704085407907,-0.000808993750029,-0.0017794022908198,20000000.0,1,17,0.25
P2,P,13,-0.000618567420469,-0.0016168203105007,-0.0022353877309697,20000000.0,1,17,0.25
I1,I,13,,0.0025433168705508,0.0025433168705508,37552748.1868624,1,17,0.25
I2,I,13,,0.0012716584352754,0.0012716584352754,33282075.021375798,1,17,0.25
I3,I,13,,,,,0,17,0.25
P1,P,14,-0.0008845380937284,-0.0008717187264332,-0.0017562568201616,20000000.0,1,17,0.25
P2,P,14,-0.0005591566890177,-0.0016581417243303,-0.0022172984133481,20000000.0,1,17,0.25
I1,I,14,,0.0025433168705508,0.0025433168705508,36991466.35112506,1,17,0.25
I2,I,14,,0.0012716584352754,0.0012716584352754,32748567.150054622,1,17,0.25
I3,I,14,,,,,0,17,0.25
P1,P,15,-0.0008149404931048,-0.0009245319028254,-0.0017394723959302,20000000.0,1,17,0.25
P2,P,15,-0.0005099505506589,-0.0016919723222947,-0.0022019228729536,20000000.0,1,17,0.25
I1,I,15,,0.0025433168705508,0.0025433168705508,36503247.17081546,1,17,0.25
I2,I,15,,0.0012716584352754,0.0012716584352754,32286304.212221663,1,17,0.25
I3,I,15,,,,,0,17,0.25
P1,P,16,-0.0007557209553186,-0.0009709452800525,-0.0017266662353711,20000000.0,1,17,0.25
P2,P,16,-0.0004686357061588,-0.0017204192813867,-0.0021890549875456,20000000.0,1,17,0.25
I1,I,16,,0.0025433168705508,0.0025433168705508,36075360.738323726,1,17,0.25
I2,I,16,,0.0012716584352754,0.0012716584352754,31882740.38079864,1,17,0.25
I3,I,16,,,,,0,17,0.25
P1,P,17,-0.0007035915800348,-0.0010140131682422,-0.0017176047482771,20000000.0,1,17,0.25
P2,P,17,-0.0004334786632877,-0.0017445618318276,-0.0021780404951153,20000000.0,1,17,0.25
I1,I,17,,0.0025433168705508,0.0025433168705508,35696550.44605449,1,17,0.25
I2,I,17,,0.0012716584352754,0.0012716584352754,31526908.107218955,1,17,0.25
I3,I,17,,,,,0,17,0.25
P1,P,18,-0.0007353920223083,-0.0012300764790613,-0.0019654685013696,20000000.0,1,17,0.25
P2,P,18,-0.0004482825824617,-0.0020631014200523,-0.002511384002514,20000000.0,1,17,0.25
I1,I,18,,0.0025433168705508,0.0025433168705508,36901865.588641874,1,17,0.25
I2,I,18,,0.0012716584352754,0.0012716584352754,32662303.822997663,1,17,0.25
I3,I,18,,0.0009537438264565,0.0009537438264565,33256775.20630004,1,17,0.25
P1,P,19,-0.0007159240008248,-0.0013586131399049,-0.0020745371407297,20000000.0,1,17,0.25
P2,P,19,-0.0004344487643411,-0.0022023810298261,-0.0026368297941673,20000000.0,1,17,0.25
I1,I,19,,0.0025433168705508,0.0025433168705508,36976922.43010958,1,17,0.25
I2,I,19,,0.0012716584352754,0.0012716584352754,32730716.10974672,1,17,0.25
I3,I,19,,0.0009537438264565,0.0009537438264565,33225090.268599737,1,17,0.25
P1,P,20,-0.0006760884544174,-0.0014377401132532,-0.0021138285676707,20000000.0,1,17,0.25
P2,P,20,-0.0004110002004064,-0.0022658975193197,-0.0026768977197261,20000000.0,1,17,0.25
I1,I,20,,0.0025433168705508,0.0025433168705508,36784872.93846112,1,17,0.25
I2,I,20,,0.0012716584352754,0.0012716584352754,32552119.73051854,1,17,0.25
I3,I,20,,0.0009537438264565,0.0009537438264565,33005061.66553938,1,17,0.25
P1,P,21,-0.0006322581743713,-0.0014959282895213,-0.0021281864638926,20000000.0,1,17,0.25
P2,P,21,-0.0003861186440622,-0.0022983699002469,-0.0026844885443092,20000000.0,1,17,0.25
I1,I,21,,0.0025433168705508,0.0025433168705508,36517335.191288345,1,17,0.25
I2,I,21,,0.0012716584352754,0.0012716584352754,32302933.33266011,1,17,0.25
I3,I,21,,0.0009537438264565,0.0009537438264565,32728975.451287024,1,17,0.25
P1,P,22,-0.0005902838339246,-0.0015448216094758,-0.0021351054434004,20000000.0,1,17,0.25
P2,P,22,-0.0003625613673835,-0.00231728190783,-0.0026798432752136,20000000.0,1,17,0.25
I1,I,22,,0.0025433168705508,0.0025433168705508,36237684.85292116,1,17,0.25
I2,I,22,,0.0012716584352754,0.0012716584352754,32042762.850974243,1,17,0.25
I3,I,22,,0.0009537438264565,0.0009537438264565,32448869.39312344,1,17,0.25
P1,P,23,-0.0005519855850757,-0.0015883689903779,-0.0021403545754537,20000000.0,1,17,0.25
P2,P,23,-0.0003410734210775,-0.0023295201145656,-0.0026705935356431,20000000.0,1,17,0.25
I1,I,23,,0.0025433168705508,0.0025433168705508,35967512.48700771,1,17,0.25
I2,I,23,,0.0012716584352754,0.0012716584352754,31791902.71783821,1,17,0.25
I3,I,23,,0.0009537438264565,0.0009537438264565,32182077.10302375,1,17,0.25
P1,P,24,-0.0005175934974134,-0.001627682191037,-0.0021452756884504,20000000.0,1,17,0.25
P2,P,24,-0.0003217098134515,-0.0023381799891751,-0.0026598898026266,20000000.0,1,17,0.25
I1,I,24,,0.0025433168705508,0.0025433168705508,35714082.047611825,1,17,0.25
I2,I,24,,0.0012716584352754,0.0012716584352754,31557061.19904852,1,17,0.25
I3,I,24,,0.0009537438264565,0.0009537438264565,31933945.02575128,1,17,0.25
P1,P,25,-0.0004869156313041,-0.0016635553390711,-0.0021504709703753,20000000.0,1,17,0.25
P2,P,25,-0.0003042612346046,-0.0023447098170462,-0.0026489710516508,20000000.0,1,17,0.25
I1,I,25,,0.0025433168705508,0.0025433168705508,35478478.04953983,1,17,0.25
I2,I,25,,0.0012716584352754,0.0012716584352754,31339155.313415185,1,17,0.25
I3,I,25,,0.0009537438264565,0.0009537438264565,31704616.03190686,1,17,0.25
P1,P,26,-0.0004595245820253,-0.0016962766022668,-0.0021558011842922,20000000.0,1,17,0.25
P2,P,26,-0.0002884670055985,-0.0023499604576501,-0.0026384274632487,20000000.0,1,17,0.25
I1,I,26,,0.0025433168705508,0.0025433168705508,35259962.33187334,1,17,0.25
I2,I,26,,0.0012716584352754,0.0012716584352754,31137387.014025062,1,17,0.25
I3,I,26,,0.0009537438264565,0.0009537438264565,31492839.935978457,1,17,0.25
P1,P,27,-0.0004349507900375,-0.0017260325572013,-0.0021609833472389,20000000.0,1,17,0.25
P2,P,27,-0.0002740917376388,-0.0023544950912828,-0.0026285868289217,20000000.0,1,17,0.25
I1,I,27,,0.0025433168705508,0.0025433168705508,35057420.66232147,1,17,0.25
I2,I,27,,0.0012716584352754,0.0012716584352754,30950627.85292834,1,17,0.25
I3,I,27,,0.0009537438264565,0.0009537438264565,31297206.35448422,1,17,0.25
P1,P,28,-0.0004127618886613,-0.0017532283083657,-0.002165990197027,20000000.0,1,17,0.25
P2,P,28,-0.0002609386732837,-0.0023585690839737,-0.0026195077572575,20000000.0,1,17,0.25
I1,I,28,,0.0025433168705508,0.0025433168705508,34869463.81644271,1,17,0.25
I2,I,28,,0.0012716584352754,0.0012716584352754,30777539.13004049,1,17,0.25
I3,I,28,,0.0009537438264565,0.0009537438264565,31116162.950482484,1,17,0.25
P1,P,29,-0.000392586621504,-0.0017782152667426,-0.0021708018882467,20000000.0,1,17,0.25
P2,P,29,-0.0002488471669474,-0.0023623319597166,-0.002611179126664,20000000.0,1,17,0.25
I1,I,29,,0.0025433168705508,0.0025433168705508,34694661.7042481,1,17,0.25
I2,I,29,,0.0012716584352754,0.0012716584352754,30616749.72878111,1,17,0.25
I3,I,29,,0.0009537438264565,0.0009537438264565,30948182.446473237,1,17,0.25
P1,P,0,-0.0016999457603185,0.0,-0.0016999457603185,20000000.0,1,16,0.25
P2,P,0,-0.0016102866520327,0.0,-0.0016102866520327,20000000.0,1,16,0.25
I1,I,0,,0.0025353378286494,0.0025353378286494,41139748.67021596,1,16,0.25
I2,I,0,,0.0012676689143247,0.0012676689143247,35821052.17495329,1,16,0.25
I3,I,0,,,,,0,16,0.25
P1,P,1,-0.0015683893291876,0.0,-0.0015683893291876,20000000.0,1,16,0.25
P2,P,1,-0.0015018491663431,0.0,-0.0015018491663431,20000000.0,1,16,0.25
I1,I,1,,0.0025353378286494,0.0025353378286494,41106949.67200049,1,16,0.25
I2,I,1,,0.0012676689143247,0.0012676689143247,36061594.32824477,1,16,0.25
I3,I,1,,,,,0,16,0.25
P1,P,2,-0.0015643929330506,0.0,-0.0015643929330506,20000000.0,1,16,0.25
P2,P,2,-0.0014986968820478,0.0,-0.0014986968820478,20000000.0,1,16,0.25
I1,I,2,,0.0025353378286494,0.0025353378286494,41463042.461611226,1,16,0.25
I2,I,2,,0.0012676689143247,0.0012676689143247,36394142.99194646,1,16,0.25
I3,I,2,,,,,0,16,0.25
P1,P,3,-0.0015924052623065,0.0,-0.0015924052623065,20000000.0,1,16,0.25
P2,P,3,-0.0015227392167811,0.0,-0.0015227392167811,20000000.0,1,16,0.25
I1,I,3,,0.0025353378286494,0.0025353378286494,41747579.82197888,1,16,0.25
I2,I,3,,0.0012676689143247,0.0012676689143247,36646418.25711372,1,16,0.25
I3,I,3,,,,,0,16,0.25
P1,P,4,-0.0016292406185013,0.0,-0.0016292406185013,20000000.0,1,16,0.25
P2,P,4,-0.001555560124794,0.0,-0.001555560124794,20000000.0,1,16,0.25
I1,I,4,,0.0025353378286494,0.0025353378286494,41968044.60727544,1,16,0.25
I2,I,4,,0.0012676689143247,0.0012676689143247,36845149.18818147,1,16,0.25
I3,I,4,,,,,0,16,0.25
P1,P,5,-0.0017746549006113,0.0,-0.0017746549006113,20000000.0,1,16,0.25
P2,P,5,-0.0015811712314695,-5.400528699444097e-05,-0.001635176518464,20000000.0,1,16,0.25
I1,I,5,,0.0025353378286494,0.0025353378286494,42700291.62680087,1,16,0.25
I2,I,5,,0.0012676689143247,0.0012676689143247,37535442.49651052,1,16,0.25
I3,I,5,,,,,0,16,0.25
P1,P,6,-0.0018709330931205,0.0,-0.0018709330931205,20000000.0,1,16,0.25
P2,P,6,-0.0014118919757818,-0.0003467777397788,-0.0017586697155606,20000000.0,1,16,0.25
I1,I,6,,0.0025353378286494,0.0025353378286494,42916865.54869589,1,16,0.25
I2,I,6,,0.0012676689143247,0.0012676689143247,37716464.57866536,1,16,0.25
I3,I,6,,,,,0,16,0.25
P1,P,7,-0.0018659966330932,-2.137543644694579e-05,-0.0018873720695401,20000000.0,1,16,0.25
P2,P,7,-0.0012384043563528,-0.0006945780955114,-0.0019329824518643,20000000.0,1,16,0.25
I1,I,7,,0.0025353378286494,0.0025353378286494,42738314.58638587,1,16,0.25
I2,I,7,,0.0012676689143247,0.0012676689143247,37511184.074060224,1,16,0.25
I3,I,7,,,,,0,16,0.25
P1,P,8,-0.0017445509983984,-0.0001824124977684,-0.0019269634961669,20000000.0,1,16,0.25
P2,P,8,-0.001094488844443,-0.0009581561887746,-0.0020526450332176,20000000.0,1,16,0.25
I1,I,8,,0.0025353378286494,0.0025353378286494,42230264.87997054,1,16,0.25
I2,I,8,,0.0012676689143247,0.0012676689143247,37007003.44439677,1,16,0.25
I3,I,8,,,,,0,16,0.25
P1,P,9,-0.0015888671314231,-0.0003839813463589,-0.001972848477782,20000000.0,1,16,0.25
P2,P,9,-0.0009641243596053,-0.0011441234694916,-0.0021082478290969,20000000.0,1,16,0.25
I1,I,9,,0.0025353378286494,0.0025353378286494,41497978.14199787,1,16,0.25
I2,I,9,,0.0012676689143247,0.0012676689143247,36299251.36320956,1,16,0.25
I3,I,9,,,,,0,16,0.25
P1,P,10,-0.0014172148786012,-0.0005536350767207,-0.001970849955322,20000000.0,1,16,0.25
P2,P,10,-0.0008462737255594,-0.0012800696187829,-0.0021263433443423,20000000.0,1,16,0.25
I1,I,10,,0.0025353378286494,0.0025353378286494,40698464.945581146,1,16,0.25
I2,I,10,,0.0012676689143247,0.0012676689143247,35528456.23715368,1,16,0.25
I3,I,10,,,,,0,16,0.25
P1,P,11,-0.0012527382960787,-0.0006999240656929,-0.0019526623617717,20000000.0,1,16,0.25
P2,P,11,-0.0007447330311239,-0.0013808919634053,-0.0021256249945292,20000000.0,1,16,0.25
I1,I,11,,0.0025353378286494,0.0025353378286494,39914672.3744367,1,16,0.25
I2,I,11,,0.0012676689143247,0.0012676689143247,34773216.37266067,1,16,0.25
I3,I,11,,,,,0,16,0.25
P1,P,12,-0.0011110498579044,-0.0008104307696385,-0.001921480627543,20000000.0,1,16,0.25
P2,P,12,-0.0006604901114801,-0.0014570593544408,-0.002117549465921,20000000.0,1,16,0.25
I1,I,12,,0.0025353378286494,0.0025353378286494,39199699.66700952,1,16,0.25
I2,I,12,,0.0012676689143247,0.0012676689143247,34084402.26952628,1,16,0.25
I3,I,12,,,,,0,16,0.25
P1,P,13,-0.0009992399961947,-0.0008944827924258,-0.0018937227886205,20000000.0,1,16,0.25
P2,P,13,-0.0005911999570204,-0.0015154958705309,-0.0021066958275513,20000000.0,1,16,0.25
I1,I,13,,0.0025353378286494,0.0025353378286494,38561230.71646506,1,16,0.25
I2,I,13,,0.0012676689143247,0.0012676689143247,33470703.827567022,1,16,0.25
I3,I,13,,,,,0,16,0.25
P1,P,14,-0.000909539114183,-0.0009618224049136,-0.0018713615190967,20000000.0,1,16,0.25
P2,P,14,-0.0005339237549161,-0.0015609483073645,-0.0020948720622806,20000000.0,1,16,0.25
I1,I,14,,0.0025353378286494,0.0025353378286494,37994217.32190431,1,16,0.25
I2,I,14,,0.0012676689143247,0.0012676689143247,32927588.626340084,1,16,0.25
I3,I,14,,,,,0,16,0.25
P1,P,15,-0.0008344537965679,-0.0010198494647376,-0.0018543032613055,20000000.0,1,16,0.25
P2,P,15,-0.0004861296668372,-0.001596860524114,-0.0020829901909512,20000000.0,1,16,0.25
I1,I,15,,0.0025353378286494,0.0025353378286494,37490383.5779729,1,16,0.25
I2,I,15,,0.0012676689143247,0.0012676689143247,32446900.568116173,1,16,0.25
I3,I,15,,,,,0,16,0.25
P1,P,16,-0.0007693146136399,-0.0010729384040164,-0.0018422530176564,20000000.0,1,16,0.25
P2,P,16,-0.0004457695251985,-0.0016256745797792,-0.0020714441049777,20000000.0,1,16,0.25
I1,I,16,,0.0025353378286494,0.0025353378286494,37040279.3997895,1,16,0.25
I2,I,16,,0.0012676689143247,0.0012676689143247,32019206.465989683,1,16,0.25
I3,I,16,,,,,0,16,0.25
P1,P,17,-0.0007924160322576,-0.0013068474343177,-0.0020992634665753,20000000.0,1,16,0.25
P2,P,17,-0.0004537848938354,-0.0019212055855911,-0.0023749904794265,20000000.0,1,16,0.25
I1,I,17,,0.0025353378286494,0.0025353378286494,38220406.03393047,1,16,0.25
I2,I,17,,0.0012676689143247,0.0012676689143247,33118662.15756516,1,16,0.25
I3,I,17,,0.0009507516857435,0.0009507516857435,34089085.23509082,1,16,0.25
P1,P,18,-0.0007645962614865,-0.0014527953529189,-0.0022173916144055,20000000.0,1,16,0.25
P2,P,18,-0.0004361954114124,-0.0020574845088976,-0.00249367992031,20000000.0,1,16,0.25
I1,I,18,,0.0025353378286494,0.0025353378286494,38260764.1968433,1,16,0.25
I2,I,18,,0.0012676689143247,0.0012676689143247,33155515.25200788,1,16,0.25
I3,I,18,,0.0009507516857435,0.0009507516857435,34007712.7948506,1,16,0.25
P1,P,19,-0.0007173326044535,-0.0015453755991467,-0.0022627082036002,20000000.0,1,16,0.25
P2,P,19,-0.0004100431475599,-0.0021212047180949,-0.0025312478656548,20000000.0,1,16,0.25
I1,I,19,,0.0025353378286494,0.0025353378286494,38024568.66754785,1,16,0.25
I2,I,19,,0.0012676689143247,0.0012676689143247,32934195.73652266,1,16,0.25
I3,I,19,,0.0009507516857435,0.0009507516857435,33739169.46686838,1,16,0.25
P1,P,20,-0.0006674713949201,-0.0016126643936711,-0.0022801357885912,20000000.0,1,16,0.25
P2,P,20,-0.0003829774499533,-0.002153621102583,-0.0025365985525364,20000000.0,1,16,0.25
I1,I,20,,0.0025353378286494,0.0025353378286494,37708938.758535735,1,16,0.25
I2,I,20,,0.0012676689143247,0.0012676689143247,32637602.746444218,1,16,0.25
I3,I,20,,0.0009507516857435,0.0009507516857435,33413124.77799228,1,16,0.25
P1,P,21,-0.0006209539382545,-0.0016671281546778,-0.0022880820929324,20000000.0,1,16,0.25
P2,P,21,-0.0003576237218757,-0.0021721288951975,-0.0025297526170733,20000000.0,1,16,0.25
I1,I,21,,0.0025353378286494,0.0025353378286494,37382579.7626211,1,16,0.25
I2,I,21,,0.0012676689143247,0.0012676689143247,32331017.3073851,1,16,0.25
I3,I,21,,0.0009507516857435,0.0009507516857435,33085229.97319892,1,16,0.25
P1,P,22,-0.0005793349170837,-0.0017137229378492,-0.002293057854933,20000000.0,1,16,0.25
P2,P,22,-0.0003346953825788,-0.0021839899094961,-0.0025186852920749,20000000.0,1,16,0.25
I1,I,22,,0.0025353378286494,0.0025353378286494,37070076.675701976,1,16,0.25
I2,I,22,,0.0012676689143247,0.0012676689143247,32037825.496647645,1,16,0.25
I3,I,22,,0.0009507516857435,0.0009507516857435,32775312.5277782,1,16,0.25
P1,P,23,-0.0005425138149633,-0.0017546439328097,-0.0022971577477731,20000000.0,1,16,0.25
P2,P,23,-0.0003142427338491,-0.0021923359555929,-0.002506578689442,20000000.0,1,16,0.25
I1,I,23,,0.0025353378286494,0.0025353378286494,36779528.26466957,1,16,0.25
I2,I,23,,0.0012676689143247,0.0012676689143247,31765676.760068625,1,16,0.25
I3,I,23,,0.0009507516857435,0.0009507516857435,32489394.08082774,1,16,0.25
P1,P,24,-0.0005098804735676,-0.001791259337679,-0.0023011398112467,20000000.0,1,16,0.25
P2,P,24,-0.0002960521989422,-0.0021986424020705,-0.0024946946010127,20000000.0,1,16,0.25
I1,I,24,,0.0025353378286494,0.0025353378286494,36512324.73377923,1,16,0.25
I2,I,24,,0.0012676689143247,0.0012676689143247,31515838.346375912,1,16,0.25
I3,I,24,,0.0009507516857435,0.0009507516857435,32227859.68112057,1,16,0.25
P1,P,25,-0.0004807969633915,-0.0018244545562567,-0.0023052515196483,20000000.0,1,16,0.25
P2,P,25,-0.0002798237172123,-0.0022036777952763,-0.0024835015124886,20000000.0,1,16,0.25
I1,I,25,,0.0025353378286494,0.0025353378286494,36267148.34295982,1,16,0.25
I2,I,25,,0.0012676689143247,0.0012676689143247,31287012.806659024,1,16,0.25
I3,I,25,,0.0009507516857435,0.0009507516857435,31988867.94931829,1,16,0.25
P1,P,26,-0.0004547028393266,-0.0018547050318627,-0.0023094078711894,20000000.0,1,16,0.25
P2,P,26,-0.0002652399517789,-0.0022079844145102,-0.0024732243662891,20000000.0,1,16,0.25
I1,I,26,,0.0025353378286494,0.0025353378286494,36041875.54359802,1,16,0.25
I2,I,26,,0.0012676689143247,0.0012676689143247,31077110.08421977,1,16,0.25
I3,I,26,,0.0009507516857435,0.0009507516857435,31769994.117480807,1,16,0.25
P1,P,27,-0.0004311500639732,-0.0018822679578028,-0.0023134180217761,20000000.0,1,16,0.25
P2,P,27,-0.0002520352256807,-0.0022118870530073,-0.0024639222786881,20000000.0,1,16,0.25
I1,I,27,,0.0025353378286494,0.0025353378286494,35834571.734005235,1,16,0.25
I2,I,27,,0.0012676689143247,0.0012676689143247,30884239.51921344,1,16,0.25
I3,I,27,,0.0009507516857435,0.0009507516857435,31569124.351301063,1,16,0.25
P1,P,28,-0.0004097607182788,-0.0019075503593961,-0.0023173110776749,20000000.0,1,16,0.25
P2,P,28,-0.0002400005866969,-0.0022155576080322,-0.0024555581947291,20000000.0,1,16,0.25
I1,I,28,,0.0025353378286494,0.0025353378286494,35643090.17630564,1,16,0.25
I2,I,28,,0.0012676689143247,0.0012676689143247,30706325.875322856,1,16,0.25
I3,I,28,,0.0009507516857435,0.0009507516857435,31384010.88921447,1,16,0.25
P1,P,29,-0.0003902187930347,-0.0019308268609031,-0.0023210456539379,20000000.0,1,16,0.25
P2,P,29,-0.0002289734297022,-0.0022190408643428,-0.0024480142940451,20000000.0,1,16,0.25
I1,I,29,,0.0025353378286494,0.0025353378286494,35465652.814564526,1,16,0.25
I2,I,29,,0.0012676689143247,0.0012676689143247,30541664.689233232,1,16,0.25
I3,I,29,,0.0009507516857435,0.0009507516857435,31212817.555290326,1,16,0.25
P1,P,0,-0.0017769163718873,0.0,-0.0017769163718873,20000000.0,1,2,0.25
P2,P,0,-0.0017085958538969,0.0,-0.0017085958538969,20000000.0,1,2,0.25
I1,I,0,,0.0025400411830852,0.0025400411830852,42280768.507977456,1,2,0.25
I2,I,0,,0.0012700205915426,0.0012700205915426,36261601.76525778,1,2,0.25
I3,I,0,,,,,0,2,0.25
P1,P,1,-0.0016359139034327,0.0,-0.0016359139034327,20000000.0,1,2,0.25
P2,P,1,-0.0015881416555729,0.0,-0.0015881416555729,20000000.0,1,2,0.25
I1,I,1,,0.0025400411830852,0.0025400411830852,42068995.51430274,1,2,0.25
I2,I,1,,0.0012700205915426,0.0012700205915426,36374408.22246676,1,2,0.25
I3,I,1,,,,,0,2,0.25
P1,P,2,-0.0016243207934019,0.0,-0.0016243207934019,20000000.0,1,2,0.25
P2,P,2,-0.0015778198540356,0.0,-0.0015778198540356,20000000.0,1,2,0.25
I1,I,2,,0.0025400411830852,0.0025400411830852,42353694.12650735,1,2,0.25
I2,I,2,,0.0012700205915426,0.0012700205915426,36638416.70990334,1,2,0.25
I3,I,2,,,,,0,2,0.25
P1,P,3,-0.001667905866003,0.0,-0.001667905866003,20000000.0,1,2,0.25
P2,P,3,-0.0016251577855367,0.0,-0.0016251577855367,20000000.0,1,2,0.25
I1,I,3,,0.0025400411830852,0.0025400411830852,43346841.22145707,1,2,0.25
I2,I,3,,0.0012700205915426,0.0012700205915426,37605590.23632522,1,2,0.25
I3,I,3,,0.0009525154436569,0.0009525154436569,37834586.63612885,1,2,0.25
P1,P,4,-0.0017365466681968,0.0,-0.0017365466681968,20000000.0,1,2,0.25
P2,P,4,-0.0016947114456476,0.0,-0.0016947114456476,20000000.0,1,2,0.25
I1,I,4,,0.0025400411830852,0.0025400411830852,43977696.38639766,1,2,0.25
I2,I,4,,0.0012700205915426,0.0012700205915426,38178384.11215826,1,2,0.25
I3,I,4,,0.0009525154436569,0.0009525154436569,38140699.34949088,1,2,0.25
P1,P,5,-0.0020394114610943,0.0,-0.0020394114610943,20000000.0,1,2,0.25
P2,P,5,-0.0017781656078485,-0.0001059887425447,-0.0018841543503932,20000000.0,1,2,0.25
I1,I,5,,0.0025400411830852,0.0025400411830852,45683850.50716381,1,2,0.25
I2,I,5,,0.0012700205915426,0.0012700205915426,39789439.35581069,1,2,0.25
I3,I,5,,0.0009525154436569,0.0009525154436569,39668362.55193813,1,2,0.25
P1,P,6,-0.0022229687211592,-3.209072055382829e-06,-0.0022261777932146,20000000.0,1,2,0.25
P2,P,6,-0.0015838023588484,-0.0005818320191556,-0.0021656343780041,20000000.0,1,2,0.25
I1,I,6,,0.0025400411830852,0.0025400411830852,46339308.75997695,1,2,0.25
I2,I,6,,0.0012700205915426,0.0012700205915426,40370509.26122268,1,2,0.25
I3,I,6,,0.0009525154436569,0.0009525154436569,40274328.32971425,1,2,0.25
P1,P,7,-0.0021928435056935,-0.0001309543221723,-0.0023237978278659,20000000.0,1,2,0.25
P2,P,7,-0.001380010134243,-0.0010690019642523,-0.0024490120984954,20000000.0,1,2,0.25
I1,I,7,,0.0025400411830852,0.0025400411830852,46229801.377946354,1,2,0.25
I2,I,7,,0.0012700205915426,0.0012700205915426,40219731.30198513,1,2,0.25
I3,I,7,,0.0009525154436569,0.0009525154436569,40151526.70463279,1,2,0.25
P1,P,8,-0.002000799446103,-0.0003901215126971,-0.0023909209588001,20000000.0,1,2,0.25
P2,P,8,-0.0012001044971125,-0.0014212371438661,-0.0026213416409786,20000000.0,1,2,0.25
I1,I,8,,0.0025400411830852,0.0025400411830852,45615847.03736118,1,2,0.25
I2,I,8,,0.0012700205915426,0.0012700205915426,39604662.81478135,1,2,0.25
I3,I,8,,0.0009525154436569,0.0009525154436569,39545965.34255959,1,2,0.25
P1,P,9,-0.0017368217990888,-0.0006682668101821,-0.002405088609271,20000000.0,1,2,0.25
P2,P,9,-0.0010403204900297,-0.0016666837164762,-0.0027070042065059,20000000.0,1,2,0.25
I1,I,9,,0.0025400411830852,0.0025400411830852,44747193.04900882,1,2,0.25
I2,I,9,,0.0012700205915426,0.0012700205915426,38755080.09799561,1,2,0.25
I3,I,9,,0.0009525154436569,0.0009525154436569,38694846.79975815,1,2,0.25
P1,P,10,-0.0015003923008792,-0.0008983905425332,-0.0023987828434124,20000000.0,1,2,0.25
P2,P,10,-0.0009027422056135,-0.0018330514906958,-0.0027357936963094,20000000.0,1,2,0.25
I1,I,10,,0.0025400411830852,0.0025400411830852,43784849.03875284,1,2,0.25
I2,I,10,,0.0012700205915426,0.0012700205915426,37821394.43003353,1,2,0.25
I3,I,10,,0.0009525154436569,0.0009525154436569,37753333.47760089,1,2,0.25
P1,P,11,-0.0013120451071827,-0.0010631048341923,-0.0023751499413751,20000000.0,1,2,0.25
P2,P,11,-0.000788334989189,-0.0019435591615497,-0.0027318941507387,20000000.0,1,2,0.25
I1,I,11,,0.0025400411830852,0.0025400411830852,42842136.17566392,1,2,0.25
I2,I,11,,0.0012700205915426,0.0012700205915426,36910903.21127308,1,2,0.25
I3,I,11,,0.0009525154436569,0.0009525154436569,36832106.07893615,1,2,0.25
P1,P,12,-0.0011633863188538,-0.0011816369366687,-0.0023450232555226,20000000.0,1,2,0.25
P2,P,12,-0.0006949805987389,-0.0020182328878011,-0.0027132134865401,20000000.0,1,2,0.25
I1,I,12,,0.0025400411830852,0.0025400411830852,41979126.83054716,1,2,0.25
I2,I,12,,0.0012700205915426,0.0012700205915426,36080621.40109467,1,2,0.25
I3,I,12,,0.0009525154436569,0.0009525154436569,35990108.58950039,1,2,0.25
P1,P,13,-0.0010429932743344,-0.0012748414645637,-0.0023178347388981,20000000.0,1,2,0.25
P2,P,13,-0.000618967240214,-0.0020706645451388,-0.0026896317853529,20000000.0,1,2,0.25
I1,I,13,,0.0025400411830852,0.0025400411830852,41213148.09519109,1,2,0.25
I2,I,13,,0.0012700205915426,0.0012700205915426,35346712.53708368,1,2,0.25
I3,I,13,,0.0009525154436569,0.0009525154436569,35244291.84143653,1,2,0.25
P1,P,14,-0.0009426791495518,-0.0013548452962966,-0.0022975244458485,20000000.0,1,2,0.25
P2,P,14,-0.00055660984614,-0.0021088606252937,-0.0026654704714338,20000000.0,1,2,0.25
I1,I,14,,0.0025400411830852,0.0025400411830852,40539370.931852765,1,2,0.25
I2,I,14,,0.0012700205915426,0.0012700205915426,34703941.450942166,1,2,0.25
I3,I,14,,0.0009525154436569,0.0009525154436569,34589736.007445954,1,2,0.25
P1,P,15,-0.0008576584801006,-0.0014268414502898,-0.0022844999303905,20000000.0,1,2,0.25
P2,P,15,-0.0005048527551063,-0.0021373179208861,-0.0026421706759924,20000000.0,1,2,0.25
I1,I,15,,0.0025400411830852,0.0025400411830852,39945462.996014416,1,2,0.25
I2,I,15,,0.0012700205915426,0.0012700205915426,34139789.74995109,1,2,0.25
I3,I,15,,0.0009525154436569,0.0009525154436569,34014087.369851544,1,2,0.25
P1,P,16,-0.0007850445504026,-0.001492536302398,-0.0022775808528006,20000000.0,1,2,0.25
P2,P,16,-0.0004613510167354,-0.0021584641533893,-0.0026198151701248,20000000.0,1,2,0.25
I1,I,16,,0.0025400411830852,0.0025400411830852,39419387.74823856,1,2,0.25
I2,I,16,,0.0012700205915426,0.0012700205915426,33642144.62342589,1,2,0.25
I3,I,16,,0.0009525154436569,0.0009525154436569,33505323.77003545,1,2,0.25
P1,P,17,-0.0007226872663488,-0.0015522901851669,-0.0022749774515157,20000000.0,1,2,0.25
P2,P,17,-0.0004243619476339,-0.0021743042827123,-0.0025986662303462,20000000.0,1,2,0.25
I1,I,17,,0.0025400411830852,0.0025400411830852,38951201.61330866,1,2,0.25
I2,I,17,,0.0012700205915426,0.0012700205915426,33200912.77648393,1,2,0.25
I3,I,17,,0.0009525154436569,0.0009525154436569,33053488.4322743,1,2,0.25
P1,P,18,-0.0006688360839421,-0.0016062221425717,-0.0022750582265138,20000000.0,1,2,0.25
P2,P,18,-0.0003925855354051,-0.0021865258287153,-0.0025791113641204,20000000.0,1,2,0.25
I1,I,18,,0.0025400411830852,0.0025400411830852,38532910.38513364,1,2,0.25
I2,I,18,,0.0012700205915426,0.0012700205915426,32807955.352767564,1,2,0.25
I3,I,18,,0.0009525154436569,0.0009525154436569,32650570.52651277,1,2,0.25
P1,P,19,-0.0006220084680984,-0.0016547803343973,-0.0022767888024957,20000000.0,1,2,0.25
P2,P,19,-0.0003650363556319,-0.0021962213214614,-0.0025612576770933,20000000.0,1,2,0.25
I1,I,19,,0.0025400411830852,0.0025400411830852,38157984.82789131,1,2,0.25
I2,I,19,,0.0012700205915426,0.0012700205915426,32456727.08407133,1,2,0.25
I3,I,19,,0.0009525154436569,0.0009525154436569,32290067.934808463,1,2,0.25
P1,P,20,-0.0005809825344375,-0.0016986662166732,-0.0022796487511108,20000000.0,1,2,0.25
P2,P,20,-0.0003409684663423,-0.0022040422383061,-0.0025450107046485,20000000.0,1,2,0.25
I1,I,20,,0.0025400411830852,0.0025400411830852,37820779.11986413,1,2,0.25
I2,I,20,,0.0012700205915426,0.0012700205915426,32141669.73931893,1,2,0.25
I3,I,20,,0.0009525154436569,0.0009525154436569,31966395.792285856,1,2,0.25
P1,P,21,-0.0005448051921159,-0.001738309415299,-0.002283114607415,20000000.0,1,2,0.25
P2,P,21,-0.0003198054702097,-0.0022104787749495,-0.0025302842451592,20000000.0,1,2,0.25
I1,I,21,,0.0025400411830852,0.0025400411830852,37516750.27031339,1,2,0.25
I2,I,21,,0.0012700205915426,0.0012700205915426,31858345.92425353,1,2,0.25
I3,I,21,,0.0009525154436569,0.0009525154436569,31675078.32405456,1,2,0.25
P1,P,22,-0.0005126561849306,-0.0017743062893516,-0.0022869624742823,20000000.0,1,2,0.25
P2,P,22,-0.000301090370797,-0.0022158555846346,-0.0025169459554316,20000000.0,1,2,0.25
I1,I,22,,0.0025400411830852,0.0025400411830852,37241963.887677245,1,2,0.25
I2,I,22,,0.0012700205915426,0.0012700205915426,31602950.84856952,1,2,0.25
I3,I,22,,0.0009525154436569,0.0009525154436569,31412253.52885289,1,2,0.25
P1,P,23,-0.0004838081010161,-0.001807232153279,-0.0022910402542951,20000000.0,1,2,0.25
P2,P,23,-0.0002844337157603,-0.0022205430304636,-0.002504976746224,20000000.0,1,2,0.25
I1,I,23,,0.0025400411830852,0.0025400411830852,36992585.25603507,1,2,0.25
I2,I,23,,0.0012700205915426,0.0012700205915426,31371742.328683574,1,2,0.25
I3,I,23,,0.0009525154436569,0.0009525154436569,31174140.09881817,1,2,0.25
P1,P,24,-0.0004576911301551,-0.0018375249431404,-0.0022952160732955,20000000.0,1,2,0.25
P2,P,24,-0.0002694972927491,-0.0022247835625254,-0.0024942808552746,20000000.0,1,2,0.25
I1,I,24,,0.0025400411830852,0.0025400411830852,36765114.91243416,1,2,0.25
I2,I,24,,0.0012700205915426,0.0012700205915426,31161326.775539786,1,2,0.25
I3,I,24,,0.0009525154436569,0.0009525154436569,30957295.662071835,1,2,0.25
P1,P,25,-0.0004338900832737,-0.0018653763799123,-0.0022992664631861,20000000.0,1,2,0.25
P2,P,25,-0.0002559987805641,-0.0022287910697567,-0.0024847898503208,20000000.0,1,2,0.25
I1,I,25,,0.0025400411830852,0.0025400411830852,36556733.36196692,1,2,0.25
I2,I,25,,0.0012700205915426,0.0012700205915426,30968966.43605625,1,2,0.25
I3,I,25,,0.0009525154436569,0.0009525154436569,30758948.29241347,1,2,0.25
P1,P,26,-0.0004120873315086,-0.0018910185727449,-0.0023031059042535,20000000.0,1,2,0.25
P2,P,26,-0.000243708449079,-0.0022326971004595,-0.0024764055495385,20000000.0,1,2,0.25
I1,I,26,,0.0025400411830852,0.0025400411830852,36365031.83656763,1,2,0.25
I2,I,26,,0.0012700205915426,0.0012700205915426,30792330.59176318,1,2,0.25
I3,I,26,,0.0009525154436569,0.0009525154436569,30576731.105632685,1,2,0.25
P1,P,27,-0.0003919942287108,-0.0019147663151218,-0.0023067605438326,20000000.0,1,2,0.25
P2,P,27,-0.0002324454097868,-0.0022365104996528,-0.0024689559094396,20000000.0,1,2,0.25
I1,I,27,,0.0025400411830852,0.0025400411830852,36187927.9451016,1,2,0.25
I2,I,27,,0.0012700205915426,0.0012700205915426,30629421.993056905,1,2,0.25
I3,I,27,,0.0009525154436569,0.0009525154436569,30408604.7437644,1,2,0.25
P1,P,28,-0.0003733719181326,-0.0019369081719667,-0.0023102800900994,20000000.0,1,2,0.25
P2,P,28,-0.0002220714707633,-0.0022401917756312,-0.0024622632463946,20000000.0,1,2,0.25
I1,I,28,,0.0025400411830852,0.0025400411830852,36023639.42944067,1,2,0.25
I2,I,28,,0.0012700205915426,0.0012700205915426,30478543.089729145,1,2,0.25
I3,I,28,,0.0009525154436569,0.0009525154436569,30252829.02106853,1,2,0.25
P1,P,29,-0.0003560259757991,-0.0019576900471511,-0.0023137160229503,20000000.0,1,2,0.25
P2,P,29,-0.0002124788160569,-0.0022436860192637,-0.0024561648353207,20000000.0,1,2,0.25
I1,I,29,,0.0025400411830852,0.0025400411830852,35870662.011715285,1,2,0.25
I2,I,29,,0.0012700205915426,0.0012700205915426,30338270.035987265,1,2,0.25
I3,I,29,,0.0009525154436569,0.0009525154436569,30107939.31887781,1,2,0.25
P1,P,0,-0.0016796798146821,0.0,-0.0016796798146821,20000000.0,1,3,0.25
P2,P,0,-0.0017197613595674,0.0,-0.0017197613595674,20000000.0,1,3,0.25
I1,I,0,,0.0025368860879198,0.0025368860879198,41004607.17282942,1,3,0.25
I2,I,0,,0.0012684430439599,0.0012684430439599,36359485.18135198,1,3,0.25
I3,I,0,,,,,0,3,0.25
P1,P,1,-0.0015514986178481,0.0,-0.0015514986178481,20000000.0,1,3,0.25
P2,P,1,-0.00159213446738,0.0,-0.00159213446738,20000000.0,1,3,0.25
I1,I,1,,0.0025368860879198,0.0025368860879198,40985370.92511474,1,3,0.25
I2,I,1,,0.0012684430439599,0.0012684430439599,36490620.99474645,1,3,0.25
I3,I,1,,,,,0,3,0.25
P1,P,2,-0.0015448559361759,0.0,-0.0015448559361759,20000000.0,1,3,0.25
P2,P,2,-0.0015813342157414,0.0,-0.0015813342157414,20000000.0,1,3,0.25
I1,I,2,,0.0025368860879198,0.0025368860879198,41331985.26505139,1,3,0.25
I2,I,2,,0.0012684430439599,0.0012684430439599,36783705.13446797,1,3,0.25
I3,I,2,,,,,0,3,0.25
P1,P,3,-0.001569341574117,0.0,-0.001569341574117,20000000.0,1,3,0.25
P2,P,3,-0.0016020390906155,0.0,-0.0016020390906155,20000000.0,1,3,0.25
I1,I,3,,0.0025368860879198,0.0025368860879198,41601346.02482236,1,3,0.25
I2,I,3,,0.0012684430439599,0.0012684430439599,37007860.40644727,1,3,0.25
I3,I,3,,,,,0,3,0.25
P1,P,4,-0.0016234780018699,0.0,-0.0016234780018699,20000000.0,1,3,0.25
P2,P,4,-0.0016631283401747,0.0,-0.0016631283401747,20000000.0,1,3,0.25
I1,I,4,,0.0025368860879198,0.0025368860879198,42573077.4114605,1,3,0.25
I2,I,4,,0.0012684430439599,0.0012684430439599,37963108.96594916,1,3,0.25
I3,I,4,,0.0009513322829699,0.0009513322829699,38575028.57332419,1,3,0.25
P1,P,5,-0.0019272362083443,0.0,-0.0019272362083443,20000000.0,1,3,0.25
P2,P,5,-0.0017661079655473,-0.0001162165106805,-0.0018823244762279,20000000.0,1,3,0.25
I1,I,5,,0.0025368860879198,0.0025368860879198,44619412.26465273,1,3,0.25
I2,I,5,,0.0012684430439599,0.0012684430439599,39879429.71697346,1,3,0.25
I3,I,5,,0.0009513322829699,0.0009513322829699,40096796.80544856,1,3,0.25
P1,P,6,-0.0021328835863741,-1.2865381253782432e-08,-0.0021328964517554,20000000.0,1,3,0.25
P2,P,6,-0.0015848052448358,-0.0006118332956076,-0.0021966385404434,20000000.0,1,3,0.25
I1,I,6,,0.0025368860879198,0.0025368860879198,45421597.08033887,1,3,0.25
I2,I,6,,0.0012684430439599,0.0012684430439599,40590962.11355685,1,3,0.25
I3,I,6,,0.0009513322829699,0.0009513322829699,40794121.24876919,1,3,0.25
P1,P,7,-0.0020999009285795,-9.258709189067529e-05,-0.0021924880204702,20000000.0,1,3,0.25
P2,P,7,-0.0013860104409585,-0.0011354617347644,-0.0025214721757229,20000000.0,1,3,0.25
I1,I,7,,0.0025368860879198,0.0025368860879198,45427107.76249899,1,3,0.25
I2,I,7,,0.0012684430439599,0.0012684430439599,40539032.54404624,1,3,0.25
I3,I,7,,0.0009513322829699,0.0009513322829699,40765051.3312446,1,3,0.25
P1,P,8,-0.0019239231234111,-0.0003720805966606,-0.0022960037200717,20000000.0,1,3,0.25
P2,P,8,-0.0012133027488715,-0.0015010171128459,-0.0027143198617174,20000000.0,1,3,0.25
I1,I,8,,0.0025368860879198,0.0025368860879198,44829867.56267027,1,3,0.25
I2,I,8,,0.0012684430439599,0.0012684430439599,39937409.23481988,1,3,0.25
I3,I,8,,0.0009513322829699,0.0009513322829699,40168576.52758424,1,3,0.25
P1,P,9,-0.001699533319743,-0.0006418393053167,-0.0023413726250597,20000000.0,1,3,0.25
P2,P,9,-0.001061660103049,-0.0017316348320984,-0.0027932949351474,20000000.0,1,3,0.25
I1,I,9,,0.0025368860879198,0.0025368860879198,43924182.563836746,1,3,0.25
I2,I,9,,0.0012684430439599,0.0012684430439599,39055651.20845296,1,3,0.25
I3,I,9,,0.0009513322829699,0.0009513322829699,39278916.17035288,1,3,0.25
P1,P,10,-0.0014774569605994,-0.0008528132227951,-0.0023302701833946,20000000.0,1,3,0.25
P2,P,10,-0.000930652936764,-0.001880029562104,-0.002810682498868,20000000.0,1,3,0.25
I1,I,10,,0.0025368860879198,0.0025368860879198,42947671.89672676,1,3,0.25
I2,I,10,,0.0012684430439599,0.0012684430439599,38111658.67473345,1,3,0.25
I3,I,10,,0.0009513322829699,0.0009513322829699,38322873.84696925,1,3,0.25
P1,P,11,-0.0012988181904427,-0.0010070709318008,-0.0023058891222436,20000000.0,1,3,0.25
P2,P,11,-0.0008195177402661,-0.001979447444243,-0.0027989651845092,20000000.0,1,3,0.25
I1,I,11,,0.0025368860879198,0.0025368860879198,42007710.47177374,1,3,0.25
I2,I,11,,0.0012684430439599,0.0012684430439599,37206762.38344532,1,3,0.25
I3,I,11,,0.0009513322829699,0.0009513322829699,37404378.68957147,1,3,0.25
P1,P,12,-0.0011592217106593,-0.0011192829782506,-0.0022785046889099,20000000.0,1,3,0.25
P2,P,12,-0.000726552814593,-0.0020493116912991,-0.0027758645058921,20000000.0,1,3,0.25
I1,I,12,,0.0025368860879198,0.0025368860879198,41150270.20905332,1,3,0.25
I2,I,12,,0.0012684430439599,0.0012684430439599,36384087.85432808,1,3,0.25
I3,I,12,,0.0009513322829699,0.0009513322829699,36568000.35436157,1,3,0.25
P1,P,13,-0.0010460390828649,-0.0012070077391538,-0.0022530468220187,20000000.0,1,3,0.25
P2,P,13,-0.0006494209182861,-0.0021008962477568,-0.002750317166043,20000000.0,1,3,0.25
I1,I,13,,0.0025368860879198,0.0025368860879198,40388773.22112708,1,3,0.25
I2,I,13,,0.0012684430439599,0.0012684430439599,35655821.10131084,1,3,0.25
I3,I,13,,0.0009513322829699,0.0009513322829699,35826617.593610406,1,3,0.25
P1,P,14,-0.000950108205549,-0.0012827458071769,-0.002232854012726,20000000.0,1,3,0.25
P2,P,14,-0.0005854120716024,-0.0021404772384075,-0.00272588931001,20000000.0,1,3,0.25
I1,I,14,,0.0025368860879198,0.0025368860879198,39717996.1500837,1,3,0.25
I2,I,14,,0.0012684430439599,0.0012684430439599,35016560.55278437,1,3,0.25
I3,I,14,,0.0009513322829699,0.0009513322829699,35174944.48983675,1,3,0.25
P1,P,15,-0.000866591278212,-0.0013526999785449,-0.0022192912567569,20000000.0,1,3,0.25
P2,P,15,-0.0005318564568993,-0.0021712607717928,-0.0027031172286921,20000000.0,1,3,0.25
I1,I,15,,0.0025368860879198,0.0025368860879198,39125248.7132775,1,3,0.25
I2,I,15,,0.0012684430439599,0.0012684430439599,34453832.44194638,1,3,0.25
I3,I,15,,0.0009513322829699,0.0009513322829699,34600386.91021636,1,3,0.25
P1,P,16,-0.0007931834023504,-0.0014182942936072,-0.0022114776959577,20000000.0,1,3,0.25
P2,P,16,-0.0004865324883151,-0.0021951488964123,-0.0026816813847275,20000000.0,1,3,0.25
I1,I,16,,0.0025368860879198,0.0025368860879198,38598495.70253773,1,3,0.25
I2,I,16,,0.0012684430439599,0.0012684430439599,33955734.08759903,1,3,0.25
I3,I,16,,0.0009513322829699,0.0009513322829699,34090969.97088387,1,3,0.25
P1,P,17,-0.0007286356898106,-0.0014799202057323,-0.002208555895543,20000000.0,1,3,0.25
P2,P,17,-0.0004477065016756,-0.0022137511005146,-0.0026614576021902,20000000.0,1,3,0.25
I1,I,17,,0.0025368860879198,0.0025368860879198,38126532.56893953,1,3,0.25
I2,I,17,,0.0012684430439599,0.0012684430439599,33511063.63609171,1,3,0.25
I3,I,17,,0.0009513322829699,0.0009513322829699,33635486.583164364,1,3,0.25
P1,P,18,-0.0006719198385431,-0.0015373433982175,-0.0022092632367606,20000000.0,1,3,0.25
P2,P,18,-0.0004141000252142,-0.0022280493684125,-0.0026421493936267,20000000.0,1,3,0.25
I1,I,18,,0.0025368860879198,0.0025368860879198,37700829.49585006,1,3,0.25
I2,I,18,,0.0012684430439599,0.0012684430439599,33111261.301169798,1,3,0.25
I3,I,18,,0.0009513322829699,0.0009513322829699,33225395.29510875,1,3,0.25
P1,P,19,-0.0006222891060781,-0.0015899611397127,-0.0022122502457909,20000000.0,1,3,0.25
P2,P,19,-0.0003847872074275,-0.0022390096790916,-0.0026237968865191,20000000.0,1,3,0.25
I1,I,19,,0.0025368860879198,0.0025368860879198,37315334.20402909,1,3,0.25
I2,I,19,,0.0012684430439599,0.0012684430439599,32750196.48188728,1,3,0.25
I3,I,19,,0.0009513322829699,0.0009513322829699,32854625.64069853,1,3,0.25
P1,P,20,-0.0005789268511186,-0.0016375439730208,-0.0022164708241395,20000000.0,1,3,0.25
P2,P,20,-0.0003590769299062,-0.0022473487889317,-0.0026064257188379,20000000.0,1,3,0.25
I1,I,20,,0.0025368860879198,0.0025368860879198,36966093.41920328,1,3,0.25
I2,I,20,,0.0012684430439599,0.0012684430439599,32423913.26567809,1,3,0.25
I3,I,20,,0.0009513322829699,0.0009513322829699,32519244.883426644,1,3,0.25
P1,P,21,-0.0005409885168694,-0.0016804352227735,-0.0022214237396429,20000000.0,1,3,0.25
P2,P,21,-0.0003364497064851,-0.0022538281603173,-0.0025902778668024,20000000.0,1,3,0.25
I1,I,21,,0.0025368860879198,0.0025368860879198,36649296.88136295,1,3,0.25
I2,I,21,,0.0012684430439599,0.0012684430439599,32128610.340834983,1,3,0.25
I3,I,21,,0.0009513322829699,0.0009513322829699,32215468.584174298,1,3,0.25
P1,P,22,-0.0005076941781261,-0.0017189798433235,-0.0022266740214497,20000000.0,1,3,0.25
P2,P,22,-0.0003164375349701,-0.0022590211252358,-0.002575458660206,20000000.0,1,3,0.25
I1,I,22,,0.0025368860879198,0.0025368860879198,36361562.76373338,1,3,0.25
I2,I,22,,0.0012684430439599,0.0012684430439599,31860963.608247768,1,3,0.25
I3,I,22,,0.0009513322829699,0.0009513322829699,31939958.333663207,1,3,0.25
P1,P,23,-0.0004783098000227,-0.0017535927914016,-0.0022319025914243,20000000.0,1,3,0.25
P2,P,23,-0.0002986255620511,-0.002263450360155,-0.0025620759222062,20000000.0,1,3,0.25
I1,I,23,,0.0025368860879198,0.0025368860879198,36099717.471913226,1,3,0.25
I2,I,23,,0.0012684430439599,0.0012684430439599,31617871.81105984,1,3,0.25
I3,I,23,,0.0009513322829699,0.0009513322829699,31689588.25871114,1,3,0.25
P1,P,24,-0.000452187246724,-0.0017847324085911,-0.0022369196553151,20000000.0,1,3,0.25
P2,P,24,-0.0002826505731775,-0.0022674971553823,-0.0025501477285599,20000000.0,1,3,0.25
I1,I,24,,0.0025368860879198,0.0025368860879198,35860766.77530312,1,3,0.25
I2,I,24,,0.0012684430439599,0.0012684430439599,31396421.56008384,1,3,0.25
I3,I,24,,0.0009513322829699,0.0009513322829699,31461412.939944927,1,3,0.25
P1,P,25,-0.0004287932632324,-0.0018129013448321,-0.0022416946080646,20000000.0,1,3,0.25
P2,P,25,-0.0002682110663846,-0.0022713387032047,-0.0025395497695893,20000000.0,1,3,0.25
I1,I,25,,0.0025368860879198,0.0025368860879198,35641907.371251695,1,3,0.25
I2,I,25,,0.0012684430439599,0.0012684430439599,31193912.041107133,1,3,0.25
I3,I,25,,0.0009513322829699,0.0009513322829699,31252684.61277505,1,3,0.25
P1,P,26,-0.0004076642817043,-0.001838555245338,-0.0022462195270423,20000000.0,1,3,0.25
P2,P,26,-0.0002550835354092,-0.0022750060070308,-0.00253008954244,20000000.0,1,3,0.25
I1,I,26,,0.0025368860879198,0.0025368860879198,35440778.42447645,1,3,0.25
I2,I,26,,0.0012684430439599,0.0012684430439599,31008094.015064105,1,3,0.25
I3,I,26,,0.0009513322829699,0.0009513322829699,31061098.974936545,1,3,0.25
P1,P,27,-0.0003884022797108,-0.0018622060598074,-0.0022506083395183,20000000.0,1,3,0.25
P2,P,27,-0.0002431046532333,-0.0022783905027035,-0.0025214951559368,20000000.0,1,3,0.25
I1,I,27,,0.0025368860879198,0.0025368860879198,35255388.75061304,1,3,0.25
I2,I,27,,0.0012684430439599,0.0012684430439599,30837107.16766125,1,3,0.25
I3,I,27,,0.0009513322829699,0.0009513322829699,30884727.28434992,1,3,0.25
P1,P,28,-0.0003706961784243,-0.0018841098970563,-0.0022548060754807,20000000.0,1,3,0.25
P2,P,28,-0.0002321366042324,-0.0022815674820548,-0.0025137040862872,20000000.0,1,3,0.25
I1,I,28,,0.0025368860879198,0.0025368860879198,35084037.28480437,1,3,0.25
I2,I,28,,0.0012684430439599,0.0012684430439599,30679323.99842809,1,3,0.25
I3,I,28,,0.0009513322829699,0.0009513322829699,30721907.69899106,1,3,0.25
P1,P,29,-0.0003543175005952,-0.001904585156265,-0.0022589026568602,20000000.0,1,3,0.25
P2,P,29,-0.0002220668586773,-0.0022844949560946,-0.002506561814772,20000000.0,1,3,0.25
I1,I,29,,0.0025368860879198,0.0025368860879198,34925124.51187705,1,3,0.25
I2,I,29,,0.0012684430439599,0.0012684430439599,30533238.761767864,1,3,0.25
I3,I,29,,0.0009513322829699,0.0009513322829699,30571086.58737504,1,3,0.25
P1,P,0,-0.0018555547145273,0.0,-0.0018555547145273,20000000.0,1,4,0.25
P2,P,0,-0.0016978948667594,0.0,-0.0016978948667594,20000000.0,1,4,0.25
I1,I,0,,0.002537113274454,0.002537113274454,41676325.00804092,1,4,0.25
I2,I,0,,0.001268556637227,0.001268556637227,36144130.03416584,1,4,0.25
I3,I,0,,,,,0,4,0.25
P1,P,1,-0.0016994665978503,0.0,-0.0016994665978503,20000000.0,1,4,0.25
P2,P,1,-0.0015835027927598,0.0,-0.0015835027927598,20000000.0,1,4,0.25
I1,I,1,,0.002537113274454,0.002537113274454,41550171.07970256,1,4,0.25
I2,I,1,,0.001268556637227,0.001268556637227,36265762.35588229,1,4,0.25
I3,I,1,,,,,0,4,0.25
P1,P,2,-0.001681820109596,0.0,-0.001681820109596,20000000.0,1,4,0.25
P2,P,2,-0.0015731229317481,0.0,-0.0015731229317481,20000000.0,1,4,0.25
I1,I,2,,0.002537113274454,0.002537113274454,41839742.14626386,1,4,0.25
I2,I,2,,0.001268556637227,0.001268556637227,36517234.81780306,1,4,0.25
I3,I,2,,,,,0,4,0.25
P1,P,3,-0.0017005760607079,0.0,-0.0017005760607079,20000000.0,1,4,0.25
P2,P,3,-0.0015900287406175,0.0,-0.0015900287406175,20000000.0,1,4,0.25
I1,I,3,,0.002537113274454,0.002537113274454,42058758.43661758,1,4,0.25
I2,I,3,,0.001268556637227,0.001268556637227,36696662.9084105,1,4,0.25
I3,I,3,,,,,0,4,0.25
P1,P,4,-0.0017300957605366,0.0,-0.0017300957605366,20000000.0,1,4,0.25
P2,P,4,-0.0016161382197932,0.0,-0.0016161382197932,20000000.0,1,4,0.25
I1,I,4,,0.002537113274454,0.002537113274454,42216266.70582255,1,4,0.25
I2,I,4,,0.001268556637227,0.001268556637227,36828046.618287295,1,4,0.25
I3,I,4,,,,,0,4,0.25
P1,P,5,-0.0020208201811768,0.0,-0.0020208201811768,20000000.0,1,4,0.25
P2,P,5,-0.0017296377726732,-7.563853459096402e-05,-0.0018052763072642,20000000.0,1,4,0.25
I1,I,5,,0.002537113274454,0.002537113274454,44593096.61904894,1,4,0.25
I2,I,5,,0.001268556637227,0.001268556637227,39110367.85701342,1,4,0.25
I3,I,5,,0.0009514174779202,0.0009514174779202,39232961.34271391,1,4,0.25
P1,P,6,-0.0022395959043736,-9.107085214880414e-08,-0.0022396869752258,20000000.0,1,4,0.25
P2,P,6,-0.0015713134297389,-0.000489444407008,-0.0020607578367469,20000000.0,1,4,0.25
I1,I,6,,0.002537113274454,0.002537113274454,45455040.271929935,1,4,0.25
I2,I,6,,0.001268556637227,0.001268556637227,39891324.612767056,1,4,0.25
I3,I,6,,0.0009514174779202,0.0009514174779202,39909125.60275108,1,4,0.25
P1,P,7,-0.0022213685571051,-0.000104570947257,-0.0023259395043621,20000000.0,1,4,0.25
P2,P,7,-0.0013741373825941,-0.0009773571603686,-0.0023514945429627,20000000.0,1,4,0.25
I1,I,7,,0.002537113274454,0.002537113274454,45503148.1851993,1,4,0.25
I2,I,7,,0.001268556637227,0.001268556637227,39892237.95056091,1,4,0.25
I3,I,7,,0.0009514174779202,0.0009514174779202,39914982.81060438,1,4,0.25
P1,P,8,-0.0020281831173356,-0.0003924811865397,-0.0024206643038753,20000000.0,1,4,0.25
P2,P,8,-0.001188327183957,-0.0013599858737682,-0.0025483130577252,20000000.0,1,4,0.25
I1,I,8,,0.002537113274454,0.002537113274454,44955497.87233107,1,4,0.25
I2,I,8,,0.001268556637227,0.001268556637227,39337202.5962975,1,4,0.25
I3,I,8,,0.0009514174779202,0.0009514174779202,39364751.53214779,1,4,0.25
P1,P,9,-0.0017602840006337,-0.00068546252956,-0.0024457465301937,20000000.0,1,4,0.25
P2,P,9,-0.0010235356447863,-0.0016284324615608,-0.0026519681063471,20000000.0,1,4,0.25
I1,I,9,,0.002537113274454,0.002537113274454,44094665.88728012,1,4,0.25
I2,I,9,,0.001268556637227,0.001268556637227,38490458.825457975,1,4,0.25
I3,I,9,,0.0009514174779202,0.0009514174779202,38516432.94377838,1,4,0.25
P1,P,10,-0.0015147560440176,-0.000924297016468,-0.0024390530604856,20000000.0,1,4,0.25
P2,P,10,-0.000883935350309,-0.0018052772275304,-0.0026892125778394,20000000.0,1,4,0.25
I1,I,10,,0.002537113274454,0.002537113274454,43120128.7869595,1,4,0.25
I2,I,10,,0.001268556637227,0.001268556637227,37541786.49606503,1,4,0.25
I3,I,10,,0.0009514174779202,0.0009514174779202,37560534.8562061,1,4,0.25
P1,P,11,-0.0013177987137291,-0.0010967748935172,-0.0024145736072464,20000000.0,1,4,0.25
P2,P,11,-0.0007691128470356,-0.0019186723394349,-0.0026877851864706,20000000.0,1,4,0.25
I1,I,11,,0.002537113274454,0.002537113274454,42160949.97047588,1,4,0.25
I2,I,11,,0.001268556637227,0.001268556637227,36613943.740702905,1,4,0.25
I3,I,11,,0.0009514174779202,0.0009514174779202,36622224.46058644,1,4,0.25
P1,P,12,-0.0011628678635975,-0.0012225311083829,-0.0023853989719804,20000000.0,1,4,0.25
P2,P,12,-0.0006759128049795,-0.001992308973426,-0.0026682217784055,20000000.0,1,4,0.25
I1,I,12,,0.002537113274454,0.002537113274454,41282170.79170955,1,4,0.25
I2,I,12,,0.001268556637227,0.001268556637227,35768158.323976286,1,4,0.25
I3,I,12,,0.0009514174779202,0.0009514174779202,35764672.97254929,1,4,0.25
P1,P,13,-0.0010382198551723,-0.0013211340993099,-0.0023593539544822,20000000.0,1,4,0.25
P2,P,13,-0.0006003598102353,-0.0020421132205906,-0.0026424730308259,20000000.0,1,4,0.25
I1,I,13,,0.002537113274454,0.002537113274454,40504358.73987861,1,4,0.25
I2,I,13,,0.001268556637227,0.001268556637227,35023048.07989057,1,4,0.25
I3,I,13,,0.0009514174779202,0.0009514174779202,35007592.396380015,1,4,0.25
P1,P,14,-0.0009352157607901,-0.0014045630489484,-0.0023397788097386,20000000.0,1,4,0.25
P2,P,14,-0.00053874649354,-0.002077452146552,-0.002616198640092,20000000.0,1,4,0.25
I1,I,14,,0.002537113274454,0.002537113274454,39824071.803484246,1,4,0.25
I2,I,14,,0.001268556637227,0.001268556637227,34374312.431986235,1,4,0.25
I3,I,14,,0.0009514174779202,0.0009514174779202,34347188.69498454,1,4,0.25
P1,P,15,-0.0008487568118515,-0.0014783938132224,-0.002327150625074,20000000.0,1,4,0.25
P2,P,15,-0.0004878987872597,-0.0021033669363109,-0.0025912657235707,20000000.0,1,4,0.25
I1,I,15,,0.002537113274454,0.002537113274454,39228849.4655612,1,4,0.25
I2,I,15,,0.001268556637227,0.001268556637227,33809209.59606691,1,4,0.25
I3,I,15,,0.0009514174779202,0.0009514174779202,33770892.09883188,1,4,0.25
P1,P,16,-0.0007755710381832,-0.0015446666662674,-0.0023202377044506,20000000.0,1,4,0.25
P2,P,16,-0.0004453658732454,-0.0021226851867554,-0.0025680510600009,20000000.0,1,4,0.25
I1,I,16,,0.002537113274454,0.002537113274454,38705575.598132335,1,4,0.25
I2,I,16,,0.001268556637227,0.001268556637227,33314531.24376055,1,4,0.25
I3,I,16,,0.0009514174779202,0.0009514174779202,33265562.508009832,1,4,0.25
P1,P,17,-0.0007132030804866,-0.0016043802716084,-0.0023175833520951,20000000.0,1,4,0.25
P2,P,17,-0.000409338229188,-0.0021372521061131,-0.0025465903353012,20000000.0,1,4,0.25
I1,I,17,,0.002537113274454,0.002537113274454,38242775.60543883,1,4,0.25
I2,I,17,,0.001268556637227,0.001268556637227,32878760.016253125,1,4,0.25
I3,I,17,,0.0009514174779202,0.0009514174779202,32819727.9126612,1,4,0.25
P1,P,18,-0.0006596255677903,-0.0016583487559412,-0.0023179743237315,20000000.0,1,4,0.25
P2,P,18,-0.0003784813804469,-0.0021483764356593,-0.0025268578161062,20000000.0,1,4,0.25
I1,I,18,,0.002537113274454,0.002537113274454,37830791.77136301,1,4,0.25
I2,I,18,,0.001268556637227,0.001268556637227,32492229.63865026,1,4,0.25
I3,I,18,,0.0009514174779202,0.0009514174779202,32423747.009112317,1,4,0.25
P1,P,19,-0.0006131861367971,-0.0017071439904752,-0.0023203301272723,20000000.0,1,4,0.25
P2,P,19,-0.0003517950186162,-0.0021569722770446,-0.0025087672956608,20000000.0,1,4,0.25
I1,I,19,,0.002537113274454,0.002537113274454,37462061.94743548,1,4,0.25
I2,I,19,,0.001268556637227,0.001268556637227,32147411.097774837,1,4,0.25
I3,I,19,,0.0009514174779202,0.0009514174779202,32070092.944040943,1,4,0.25
P1,P,20,-0.0005725790202012,-0.0017512601733257,-0.0023238391935269,20000000.0,1,4,0.25
P2,P,20,-0.0003285172940109,-0.0021637774015638,-0.0024922946955747,20000000.0,1,4,0.25
I1,I,20,,0.002537113274454,0.002537113274454,37130585.16259009,1,4,0.25
I2,I,20,,0.001268556637227,0.001268556637227,31838351.443055272,1,4,0.25
I3,I,20,,0.0009514174779202,0.0009514174779202,31752806.25622868,1,4,0.25
P1,P,21,-0.0005367674815584,-0.0017912459666964,-0.0023280134482548,20000000.0,1,4,0.25
P2,P,21,-0.0003080607071734,-0.0021693058819642,-0.0024773665891377,20000000.0,1,4,0.25
I1,I,21,,0.002537113274454,0.002537113274454,36831404.52463903,1,4,0.25
I2,I,21,,0.001268556637227,0.001268556637227,31560166.236637518,1,4,0.25
I3,I,21,,0.0009514174779202,0.0009514174779202,31466979.635796525,1,4,0.25
P1,P,22,-0.0005048965612978,-0.001827685000847,-0.0023325815621448,20000000.0,1,4,0.25
P2,P,22,-0.000289962127376,-0.0021738769807683,-0.0024638391081443,20000000.0,1,4,0.25
I1,I,22,,0.002537113274454,0.002537113274454,36560335.32532612,1,4,0.25
I2,I,22,,0.001268556637227,0.001268556637227,31308767.37330413,1,4,0.25
I3,I,22,,0.0009514174779202,0.0009514174779202,31208483.24830837,1,4,0.25
P1,P,23,-0.000476269049517,-0.0018611281865928,-0.0023373972361099,20000000.0,1,4,0.25
P2,P,23,-0.0002738509285825,-0.0021776946076028,-0.0024515455361854,20000000.0,1,4,0.25
I1,I,23,,0.002537113274454,0.002537113274454,36313775.08049651,1,4,0.25
I2,I,23,,0.001268556637227,0.001268556637227,31080667.150704704,1,4,0.25
I3,I,23,,0.0009514174779202,0.0009514174779202,30973775.348001804,1,4,0.25
P1,P,24,-0.0004503264831378,-0.0018919901958363,-0.0023423166789742,20000000.0,1,4,0.25
P2,P,24,-0.0002594273445787,-0.0021809278375431,-0.0024403551821218,20000000.0,1,4,0.25
I1,I,24,,0.002537113274454,0.002537113274454,36088693.85503505,1,4,0.25
I2,I,24,,0.001268556637227,0.001268556637227,30872939.83072294,1,4,0.25
I3,I,24,,0.0009514174779202,0.0009514174779202,30759883.1449877,1,4,0.25
P1,P,25,-0.0004266723792061,-0.0019205652164824,-0.0023472375956885,20000000.0,1,4,0.25
P2,P,25,-0.000246441337096,-0.0021837241589276,-0.0024301654960236,20000000.0,1,4,0.25
I1,I,25,,0.002537113274454,0.002537113274454,35882494.31294906,1,4,0.25
I2,I,25,,0.001268556637227,0.001268556637227,30683081.561182573,1,4,0.25
I3,I,25,,0.0009514174779202,0.0009514174779202,30564260.557969056,1,4,0.25
P1,P,26,-0.0004050103778515,-0.0019470450187249,-0.0023520553965764,20000000.0,1,4,0.25
P2,P,26,-0.0002346823032972,-0.0021862325457452,-0.0024209148490424,20000000.0,1,4,0.25
I1,I,26,,0.002537113274454,0.002537113274454,35692934.96405811,1,4,0.25
I2,I,26,,0.001268556637227,0.001268556637227,30508926.160782285,1,4,0.25
I3,I,26,,0.0009514174779202,0.0009514174779202,30384709.31697652,1,4,0.25
P1,P,27,-0.0003850908699146,-0.0019716045624346,-0.0023566954323493,20000000.0,1,4,0.25
P2,P,27,-0.0002239674124973,-0.0021885857425161,-0.0024125531550135,20000000.0,1,4,0.25
I1,I,27,,0.002537113274454,0.002537113274454,35518035.81532349,1,4,0.25
I2,I,27,,0.001268556637227,0.001268556637227,30348554.92020057,1,4,0.25
I3,I,27,,0.0009514174779202,0.0009514174779202,30219285.688453037,1,4,0.25
P1,P,28,-0.0003666869125856,-0.0019944285495399,-0.0023611154621256,20000000.0,1,4,0.25
P2,P,28,-0.0002141386075406,-0.0021908743666307,-0.0024050129741713,20000000.0,1,4,0.25
I1,I,28,,0.002537113274454,0.002537113274454,35356056.12429391,1,4,0.25
I2,I,28,,0.001268556637227,0.001268556637227,30200288.29286305,1,4,0.25
I3,I,28,,0.0009514174779202,0.0009514174779202,30066283.499832276,1,4,0.25
P1,P,29,-0.0003496034011616,-0.0020157144599548,-0.0023653178611164,20000000.0,1,4,0.25
P2,P,29,-0.0002050711232323,-0.002193125192026,-0.0023981963152584,20000000.0,1,4,0.25
I1,I,29,,0.002537113274454,0.002537113274454,35205478.89179138,1,4,0.25
I2,I,29,,0.001268556637227,0.001268556637227,30062672.206042297,1,4,0.25
I3,I,29,,0.0009514174779202,0.0009514174779202,29924219.393040057,1,4,0.25
P1,P,0,-0.0015720811192072,0.0,-0.0015720811192072,20000000.0,1,22,0.25
P2,P,0,-0.0020456794391153,0.0,-0.0020456794391153,20000000.0,1,22,0.25
I1,I,0,,0.0025489634769492,0.0025489634769492,40737336.52418451,1,22,0.25
I2,I,0,,0.0012744817384746,0.0012744817384746,36907864.37489945,1,22,0.25
I3,I,0,,,,,0,22,0.25
P1,P,1,-0.00146555334581,0.0,-0.00146555334581,20000000.0,1,22,0.25
P2,P,1,-0.0018583404707165,0.0,-0.0018583404707165,20000000.0,1,22,0.25
I1,I,1,,0.0025489634769492,0.0025489634769492,40716517.12553339,1,22,0.25
I2,I,1,,0.0012744817384746,0.0012744817384746,36871514.56920603,1,22,0.25
I3,I,1,,,,,0,22,0.25
P1,P,2,-0.0014583675412984,0.0,-0.0014583675412984,20000000.0,1,22,0.25
P2,P,2,-0.0018243794368514,0.0,-0.0018243794368514,20000000.0,1,22,0.25
I1,I,2,,0.0025489634769492,0.0025489634769492,41030170.78274961,1,22,0.25
I2,I,2,,0.0012744817384746,0.0012744817384746,37076582.07435061,1,22,0.25
I3,I,2,,,,,0,22,0.25
P1,P,3,-0.001476728960565,0.0,-0.001476728960565,20000000.0,1,22,0.25
P2,P,3,-0.0018347765388313,0.0,-0.0018347765388313,20000000.0,1,22,0.25
I1,I,3,,0.0025489634769492,0.0025489634769492,41260040.48518012,1,22,0.25
I2,I,3,,0.0012744817384746,0.0012744817384746,37234205.105875626,1,22,0.25
I3,I,3,,,,,0,22,0.25
P1,P,4,-0.0015025938892568,0.0,-0.0015025938892568,20000000.0,1,22,0.25
P2,P,4,-0.001861275218708,0.0,-0.001861275218708,20000000.0,1,22,0.25
I1,I,4,,0.0025489634769492,0.0025489634769492,41421588.45163897,1,22,0.25
I2,I,4,,0.0012744817384746,0.0012744817384746,37352270.47434701,1,22,0.25
I3,I,4,,,,,0,22,0.25
P1,P,5,-0.0016079543191365,0.0,-0.0016079543191365,20000000.0,1,22,0.25
P2,P,5,-0.001851368793364,-6.10967014569028e-05,-0.0019124654948209,20000000.0,1,22,0.25
I1,I,5,,0.0025489634769492,0.0025489634769492,41932557.776783936,1,22,0.25
I2,I,5,,0.0012744817384746,0.0012744817384746,37801803.51783549,1,22,0.25
I3,I,5,,,,,0,22,0.25
P1,P,6,-0.0016739275790878,0.0,-0.0016739275790878,20000000.0,1,22,0.25
P2,P,6,-0.0016155276118252,-0.0004179284925297,-0.002033456104355,20000000.0,1,22,0.25
I1,I,6,,0.0025489634769492,0.0025489634769492,41986993.93126722,1,22,0.25
I2,I,6,,0.0012744817384746,0.0012744817384746,37804205.47587562,1,22,0.25
I3,I,6,,,,,0,22,0.25
P1,P,7,-0.0016754371567521,-1.2633958804920996e-06,-0.0016767005526326,20000000.0,1,22,0.25
P2,P,7,-0.0013782825845674,-0.0008474879620148,-0.0022257705465822,20000000.0,1,22,0.25
I1,I,7,,0.0025489634769492,0.0025489634769492,41652224.503954,1,22,0.25
I2,I,7,,0.0012744817384746,0.0012744817384746,37423714.67360024,1,22,0.25
I3,I,7,,,,,0,22,0.25
P1,P,8,-0.0015710025417724,-6.12122374749467e-05,-0.0016322147792474,20000000.0,1,22,0.25
P2,P,8,-0.0011943874106479,-0.0011710413081304,-0.0023654287187783,20000000.0,1,22,0.25
I1,I,8,,0.0025489634769492,0.0025489634769492,41100964.29063333,1,22,0.25
I2,I,8,,0.0012744817384746,0.0012744817384746,36853888.86376619,1,22,0.25
I3,I,8,,,,,0,22,0.25
P1,P,9,-0.0014275124985587,-0.0002073366902852,-0.0016348491888439,20000000.0,1,22,0.25
P2,P,9,-0.0010445603323037,-0.0013919675362978,-0.0024365278686016,20000000.0,1,22,0.25
I1,I,9,,0.0025489634769492,0.0025489634769492,40394065.92975305,1,22,0.25
I2,I,9,,0.0012744817384746,0.0012744817384746,36158396.20034282,1,22,0.25
I3,I,9,,,,,0,22,0.25
P1,P,10,-0.0012888413800653,-0.0003544005496566,-0.001643241929722,20000000.0,1,22,0.25
P2,P,10,-0.0009167025221716,-0.0015393321344968,-0.0024560346566684,20000000.0,1,22,0.25
I1,I,10,,0.0025489634769492,0.0025489634769492,39615323.193316855,1,22,0.25
I2,I,10,,0.0012744817384746,0.0012744817384746,35407850.41321927,1,22,0.25
I3,I,10,,,,,0,22,0.25
P1,P,11,-0.0011506986478082,-0.0004725246020882,-0.0016232232498965,20000000.0,1,22,0.25
P2,P,11,-0.0008092101763628,-0.0016418915773712,-0.002451101753734,20000000.0,1,22,0.25
I1,I,11,,0.0025489634769492,0.0025489634769492,38868972.47921042,1,22,0.25
I2,I,11,,0.0012744817384746,0.0012744817384746,34693446.58185405,1,22,0.25
I3,I,11,,,,,0,22,0.25
P1,P,12,-0.001024447713092,-0.0005733739451593,-0.0015978216582513,20000000.0,1,22,0.25
P2,P,12,-0.0007202975246407,-0.0017172113435118,-0.0024375088681526,20000000.0,1,22,0.25
I1,I,12,,0.0025489634769492,0.0025489634769492,38195557.66651439,1,22,0.25
I2,I,12,,0.0012744817384746,0.0012744817384746,34052001.553555995,1,22,0.25
I3,I,12,,,,,0,22,0.25
P1,P,13,-0.0009207300107354,-0.0006577658989191,-0.0015784959096545,20000000.0,1,22,0.25
P2,P,13,-0.0006467880305259,-0.0017741588382287,-0.0024209468687547,20000000.0,1,22,0.25
I1,I,13,,0.0025489634769492,0.0025489634769492,37596342.300911486,1,22,0.25
I2,I,13,,0.0012744817384746,0.0012744817384746,33484371.159519847,1,22,0.25
I3,I,13,,,,,0,22,0.25
P1,P,14,-0.0008365678546255,-0.0007265158055868,-0.0015630836602124,20000000.0,1,22,0.25
P2,P,14,-0.0005856663597888,-0.0018185500964914,-0.0024042164562803,20000000.0,1,22,0.25
I1,I,14,,0.0025489634769492,0.0025489634769492,37066885.24866162,1,22,0.25
I2,I,14,,0.0012744817384746,0.0012744817384746,32985549.30022436,1,22,0.25
I3,I,14,,,,,0,22,0.25
P1,P,15,-0.0007665000584458,-0.0007838269086375,-0.0015503269670834,20000000.0,1,22,0.25
P2,P,15,-0.0005345019099318,-0.0018546557250174,-0.0023891576349492,20000000.0,1,22,0.25
I1,I,15,,0.0025489634769492,0.0025489634769492,36600620.25215713,1,22,0.25
I2,I,15,,0.0012744817384746,0.0012744817384746,32548453.042005945,1,22,0.25
I3,I,15,,,,,0,22,0.25
P1,P,16,-0.0007068276998151,-0.0008339715610973,-0.0015407992609124,20000000.0,1,22,0.25
P2,P,16,-0.0004912841681287,-0.0018847235555258,-0.0023760077236545,20000000.0,1,22,0.25
I1,I,16,,0.0025489634769492,0.0025489634769492,36188399.459844194,1,22,0.25
I2,I,16,,0.0012744817384746,0.0012744817384746,32163889.66381462,1,22,0.25
I3,I,16,,,,,0,22,0.25
P1,P,17,-0.0006551073383183,-0.0008797952384302,-0.0015349025767486,20000000.0,1,22,0.25
P2,P,17,-0.0004543486772149,-0.001909860857701,-0.0023642095349159,20000000.0,1,22,0.25
I1,I,17,,0.0025489634769492,0.0025489634769492,35820323.57354137,1,22,0.25
I2,I,17,,0.0012744817384746,0.0012744817384746,31822137.398384158,1,22,0.25
I3,I,17,,,,,0,22,0.25
P1,P,18,-0.0006095964110021,-0.0009225107118915,-0.0015321071228936,20000000.0,1,22,0.25
P2,P,18,-0.0004224172988482,-0.001930741474674,-0.0023531587735222,20000000.0,1,22,0.25
I1,I,18,,0.0025489634769492,0.0025489634769492,35488347.07790531,1,22,0.25
I2,I,18,,0.0012744817384746,0.0012744817384746,31515288.7794228,1,22,0.25
I3,I,18,,,,,0,22,0.25
P1,P,19,-0.0005692022119588,-0.0009625264248228,-0.0015317286367816,20000000.0,1,22,0.25
P2,P,19,-0.0003945491064904,-0.0019478862738136,-0.0023424353803041,20000000.0,1,22,0.25
I1,I,19,,0.0025489634769492,0.0025489634769492,35186729.72037882,1,22,0.25
I2,I,19,,0.0012744817384746,0.0012744817384746,31237660.3234122,1,22,0.25
I3,I,19,,,,,0,22,0.25
P1,P,20,-0.0005332453227406,-0.0009999133627922,-0.0015331586855328,20000000.0,1,22,0.25
P2,P,20,-0.0003700304934096,-0.0019617857018326,-0.0023318161952422,20000000.0,1,22,0.25
I1,I,20,,0.0025489634769492,0.0025489634769492,34911512.89908688,1,22,0.25
I2,I,20,,0.0012744817384746,0.0012744817384746,30985319.989569627,1,22,0.25
I3,I,20,,,,,0,22,0.25
P1,P,21,-0.0005012695073359,-0.001034802302167,-0.0015360718095029,20000000.0,1,22,0.25
P2,P,21,-0.0003482928300314,-0.001973000285079,-0.0023212931151105,20000000.0,1,22,0.25
I1,I,21,,0.0025489634769492,0.0025489634769492,34659283.66495,1,22,0.25
I2,I,21,,0.0012744817384746,0.0012744817384746,30754876.249846943,1,22,0.25
I3,I,21,,,,,0,22,0.25
P1,P,22,-0.0004727520644193,-0.0010672355470435,-0.0015399876114628,20000000.0,1,22,0.25
P2,P,22,-0.0003288842772242,-0.0019820755220952,-0.0023109597993194,20000000.0,1,22,0.25
I1,I,22,,0.0025489634769492,0.0025489634769492,34427384.35641912,1,22,0.25
I2,I,22,,0.0012744817384746,0.0012744817384746,30543672.9097296,1,22,0.25
I3,I,22,,,,,0,22,0.25
P1,P,23,-0.0005083668651795,-0.0012887530944331,-0.0017971199596126,20000000.0,1,22,0.25
P2,P,23,-0.0003526647329643,-0.0023512793041628,-0.0027039440371271,20000000.0,1,22,0.25
I1,I,23,,0.0025489634769492,0.0025489634769492,35653993.03417284,1,22,0.25
I2,I,23,,0.0012744817384746,0.0012744817384746,31707022.31063077,1,22,0.25
I3,I,23,,0.0009558613038559,0.0009558613038559,31226311.659071,1,22,0.25
P1,P,24,-0.0005007263843231,-0.0013933828093294,-0.0018941091936526,20000000.0,1,22,0.25
P2,P,24,-0.0003456500681714,-0.0024775577655481,-0.0028232078337195,20000000.0,1,22,0.25
I1,I,24,,0.0025489634769492,0.0025489634769492,35752009.597254045,1,22,0.25
I2,I,24,,0.0012744817384746,0.0012744817384746,31797929.09231595,1,22,0.25
I3,I,24,,0.0009558613038559,0.0009558613038559,31236199.496382885,1,22,0.25
P1,P,25,-0.0004786204570793,-0.0014481522289982,-0.0019267726860776,20000000.0,1,22,0.25
P2,P,25,-0.0003298747927508,-0.0025234763043011,-0.002853351097052,20000000.0,1,22,0.25
I1,I,25,,0.0025489634769492,0.0025489634769492,35619405.371148586,1,22,0.25
I2,I,25,,0.0012744817384746,0.0012744817384746,31678127.61423456,1,22,0.25
I3,I,25,,0.0009558613038559,0.0009558613038559,31080795.695606094,1,22,0.25
P1,P,26,-0.0004539850554312,-0.0014853497467924,-0.0019393348022237,20000000.0,1,22,0.25
P2,P,26,-0.0003128886378945,-0.0025429412640135,-0.0028558299019081,20000000.0,1,22,0.25
I1,I,26,,0.0025489634769492,0.0025489634769492,35432832.32246109,1,22,0.25
I2,I,26,,0.0012744817384746,0.0012744817384746,31508483.328051664,1,22,0.25
I3,I,26,,0.0009558613038559,0.0009558613038559,30886823.29439343,1,22,0.25
P1,P,27,-0.0004303462209933,-0.0015157330277148,-0.0019460792487082,20000000.0,1,22,0.25
P2,P,27,-0.0002968379723008,-0.0025533549079733,-0.0028501928802741,20000000.0,1,22,0.25
I1,I,27,,0.0025489634769492,0.0025489634769492,35241963.17789103,1,22,0.25
I2,I,27,,0.0012744817384746,0.0012744817384746,31334947.48524028,1,22,0.25
I3,I,27,,0.0009558613038559,0.0009558613038559,30695030.842517994,1,22,0.25
P1,P,28,-0.0004085712916904,-0.0015427885661426,-0.001951359857833,20000000.0,1,22,0.25
P2,P,28,-0.0002821274738044,-0.0025603532735867,-0.0028424807473911,20000000.0,1,22,0.25
I1,I,28,,0.0025489634769492,0.0025489634769492,35060057.75933001,1,22,0.25
I2,I,28,,0.0012744817384746,0.0012744817384746,31169779.25919492,1,22,0.25
I3,I,28,,0.0009558613038559,0.0009558613038559,30515314.139201272,1,22,0.25
P1,P,29,-0.0003887256062134,-0.0015675451939284,-0.0019562708001418,20000000.0,1,22,0.25
P2,P,29,-0.0002686846271125,-0.0025658747380022,-0.0028345593651148,20000000.0,1,22,0.25
I1,I,29,,0.0025489634769492,0.0025489634769492,34889755.01561732,1,22,0.25
I2,I,29,,0.0012744817384746,0.0012744817384746,31015357.10281958,1,22,0.25
I3,I,29,,0.0009558613038559,0.0009558613038559,30348811.00421245,1,22,0.25
P1,P,0,-0.001502931961175,0.0,-0.001502931961175,20000000.0,1,13,0.25
P2,P,0,-0.0020023545526546,0.0,-0.0020023545526546,20000000.0,1,13,0.25
I1,I,0,,0.0025485462358361,0.0025485462358361,40240226.46979291,1,13,0.25
I2,I,0,,0.001274273117918,0.001274273117918,36032302.539238185,1,13,0.25
I3,I,0,,,,,0,13,0.25
P1,P,1,-0.0014027404331138,0.0,-0.0014027404331138,20000000.0,1,13,0.25
P2,P,1,-0.0018277202780569,0.0,-0.0018277202780569,20000000.0,1,13,0.25
I1,I,1,,0.0025485462358361,0.0025485462358361,40307697.48178841,1,13,0.25
I2,I,1,,0.001274273117918,0.001274273117918,36138522.32116129,1,13,0.25
I3,I,1,,,,,0,13,0.25
P1,P,2,-0.0013991812202747,0.0,-0.0013991812202747,20000000.0,1,13,0.25
P2,P,2,-0.0018021138295349,0.0,-0.0018021138295349,20000000.0,1,13,0.25
I1,I,2,,0.0025485462358361,0.0025485462358361,40666139.16845726,1,13,0.25
I2,I,2,,0.001274273117918,0.001274273117918,36395292.473084494,1,13,0.25
I3,I,2,,,,,0,13,0.25
P1,P,3,-0.0014199533703172,0.0,-0.0014199533703172,20000000.0,1,13,0.25
P2,P,3,-0.0018185740910757,0.0,-0.0018185740910757,20000000.0,1,13,0.25
I1,I,3,,0.0025485462358361,0.0025485462358361,40933385.04431246,1,13,0.25
I2,I,3,,0.001274273117918,0.001274273117918,36589748.2157892,1,13,0.25
I3,I,3,,,,,0,13,0.25
P1,P,4,-0.0014477118809951,0.0,-0.0014477118809951,20000000.0,1,13,0.25
P2,P,4,-0.0018499033327026,0.0,-0.0018499033327026,20000000.0,1,13,0.25
I1,I,4,,0.0025485462358361,0.0025485462358361,41127424.82099264,1,13,0.25
I2,I,4,,0.001274273117918,0.001274273117918,36738321.9039717,1,13,0.25
I3,I,4,,,,,0,13,0.25
P1,P,5,-0.0015617140578939,0.0,-0.0015617140578939,20000000.0,1,13,0.25
P2,P,5,-0.0018368896491197,-6.938002549915212e-05,-0.0019062696746189,20000000.0,1,13,0.25
I1,I,5,,0.0025485462358361,0.0025485462358361,41755943.62059996,1,13,0.25
I2,I,5,,0.001274273117918,0.001274273117918,37299602.80302484,1,13,0.25
I3,I,5,,,,,0,13,0.25
P1,P,6,-0.001633973840445,0.0,-0.001633973840445,20000000.0,1,13,0.25
P2,P,6,-0.0015944867793821,-0.0004554604247962,-0.0020499472041783,20000000.0,1,13,0.25
I1,I,6,,0.0025485462358361,0.0025485462358361,41876192.82809868,1,13,0.25
I2,I,6,,0.001274273117918,0.001274273117918,37358546.08104348,1,13,0.25
I3,I,6,,,,,0,13,0.25
P1,P,7,-0.0016447005370732,-8.87953707379854e-07,-0.0016455884907806,20000000.0,1,13,0.25
P2,P,7,-0.0013547362668291,-0.0008988297103033,-0.0022535659771324,20000000.0,1,13,0.25
I1,I,7,,0.0025485462358361,0.0025485462358361,41568363.71906318,1,13,0.25
I2,I,7,,0.001274273117918,0.001274273117918,37002080.01359473,1,13,0.25
I3,I,7,,,,,0,13,0.25
P1,P,8,-0.0015545264994916,-6.396646111670897e-05,-0.0016184929606083,20000000.0,1,13,0.25
P2,P,8,-0.0011693686331407,-0.0012273293002777,-0.0023966979334184,20000000.0,1,13,0.25
I1,I,8,,0.0025485462358361,0.0025485462358361,40999707.09206741,1,13,0.25
I2,I,8,,0.001274273117918,0.001274273117918,36418473.83887954,1,13,0.25
I3,I,8,,,,,0,13,0.25
P1,P,9,-0.0014215545698596,-0.0002028903021689,-0.0016244448720286,20000000.0,1,13,0.25
P2,P,9,-0.0010217187964843,-0.0014442592062136,-0.002465978002698,20000000.0,1,13,0.25
I1,I,9,,0.0025485462358361,0.0025485462358361,40268116.83192733,1,13,0.25
I2,I,9,,0.001274273117918,0.001274273117918,35702662.80249941,1,13,0.25
I3,I,9,,,,,0,13,0.25
P1,P,10,-0.0012811755087175,-0.0003254015506742,-0.0016065770593917,20000000.0,1,13,0.25
P2,P,10,-0.0009008505295365,-0.0015879025753459,-0.0024887531048824,20000000.0,1,13,0.25
I1,I,10,,0.0025485462358361,0.0025485462358361,39508270.19826715,1,13,0.25
I2,I,10,,0.001274273117918,0.001274273117918,34970707.14940921,1,13,0.25
I3,I,10,,,,,0,13,0.25
P1,P,11,-0.0011421524440271,-0.0004361839701018,-0.0015783364141289,20000000.0,1,13,0.25
P2,P,11,-0.0008011898878486,-0.0016877990390418,-0.0024889889268905,20000000.0,1,13,0.25
I1,I,11,,0.0025485462358361,0.0025485462358361,38792623.487144604,1,13,0.25
I2,I,11,,0.001274273117918,0.001274273117918,34286452.89775098,1,13,0.25
I3,I,11,,,,,0,13,0.25
P1,P,12,-0.0010157987980037,-0.00053792360599,-0.0015537224039938,20000000.0,1,13,0.25
P2,P,12,-0.000718647493849,-0.0017604877954442,-0.0024791352892933,20000000.0,1,13,0.25
I1,I,12,,0.0025485462358361,0.0025485462358361,38141746.59834476,1,13,0.25
I2,I,12,,0.001274273117918,0.001274273117918,33668181.51944137,1,13,0.25
I3,I,12,,,,,0,13,0.25
P1,P,13,-0.0009115960469154,-0.0006204348851353,-0.0015320309320508,20000000.0,1,13,0.25
P2,P,13,-0.00065004677677,-0.0018159035669636,-0.0024659503437337,20000000.0,1,13,0.25
I1,I,13,,0.0025485462358361,0.0025485462358361,37561546.86271836,1,13,0.25
I2,I,13,,0.001274273117918,0.001274273117918,33120168.49364581,1,13,0.25
I3,I,13,,,,,0,13,0.25
P1,P,14,-0.0009094587060934,-0.0007930900097379,-0.0017025487158314,20000000.0,1,13,0.25
P2,P,14,-0.0006467122789616,-0.0021594150617712,-0.0028061273407328,20000000.0,1,13,0.25
I1,I,14,,0.0025485462358361,0.0025485462358361,38628714.927963614,1,13,0.25
I2,I,14,,0.001274273117918,0.001274273117918,34134762.47829081,1,13,0.25
I3,I,14,,0.0009557048384385,0.0009557048384385,34804735.08231876,1,13,0.25
P1,P,15,-0.0008693750009847,-0.000921127594006,-0.0017905025949907,20000000.0,1,13,0.25
P2,P,15,-0.0006166957172462,-0.0023392078049098,-0.002955903522156,20000000.0,1,13,0.25
I1,I,15,,0.0025485462358361,0.0025485462358361,38631758.28840731,1,13,0.25
I2,I,15,,0.001274273117918,0.001274273117918,34125585.87789504,1,13,0.25
I3,I,15,,0.0009557048384385,0.0009557048384385,34694735.033804454,1,13,0.25
P1,P,16,-0.000811965663015,-0.0010104788776052,-0.0018224445406203,20000000.0,1,13,0.25
P2,P,16,-0.0005772040425494,-0.0024381691204405,-0.0030153731629899,20000000.0,1,13,0.25
I1,I,16,,0.0025485462358361,0.0025485462358361,38358468.07745913,1,13,0.25
I2,I,16,,0.001274273117918,0.001274273117918,33867515.97185125,1,13,0.25
I3,I,16,,0.0009557048384385,0.0009557048384385,34394952.41725033,1,13,0.25
P1,P,17,-0.0007517718176194,-0.0010800830427883,-0.0018318548604077,20000000.0,1,13,0.25
P2,P,17,-0.0005368732874509,-0.002497013174492,-0.0030338864619429,20000000.0,1,13,0.25
I1,I,17,,0.0025485462358361,0.0025485462358361,37996530.16280645,1,13,0.25
I2,I,17,,0.001274273117918,0.001274273117918,33529785.43294899,1,13,0.25
I3,I,17,,0.0009557048384385,0.0009557048384385,34028878.768762775,1,13,0.25
P1,P,18,-0.0006943999271439,-0.001141109510237,-0.001835509437381,20000000.0,1,13,0.25
P2,P,18,-0.0004990542188246,-0.0025343176060107,-0.0030333718248353,20000000.0,1,13,0.25
I1,I,18,,0.0025485462358361,0.0025485462358361,37615254.92036089,1,13,0.25
I2,I,18,,0.001274273117918,0.001274273117918,33176180.19035377,1,13,0.25
I3,I,18,,0.0009557048384385,0.0009557048384385,33652795.19195251,1,13,0.25
P1,P,19,-0.0006417000569639,-0.0011977729247549,-0.0018394729817189,20000000.0,1,13,0.25
P2,P,19,-0.0004646800271438,-0.0025588970018542,-0.0030235770289981,20000000.0,1,13,0.25
I1,I,19,,0.0025485462358361,0.0025485462358361,37241754.643484175,1,13,0.25
I2,I,19,,0.001274273117918,0.001274273117918,32831500.950511687,1,13,0.25
I3,I,19,,0.0009557048384385,0.0009557048384385,33288868.49743161,1,13,0.25
P1,P,20,-0.0005942062847955,-0.0012508679512139,-0.0018450742360094,20000000.0,1,13,0.25
P2,P,20,-0.0004337890685134,-0.0025754522389236,-0.0030092413074371,20000000.0,1,13,0.25
I1,I,20,,0.0025485462358361,0.0025485462358361,36886716.569668494,1,13,0.25
I2,I,20,,0.001274273117918,0.001274273117918,32505182.864133347,1,13,0.25
I3,I,20,,0.0009557048384385,0.0009557048384385,32945482.023381505,1,13,0.25
P1,P,21,-0.0005519734000156,-0.001300273747248,-0.0018522471472637,20000000.0,1,13,0.25
P2,P,21,-0.0004061249941419,-0.0025866206621562,-0.0029927456562981,20000000.0,1,13,0.25
I1,I,21,,0.0025485462358361,0.0025485462358361,36554150.81801191,1,13,0.25
I2,I,21,,0.001274273117918,0.001274273117918,32200557.68345188,1,13,0.25
I3,I,21,,0.0009557048384385,0.0009557048384385,32625460.87337109,1,13,0.25
P1,P,22,-0.0005146881225068,-0.0013458373161261,-0.0018605254386329,20000000.0,1,13,0.25
P2,P,22,-0.0003813920674904,-0.0025939722594595,-0.00297536432695,20000000.0,1,13,0.25
I1,I,22,,0.0025485462358361,0.0025485462358361,36245400.76637894,1,13,0.25
I2,I,22,,0.001274273117918,0.001274273117918,31918612.786058363,1,13,0.25
I3,I,22,,0.0009557048384385,0.0009557048384385,32329508.22035332,1,13,0.25
P1,P,23,-0.0004818544538731,-0.0013875571498799,-0.0018694116037531,20000000.0,1,13,0.25
P2,P,23,-0.0003592696184354,-0.0025987356586142,-0.0029580052770496,20000000.0,1,13,0.25
I1,I,23,,0.0025485462358361,0.0025485462358361,35960275.23530098,1,13,0.25
I2,I,23,,0.001274273117918,0.001274273117918,31658944.785903808,1,13,0.25
I3,I,23,,0.0009557048384385,0.0009557048384385,32057058.209475137,1,13,0.25
P1,P,24,-0.0004528866498969,-0.0014256319398757,-0.0018785185897726,20000000.0,1,13,0.25
P2,P,24,-0.0003394232735679,-0.0026018490858356,-0.0029412723594036,20000000.0,1,13,0.25
I1,I,24,,0.0025485462358361,0.0025485462358361,35697560.563740626,1,13,0.25
I2,I,24,,0.001274273117918,0.001274273117918,31420263.056121107,1,13,0.25
I3,I,24,,0.0009557048384385,0.0009557048384385,31806690.78433785,1,13,0.25
P1,P,25,-0.0004272365374712,-0.0014601574355791,-0.0018873939730503,20000000.0,1,13,0.25
P2,P,25,-0.0003215262844062,-0.0026041020917098,-0.0029256283761161,20000000.0,1,13,0.25
I1,I,25,,0.0025485462358361,0.0025485462358361,35455733.854417495,1,13,0.25
I2,I,25,,0.001274273117918,0.001274273117918,31200996.968789395,1,13,0.25
I3,I,25,,0.0009557048384385,0.0009557048384385,31576751.527841046,1,13,0.25
P1,P,26,-0.0004043999636243,-0.0014915174416252,-0.0018959174052496,20000000.0,1,13,0.25
P2,P,26,-0.0003052924224953,-0.0026059353292607,-0.0029112277517561,20000000.0,1,13,0.25
I1,I,26,,0.0025485462358361,0.0025485462358361,35232857.57832684,1,13,0.25
I2,I,26,,0.001274273117918,0.001274273117918,30999255.100460164,1,13,0.25
I3,I,26,,0.0009557048384385,0.0009557048384385,31365248.295432936,1,13,0.25
P1,P,27,-0.0003839241050499,-0.0015200875359402,-0.0019040116409902,20000000.0,1,13,0.25
P2,P,27,-0.0002904853692549,-0.0026075696601496,-0.0028980550294046,20000000.0,1,13,0.25
I1,I,27,,0.0025485462358361,0.0025485462358361,35027043.64712983,1,13,0.25
I2,I,27,,0.001274273117918,0.001274273117918,30813235.02463907,1,13,0.25
I3,I,27,,0.0009557048384385,0.0009557048384385,31170277.2519119,1,13,0.25
P1,P,28,-0.0003654266472358,-0.0015462383346116,-0.0019116649818474,20000000.0,1,13,0.25
P2,P,28,-0.0002769135641806,-0.002609100433434,-0.0028860139976147,20000000.0,1,13,0.25
I1,I,28,,0.0025485462358361,0.0025485462358361,34836567.86233839,1,13,0.25
I2,I,28,,0.001274273117918,0.001274273117918,30641320.12459883,1,13,0.25
I3,I,28,,0.0009557048384385,0.0009557048384385,30990127.19300573,1,13,0.25
P1,P,29,-0.0003486004217685,-0.001570289059198,-0.0019188894809666,20000000.0,1,13,0.25
P2,P,29,-0.0002644325511515,-0.0026105524204987,-0.0028749849716503,20000000.0,1,13,0.25
I1,I,29,,0.0025485462358361,0.0025485462358361,34659932.33031899,1,13,0.25
I2,I,29,,0.001274273117918,0.001274273117918,30482120.18758261,1,13,0.25
I3,I,29,,0.0009557048384385,0.0009557048384385,30823322.941804983,1,13,0.25
P1,P,0,-0.0016295700630996,0.0,-0.0016295700630996,20000000.0,1,15,0.25
P2,P,0,-0.0018789112006896,0.0,-0.0018789112006896,20000000.0,1,15,0.25
I1,I,0,,0.0025446512317736,0.0025446512317736,39558476.66180045,1,15,0.25
I2,I,0,,0.0012723256158868,0.0012723256158868,36187947.3853632,1,15,0.25
I3,I,0,,,,,0,15,0.25
P1,P,1,-0.0015037297212479,0.0,-0.0015037297212479,20000000.0,1,15,0.25
P2,P,1,-0.0017376498209905,0.0,-0.0017376498209905,20000000.0,1,15,0.25
I1,I,1,,0.0025446512317736,0.0025446512317736,39752079.02448722,1,15,0.25
I2,I,1,,0.0012723256158868,0.0012723256158868,36270560.113399886,1,15,0.25
I3,I,1,,,,,0,15,0.25
P1,P,2,-0.0014938553095941,0.0,-0.0014938553095941,20000000.0,1,15,0.25
P2,P,2,-0.0017219530915438,0.0,-0.0017219530915438,20000000.0,1,15,0.25
I1,I,2,,0.0025446512317736,0.0025446512317736,40139187.52933325,1,15,0.25
I2,I,2,,0.0012723256158868,0.0012723256158868,36529639.37272766,1,15,0.25
I3,I,2,,,,,0,15,0.25
P1,P,3,-0.0015137680521883,0.0,-0.0015137680521883,20000000.0,1,15,0.25
P2,P,3,-0.0017402084668315,0.0,-0.0017402084668315,20000000.0,1,15,0.25
I1,I,3,,0.0025446512317736,0.0025446512317736,40412392.48868612,1,15,0.25
I2,I,3,,0.0012723256158868,0.0012723256158868,36724475.89073299,1,15,0.25
I3,I,3,,,,,0,15,0.25
P1,P,4,-0.001542344972047,0.0,-0.001542344972047,20000000.0,1,15,0.25
P2,P,4,-0.0017702247289577,0.0,-0.0017702247289577,20000000.0,1,15,0.25
I1,I,4,,0.0025446512317736,0.0025446512317736,40605982.65977564,1,15,0.25
I2,I,4,,0.0012723256158868,0.0012723256158868,36871824.16494244,1,15,0.25
I3,I,4,,,,,0,15,0.25
P1,P,5,-0.0016596579620495,0.0,-0.0016596579620495,20000000.0,1,15,0.25
P2,P,5,-0.0017698855824358,-5.630900295006837e-05,-0.0018261945853858,20000000.0,1,15,0.25
I1,I,5,,0.0025446512317736,0.0025446512317736,41214262.0541687,1,15,0.25
I2,I,5,,0.0012723256158868,0.0012723256158868,37416355.25521222,1,15,0.25
I3,I,5,,,,,0,15,0.25
P1,P,6,-0.001737181548249,0.0,-0.001737181548249,20000000.0,1,15,0.25
P2,P,6,-0.0015361719105388,-0.0003981652431978,-0.0019343371537366,20000000.0,1,15,0.25
I1,I,6,,0.0025446512317736,0.0025446512317736,41350632.46403715,1,15,0.25
I2,I,6,,0.0012723256158868,0.0012723256158868,37501496.16057668,1,15,0.25
I3,I,6,,,,,0,15,0.25
P1,P,7,-0.001742336528992,-2.2816116799983677e-06,-0.001744618140672,20000000.0,1,15,0.25
P2,P,7,-0.0013092291734449,-0.000811945466088,-0.002121174639533,20000000.0,1,15,0.25
I1,I,7,,0.0025446512317736,0.0025446512317736,41087605.3803234,1,15,0.25
I2,I,7,,0.0012723256158868,0.0012723256158868,37195157.57248188,1,15,0.25
I3,I,7,,,,,0,15,0.25
P1,P,8,-0.0016234950952658,-8.581562347959356e-05,-0.0017093107187454,20000000.0,1,15,0.25
P2,P,8,-0.0011349303595149,-0.0011298085526952,-0.0022647389122101,20000000.0,1,15,0.25
I1,I,8,,0.0025446512317736,0.0025446512317736,40577733.29952254,1,15,0.25
I2,I,8,,0.0012723256158868,0.0012723256158868,36670371.43180932,1,15,0.25
I3,I,8,,,,,0,15,0.25
P1,P,9,-0.0014634044291892,-0.0002690951917189,-0.0017324996209081,20000000.0,1,15,0.25
P2,P,9,-0.0009901878875612,-0.0013500563472873,-0.0023402442348485,20000000.0,1,15,0.25
I1,I,9,,0.0025446512317736,0.0025446512317736,39862713.26967555,1,15,0.25
I2,I,9,,0.0012723256158868,0.0012723256158868,35971591.146797895,1,15,0.25
I3,I,9,,,,,0,15,0.25
P1,P,10,-0.0013116511766315,-0.000442872415513,-0.0017545235921446,20000000.0,1,15,0.25
P2,P,10,-0.0008657185509143,-0.0014945743302551,-0.0023602928811695,20000000.0,1,15,0.25
I1,I,10,,0.0025446512317736,0.0025446512317736,39042852.23357176,1,15,0.25
I2,I,10,,0.0012723256158868,0.0012723256158868,35185306.16742262,1,15,0.25
I3,I,10,,,,,0,15,0.25
P1,P,11,-0.0011742873492253,-0.000575179536471,-0.0017494668856964,20000000.0,1,15,0.25
P2,P,11,-0.0007611577484432,-0.0015883494877007,-0.0023495072361439,20000000.0,1,15,0.25
I1,I,11,,0.0025446512317736,0.0025446512317736,38233423.32987718,1,15,0.25
I2,I,11,,0.0012723256158868,0.0012723256158868,34414806.13042056,1,15,0.25
I3,I,11,,,,,0,15,0.25
P1,P,12,-0.0010498383377986,-0.0006706014216877,-0.0017204397594864,20000000.0,1,15,0.25
P2,P,12,-0.0006762030678053,-0.0016536873312441,-0.0023298903990494,20000000.0,1,15,0.25
I1,I,12,,0.0025446512317736,0.0025446512317736,37512114.80973449,1,15,0.25
I2,I,12,,0.0012723256158868,0.0012723256158868,33731016.37468537,1,15,0.25
I3,I,12,,,,,0,15,0.25
P1,P,13,-0.000946859518596,-0.0007454183075202,-0.0016922778261163,20000000.0,1,15,0.25
P2,P,13,-0.0006076216087106,-0.0017030033762577,-0.0023106249849683,20000000.0,1,15,0.25
I1,I,13,,0.0025446512317736,0.0025446512317736,36888839.877645575,1,15,0.25
I2,I,13,,0.0012723256158868,0.0012723256158868,33143021.72493861,1,15,0.25
I3,I,13,,,,,0,15,0.25
P1,P,14,-0.0008643597503406,-0.0008078198182007,-0.0016721795685413,20000000.0,1,15,0.25
P2,P,14,-0.000551466880284,-0.0017419065713185,-0.0022933734516025,20000000.0,1,15,0.25
I1,I,14,,0.0025446512317736,0.0025446512317736,36347662.698976144,1,15,0.25
I2,I,14,,0.0012723256158868,0.0012723256158868,32635325.17928044,1,15,0.25
I3,I,14,,,,,0,15,0.25
P1,P,15,-0.0007956267367185,-0.0008625248363545,-0.0016581515730731,20000000.0,1,15,0.25
P2,P,15,-0.0005047695068302,-0.0017732155773932,-0.0022779850842234,20000000.0,1,15,0.25
I1,I,15,,0.0025446512317736,0.0025446512317736,35873554.56871348,1,15,0.25
I2,I,15,,0.0012723256158868,0.0012723256158868,32192999.266509145,1,15,0.25
I3,I,15,,,,,0,15,0.25
P1,P,16,-0.0008180253618075,-0.0010614363538804,-0.0018794617156879,20000000.0,1,15,0.25
P2,P,16,-0.0005129401601096,-0.0020961858458735,-0.0026091260059831,20000000.0,1,15,0.25
I1,I,16,,0.0025446512317736,0.0025446512317736,37001755.58090375,1,15,0.25
I2,I,16,,0.0012723256158868,0.0012723256158868,33255523.670869008,1,15,0.25
I3,I,16,,0.0009542442119151,0.0009542442119151,33471124.619350683,1,15,0.25
P1,P,17,-0.0007891204995629,-0.0011940096979602,-0.0019831301975231,20000000.0,1,15,0.25
P2,P,17,-0.0004942608610102,-0.0022465035932707,-0.0027407644542809,20000000.0,1,15,0.25
I1,I,17,,0.0025446512317736,0.0025446512317736,37035034.65899093,1,15,0.25
I2,I,17,,0.0012723256158868,0.0012723256158868,33283091.97423797,1,15,0.25
I3,I,17,,0.0009542442119151,0.0009542442119151,33397487.690455336,1,15,0.25
P1,P,18,-0.0007384279394326,-0.0012842951002804,-0.002022723039713,20000000.0,1,15,0.25
P2,P,18,-0.0004660353413259,-0.0023194873764063,-0.0027855227177322,20000000.0,1,15,0.25
I1,I,18,,0.0025446512317736,0.0025446512317736,36798116.86490681,1,15,0.25
I2,I,18,,0.0012723256158868,0.0012723256158868,33064558.49491806,1,15,0.25
I3,I,18,,0.0009542442119151,0.0009542442119151,33135821.725511707,1,15,0.25
P1,P,19,-0.0006841646667208,-0.0013542348329837,-0.0020383994997046,20000000.0,1,15,0.25
P2,P,19,-0.0004363136373249,-0.0023579802308261,-0.002794293868151,20000000.0,1,15,0.25
I1,I,19,,0.0025446512317736,0.0025446512317736,36481405.61292718,1,15,0.25
I2,I,19,,0.0012723256158868,0.0012723256158868,32772451.16350132,1,15,0.25
I3,I,19,,0.0009542442119151,0.0009542442119151,32814545.38264181,1,15,0.25
P1,P,20,-0.0006329914782249,-0.0014134043032201,-0.002046395781445,20000000.0,1,15,0.25
P2,P,20,-0.0004082092483827,-0.0023802446128364,-0.0027884538612192,20000000.0,1,15,0.25
I1,I,20,,0.0025446512317736,0.0025446512317736,36152291.33656921,1,15,0.25
I2,I,20,,0.0012723256158868,0.0012723256158868,32469391.773372136,1,15,0.25
I3,I,20,,0.0009542442119151,0.0009542442119151,32489043.12998242,1,15,0.25
P1,P,21,-0.0005869836745616,-0.0014658733737913,-0.0020528570483529,20000000.0,1,15,0.25
P2,P,21,-0.0003826588371441,-0.0023939935053627,-0.0027766523425068,20000000.0,1,15,0.25
I1,I,21,,0.0025446512317736,0.0025446512317736,35835122.88623571,1,15,0.25
I2,I,21,,0.0012723256158868,0.0012723256158868,32178064.95152542,1,15,0.25
I3,I,21,,0.0009542442119151,0.0009542442119151,32179218.93616717,1,15,0.25
P1,P,22,-0.000546411534248,-0.00151316317071,-0.002059574704958,20000000.0,1,15,0.25
P2,P,22,-0.0003597241630223,-0.0024028445862818,-0.0027625687493041,20000000.0,1,15,0.25
I1,I,22,,0.0025446512317736,0.0025446512317736,35537877.39821054,1,15,0.25
I2,I,22,,0.0012723256158868,0.0012723256158868,31905768.370755963,1,15,0.25
I3,I,22,,0.0009542442119151,0.0009542442119151,31891076.13759146,1,15,0.25
P1,P,23,-0.0005107664016201,-0.0015560345213573,-0.0020668009229774,20000000.0,1,15,0.25
P2,P,23,-0.0003391598970005,-0.0024087414197255,-0.002747901316726,20000000.0,1,15,0.25
I1,I,23,,0.0025446512317736,0.0025446512317736,35262277.67974203,1,15,0.25
I2,I,23,,0.0012723256158868,0.0012723256158868,31653931.70716413,1,15,0.25
I3,I,23,,0.0009542442119151,0.0009542442119151,31625356.14368202,1,15,0.25
P1,P,24,-0.000479337162902,-0.0015949971942384,-0.0020743343571404,20000000.0,1,15,0.25
P2,P,24,-0.0003206645043334,-0.0024128209351278,-0.0027334854394612,20000000.0,1,15,0.25
I1,I,24,,0.0025446512317736,0.0025446512317736,35007764.31862373,1,15,0.25
I2,I,24,,0.0012723256158868,0.0012723256158868,31421880.086361047,1,15,0.25
I3,I,24,,0.0009542442119151,0.0009542442119151,31380973.9914787,1,15,0.25
P1,P,25,-0.0004514619655579,-0.0016304941661259,-0.0020819561316839,20000000.0,1,15,0.25
P2,P,25,-0.000303981034701,-0.0024156969786088,-0.0027196780133099,20000000.0,1,15,0.25
I1,I,25,,0.0025446512317736,0.0025446512317736,34773076.959421694,1,15,0.25
I2,I,25,,0.0012723256158868,0.0012723256158868,31208349.34741149,1,15,0.25
I3,I,25,,0.0009542442119151,0.0009542442119151,31156383.651734624,1,15,0.25
P1,P,26,-0.0004265902314811,-0.0016629175596363,-0.0020895077911174,20000000.0,1,15,0.25
P2,P,26,-0.0002889069407994,-0.0024177127705805,-0.0027066197113799,20000000.0,1,15,0.25
I1,I,26,,0.0025446512317736,0.0025446512317736,34556816.15435516,1,15,0.25
I2,I,26,,0.0012723256158868,0.0012723256158868,31011992.908687863,1,15,0.25
I3,I,26,,0.0009542442119151,0.0009542442119151,30950029.1295524,1,15,0.25
P1,P,27,-0.0004042646546845,-0.0016926029719613,-0.0020968676266459,20000000.0,1,15,0.25
P2,P,27,-0.0002752619506846,-0.0024191370023123,-0.0026943989529969,20000000.0,1,15,0.25
I1,I,27,,0.0025446512317736,0.0025446512317736,34357529.17546433,1,15,0.25
I2,I,27,,0.0012723256158868,0.0012723256158868,30831425.32644249,1,15,0.25
I3,I,27,,0.0009542442119151,0.0009542442119151,30760369.536075767,1,15,0.25
P1,P,28,-0.0003840727840948,-0.0017198410404931,-0.0021039138245879,20000000.0,1,15,0.25
P2,P,28,-0.0002628705175266,-0.0024202253798794,-0.002683095897406,20000000.0,1,15,0.25
I1,I,28,,0.0025446512317736,0.0025446512317736,34173758.27440979,1,15,0.25
I2,I,28,,0.0012723256158868,0.0012723256158868,30665250.53249236,1,15,0.25
I3,I,28,,0.0009542442119151,0.0009542442119151,30585895.609827843,1,15,0.25
P1,P,29,-0.0003656862499842,-0.0017449654324938,-0.002110651682478,20000000.0,1,15,0.25
P2,P,29,-0.0002515453322208,-0.0024211705985869,-0.0026727159308078,20000000.0,1,15,0.25
I1,I,29,,0.0025446512317736,0.0025446512317736,34003867.84114339,1,15,0.25
I2,I,29,,0.0012723256158868,0.0012723256158868,30511910.75267828,1,15,0.25
I3,I,29,,0.0009542442119151,0.0009542442119151,30424949.049922623,1,15,0.25
P1,P,0,-0.0015411264098172,0.0,-0.0015411264098172,20000000.0,1,12,0.25
P2,P,0,-0.0019878776356912,0.0,-0.0019878776356912,20000000.0,1,12,0.25
I1,I,0,,0.0025451453599834,0.0025451453599834,39497726.35977841,1,12,0.25
I2,I,0,,0.0012725726799917,0.0012725726799917,36284453.885201216,1,12,0.25
I3,I,0,,,,,0,12,0.25
P1,P,1,-0.0014329243050227,0.0,-0.0014329243050227,20000000.0,1,12,0.25
P2,P,1,-0.0018247077121313,0.0,-0.0018247077121313,20000000.0,1,12,0.25
I1,I,1,,0.0025451453599834,0.0025451453599834,39671284.07492951,1,12,0.25
I2,I,1,,0.0012725726799917,0.0012725726799917,36313562.86133855,1,12,0.25
I3,I,1,,,,,0,12,0.25
P1,P,2,-0.0014267502607309,0.0,-0.0014267502607309,20000000.0,1,12,0.25
P2,P,2,-0.0018026837635774,0.0,-0.0018026837635774,20000000.0,1,12,0.25
I1,I,2,,0.0025451453599834,0.0025451453599834,40036288.86721857,1,12,0.25
I2,I,2,,0.0012725726799917,0.0012725726799917,36544267.6065971,1,12,0.25
I3,I,2,,,,,0,12,0.25
P1,P,3,-0.0014463302504859,0.0,-0.0014463302504859,20000000.0,1,12,0.25
P2,P,3,-0.0018192666452884,0.0,-0.0018192666452884,20000000.0,1,12,0.25
I1,I,3,,0.0025451453599834,0.0025451453599834,40294928.487193935,1,12,0.25
I2,I,3,,0.0012725726799917,0.0012725726799917,36723484.147055045,1,12,0.25
I3,I,3,,,,,0,12,0.25
P1,P,4,-0.0014732967134077,0.0,-0.0014732967134077,20000000.0,1,12,0.25
P2,P,4,-0.0018492433041064,0.0,-0.0018492433041064,20000000.0,1,12,0.25
I1,I,4,,0.0025451453599834,0.0025451453599834,40478146.98478017,1,12,0.25
I2,I,4,,0.0012725726799917,0.0012725726799917,36860622.19211835,1,12,0.25
I3,I,4,,,,,0,12,0.25
P1,P,5,-0.0015843862025976,0.0,-0.0015843862025976,20000000.0,1,12,0.25
P2,P,5,-0.0018339857496992,-6.588679074294924e-05,-0.0018998725404422,20000000.0,1,12,0.25
I1,I,5,,0.0025451453599834,0.0025451453599834,41058381.81007491,1,12,0.25
I2,I,5,,0.0012725726799917,0.0012725726799917,37382766.32131465,1,12,0.25
I3,I,5,,,,,0,12,0.25
P1,P,6,-0.0016550230899002,0.0,-0.0016550230899002,20000000.0,1,12,0.25
P2,P,6,-0.0015837219597098,-0.0004459555762066,-0.0020296775359165,20000000.0,1,12,0.25
I1,I,6,,0.0025451453599834,0.0025451453599834,41154784.7773322,1,12,0.25
I2,I,6,,0.0012725726799917,0.0012725726799917,37424612.78867137,1,12,0.25
I3,I,6,,,,,0,12,0.25
P1,P,7,-0.0016581049344172,-1.251463328220592e-06,-0.0016593563977454,20000000.0,1,12,0.25
P2,P,7,-0.0013392793173167,-0.0008944290304108,-0.0022337083477275,20000000.0,1,12,0.25
I1,I,7,,0.0025451453599834,0.0025451453599834,40835367.77636431,1,12,0.25
I2,I,7,,0.0012725726799917,0.0012725726799917,37054698.56069619,1,12,0.25
I3,I,7,,,,,0,12,0.25
P1,P,8,-0.0015453377733913,-6.925016263348688e-05,-0.0016145879360248,20000000.0,1,12,0.25
P2,P,8,-0.0011505621297562,-0.0012356016773378,-0.0023861638070941,20000000.0,1,12,0.25
I1,I,8,,0.0025451453599834,0.0025451453599834,40274710.92572133,1,12,0.25
I2,I,8,,0.0012725726799917,0.0012725726799917,36471728.03137294,1,12,0.25
I3,I,8,,,,,0,12,0.25
P1,P,9,-0.0013981734654624,-0.0002243262434787,-0.0016224997089411,20000000.0,1,12,0.25
P2,P,9,-0.0009985975811046,-0.0014654335090983,-0.002464031090203,20000000.0,1,12,0.25
I1,I,9,,0.0025451453599834,0.0025451453599834,39533958.7344468,1,12,0.25
I2,I,9,,0.0012725726799917,0.0012725726799917,35743191.38732701,1,12,0.25
I3,I,9,,,,,0,12,0.25
P1,P,10,-0.0012576847157517,-0.0003780892426761,-0.0016357739584278,20000000.0,1,12,0.25
P2,P,10,-0.0008726321673978,-0.0016092095515366,-0.0024818417189344,20000000.0,1,12,0.25
I1,I,10,,0.0025451453599834,0.0025451453599834,38710740.65774168,1,12,0.25
I2,I,10,,0.0012725726799917,0.0012725726799917,34954308.559426524,1,12,0.25
I3,I,10,,,,,0,12,0.25
P1,P,11,-0.0011276974124625,-0.0005012943812126,-0.0016289917936751,20000000.0,1,12,0.25
P2,P,11,-0.0007687682723433,-0.0016983252021634,-0.0024670934745067,20000000.0,1,12,0.25
I1,I,11,,0.0025451453599834,0.0025451453599834,37911229.3899863,1,12,0.25
I2,I,11,,0.0012725726799917,0.0012725726799917,34197046.35436535,1,12,0.25
I3,I,11,,,,,0,12,0.25
P1,P,12,-0.0010106502331777,-0.0005976466543186,-0.0016082968874964,20000000.0,1,12,0.25
P2,P,12,-0.000684467348439,-0.0017571720212961,-0.0024416393697352,20000000.0,1,12,0.25
I1,I,12,,0.0025451453599834,0.0025451453599834,37197255.16450248,1,12,0.25
I2,I,12,,0.0012725726799917,0.0012725726799917,33525117.89778921,1,12,0.25
I3,I,12,,,,,0,12,0.25
P1,P,13,-0.0009996056708651,-0.000777757092802,-0.0017773627636672,20000000.0,1,12,0.25
P2,P,13,-0.000670477524129,-0.0020868775027152,-0.0027573550268443,20000000.0,1,12,0.25
I1,I,13,,0.0025451453599834,0.0025451453599834,38152211.71144157,1,12,0.25
I2,I,13,,0.0012725726799917,0.0012725726799917,34430649.092896186,1,12,0.25
I3,I,13,,0.0009544295099937,0.0009544295099937,34577831.296811,1,12,0.25
P1,P,14,-0.0009514736084866,-0.0009095491729877,-0.0018610227814744,20000000.0,1,12,0.25
P2,P,14,-0.0006339812754918,-0.0022643456520147,-0.0028983269275066,20000000.0,1,12,0.25
I1,I,14,,0.0025451453599834,0.0025451453599834,38090014.83872745,1,12,0.25
I2,I,14,,0.0012725726799917,0.0012725726799917,34361731.133448,1,12,0.25
I3,I,14,,0.0009544295099937,0.0009544295099937,34404439.07943689,1,12,0.25
P1,P,15,-0.0008872417658276,-0.0010016291152003,-0.001888870881028,20000000.0,1,12,0.25
P2,P,15,-0.0005908179286208,-0.0023635382481077,-0.0029543561767286,20000000.0,1,12,0.25
I1,I,15,,0.0025451453599834,0.0025451453599834,37777812.43308072,1,12,0.25
I2,I,15,,0.0012725726799917,0.0012725726799917,34068557.27225334,1,12,0.25
I3,I,15,,0.0009544295099937,0.0009544295099937,34067588.66809362,1,12,0.25
P1,P,16,-0.0008210441658088,-0.0010734272765352,-0.0018944714423441,20000000.0,1,12,0.25
P2,P,16,-0.000548596608697,-0.0024229973018222,-0.0029715939105193,20000000.0,1,12,0.25
I1,I,16,,0.0025451453599834,0.0025451453599834,37393441.853918605,1,12,0.25
I2,I,16,,0.0012725726799917,0.0012725726799917,33711058.21529919,1,12,0.25
I3,I,16,,0.0009544295099937,0.0009544295099937,33680505.785390064,1,12,0.25
P1,P,17,-0.0007577303838591,-0.0011367285946807,-0.0018944589785398,20000000.0,1,12,0.25
P2,P,17,-0.0005099563948478,-0.0024611353495082,-0.0029710917443561,20000000.0,1,12,0.25
I1,I,17,,0.0025451453599834,0.0025451453599834,37000866.52011752,1,12,0.25
I2,I,17,,0.0012725726799917,0.0012725726799917,33347992.19997956,1,12,0.25
I3,I,17,,0.0009544295099937,0.0009544295099937,33294151.29350009,1,12,0.25
P1,P,18,-0.0006990868508042,-0.0011961200665428,-0.001895206917347,20000000.0,1,12,0.25
P2,P,18,-0.0004753939771561,-0.002486686412373,-0.0029620803895291,20000000.0,1,12,0.25
I1,I,18,,0.0025451453599834,0.0025451453599834,36623286.806039855,1,12,0.25
I2,I,18,,0.0012725726799917,0.0012725726799917,33000565.15674077,1,12,0.25
I3,I,18,,0.0009544295099937,0.0009544295099937,32926912.81710023,1,12,0.25
P1,P,19,-0.0006459217353498,-0.0012522493657365,-0.0018981711010863,20000000.0,1,12,0.25
P2,P,19,-0.0004447094308756,-0.002504089729423,-0.0029487991602987,20000000.0,1,12,0.25
I1,I,19,,0.0025451453599834,0.0025451453599834,36268795.49123998,1,12,0.25
I2,I,19,,0.0012725726799917,0.0012725726799917,32675899.079418182,1,12,0.25
I3,I,19,,0.0009544295099937,0.0009544295099937,32584716.162746426,1,12,0.25
P1,P,20,-0.0005985887494688,-0.0013048070604588,-0.0019033958099277,20000000.0,1,12,0.25
P2,P,20,-0.0004174658865985,-0.0025159209064979,-0.0029333867930964,20000000.0,1,12,0.25
I1,I,20,,0.0025451453599834,0.0025451453599834,35939353.23875005,1,12,0.25
I2,I,20,,0.0012725726799917,0.0012725726799917,32375436.644849323,1,12,0.25
I3,I,20,,0.0009544295099937,0.0009544295099937,32268415.773915883,1,12,0.25
P1,P,21,-0.0005568906916461,-0.0013535889993406,-0.0019104796909868,20000000.0,1,12,0.25
P2,P,21,-0.0003931437603486,-0.0025238561223437,-0.0029169998826924,20000000.0,1,12,0.25
I1,I,21,,0.0025451453599834,0.0025451453599834,35634325.313766204,1,12,0.25
I2,I,21,,0.0012725726799917,0.0012725726799917,32098281.86935085,1,12,0.25
I3,I,21,,0.0009544295099937,0.0009544295099937,31976777.0523316,1,12,0.25
P1,P,22,-0.0005202382728584,-0.0013983201933802,-0.0019185584662387,20000000.0,1,12,0.25
P2,P,22,-0.0003712630764634,-0.0025293590966377,-0.0029006221731011,20000000.0,1,12,0.25
I1,I,22,,0.0025451453599834,0.0025451453599834,35352288.94306596,1,12,0.25
I2,I,22,,0.0012725726799917,0.0012725726799917,31842765.103425454,1,12,0.25
I3,I,22,,0.0009544295099937,0.0009544295099937,31707991.511252757,1,12,0.25
P1,P,23,-0.000487854253833,-0.0014392250696049,-0.001927079323438,20000000.0,1,12,0.25
P2,P,23,-0.0003514614370955,-0.0025332658142672,-0.0028847272513628,20000000.0,1,12,0.25
I1,I,23,,0.0025451453599834,0.0025451453599834,35091720.122978486,1,12,0.25
I2,I,23,,0.0012725726799917,0.0012725726799917,31607268.186296742,1,12,0.25
I3,I,23,,0.0009544295099937,0.0009544295099937,31460322.44632856,1,12,0.25
P1,P,24,-0.0004590468964562,-0.0014766519290268,-0.001935698825483,20000000.0,1,12,0.25
P2,P,24,-0.0003334997094212,-0.0025360503745437,-0.002869550083965,20000000.0,1,12,0.25
I1,I,24,,0.0025451453599834,0.0025451453599834,34851194.63801856,1,12,0.25
I2,I,24,,0.0012725726799917,0.0012725726799917,31390363.708730623,1,12,0.25
I3,I,24,,0.0009544295099937,0.0009544295099937,31232231.447392013,1,12,0.25
P1,P,25,-0.0004332808662941,-0.0015108786644246,-0.0019441595307188,20000000.0,1,12,0.25
P2,P,25,-0.0003171965554661,-0.0025380590606051,-0.0028552556160712,20000000.0,1,12,0.25
I1,I,25,,0.0025451453599834,0.0025451453599834,34629388.10558487,1,12,0.25
I2,I,25,,0.0012725726799917,0.0012725726799917,31190749.52205765,1,12,0.25
I3,I,25,,0.0009544295099937,0.0009544295099937,31022330.07859864,1,12,0.25
P1,P,26,-0.0004101361898388,-0.0015423728105443,-0.0019525090003831,20000000.0,1,12,0.25
P2,P,26,-0.0003023504584241,-0.0025395204790397,-0.0028418709374639,20000000.0,1,12,0.25
I1,I,26,,0.0025451453599834,0.0025451453599834,34424522.38796573,1,12,0.25
I2,I,26,,0.0012725726799917,0.0012725726799917,31006728.078598965,1,12,0.25
I3,I,26,,0.0009544295099937,0.0009544295099937,30828822.567536987,1,12,0.25
P1,P,27,-0.0003892350495562,-0.0015712624569538,-0.0019604975065101,20000000.0,1,12,0.25
P2,P,27,-0.0002887316362765,-0.002540796862421,-0.0028295284986975,20000000.0,1,12,0.25
I1,I,27,,0.0025451453599834,0.0025451453599834,34234994.56302126,1,12,0.25
I2,I,27,,0.0012725726799917,0.0012725726799917,30836727.49957071,1,12,0.25
I3,I,27,,0.0009544295099937,0.0009544295099937,30650087.251638293,1,12,0.25
P1,P,28,-0.0003702524560423,-0.0015977914023977,-0.0019680438584401,20000000.0,1,12,0.25
P2,P,28,-0.0002761178216792,-0.0025421744782727,-0.0028182922999519,20000000.0,1,12,0.25
I1,I,28,,0.0025451453599834,0.0025451453599834,34059072.286828205,1,12,0.25
I2,I,28,,0.0012725726799917,0.0012725726799917,30679068.25713591,1,12,0.25
I3,I,28,,0.0009544295099937,0.0009544295099937,30484390.259642333,1,12,0.25
P1,P,29,-0.0003529083826159,-0.0016221647568671,-0.0019750731394831,20000000.0,1,12,0.25
P2,P,29,-0.0002643560527046,-0.0025437696112082,-0.0028081256639129,20000000.0,1,12,0.25
I1,I,29,,0.0025451453599834,0.0025451453599834,33895239.362355016,1,12,0.25
I2,I,29,,0.0012725726799917,0.0012725726799917,30532322.57320057,1,12,0.25
I3,I,29,,0.0009544295099937,0.0009544295099937,30330238.40891419,1,12,0.25
P1,P,0,-0.0015703287320023,0.0,-0.0015703287320023,20000000.0,1,23,0.25
P2,P,0,-0.0018403083859822,0.0,-0.0018403083859822,20000000.0,1,23,0.25
I1,I,0,,0.0025385687273972,0.0025385687273972,39875436.77473383,1,23,0.25
I2,I,0,,0.0012692843636986,0.0012692843636986,35881736.62918552,1,23,0.25
I3,I,0,,,,,0,23,0.25
P1,P,1,-0.0014572774470793,0.0,-0.0014572774470793,20000000.0,1,23,0.25
P2,P,1,-0.0016998164092232,0.0,-0.0016998164092232,20000000.0,1,23,0.25
I1,I,1,,0.0025385687273972,0.0025385687273972,40004535.26215788,1,23,0.25
I2,I,1,,0.0012692843636986,0.0012692843636986,36030280.26084308,1,23,0.25
I3,I,1,,,,,0,23,0.25
P1,P,2,-0.0014534334381044,0.0,-0.0014534334381044,20000000.0,1,23,0.25
P2,P,2,-0.0016868420121168,0.0,-0.0016868420121168,20000000.0,1,23,0.25
I1,I,2,,0.0025385687273972,0.0025385687273972,40377577.49969383,1,23,0.25
I2,I,2,,0.0012692843636986,0.0012692843636986,36314414.86766825,1,23,0.25
I3,I,2,,,,,0,23,0.25
P1,P,3,-0.0014769158071888,0.0,-0.0014769158071888,20000000.0,1,23,0.25
P2,P,3,-0.001707885937885,0.0,-0.001707885937885,20000000.0,1,23,0.25
I1,I,3,,0.0025385687273972,0.0025385687273972,40654642.68251745,1,23,0.25
I2,I,3,,0.0012692843636986,0.0012692843636986,36530258.4284026,1,23,0.25
I3,I,3,,,,,0,23,0.25
P1,P,4,-0.0015080399053207,0.0,-0.0015080399053207,20000000.0,1,23,0.25
P2,P,4,-0.0017403968765832,0.0,-0.0017403968765832,20000000.0,1,23,0.25
I1,I,4,,0.0025385687273972,0.0025385687273972,40859584.14884216,1,23,0.25
I2,I,4,,0.0012692843636986,0.0012692843636986,36697120.94365328,1,23,0.25
I3,I,4,,,,,0,23,0.25
P1,P,5,-0.001634375522659,0.0,-0.001634375522659,20000000.0,1,23,0.25
P2,P,5,-0.0017370070304964,-6.380913988788135e-05,-0.0018008161703843,20000000.0,1,23,0.25
I1,I,5,,0.0025385687273972,0.0025385687273972,41535298.85179479,1,23,0.25
I2,I,5,,0.0012692843636986,0.0012692843636986,37314108.16718997,1,23,0.25
I3,I,5,,,,,0,23,0.25
P1,P,6,-0.0017162407614339,0.0,-0.0017162407614339,20000000.0,1,23,0.25
P2,P,6,-0.0015100252803518,-0.0004246956859485,-0.0019347209663003,20000000.0,1,23,0.25
I1,I,6,,0.0025385687273972,0.0025385687273972,41702457.03936843,1,23,0.25
I2,I,6,,0.0012692843636986,0.0012692843636986,37427080.80005664,1,23,0.25
I3,I,6,,,,,0,23,0.25
P1,P,7,-0.0017289698130819,-1.104251479422944e-06,-0.0017300740645613,20000000.0,1,23,0.25
P2,P,7,-0.0012896895859342,-0.0008460717255387,-0.002135761311473,20000000.0,1,23,0.25
I1,I,7,,0.0025385687273972,0.0025385687273972,41438069.20876092,1,23,0.25
I2,I,7,,0.0012692843636986,0.0012692843636986,37116848.63146298,1,23,0.25
I3,I,7,,,,,0,23,0.25
P1,P,8,-0.0016188892877678,-7.608431182033497e-05,-0.0016949735995881,20000000.0,1,23,0.25
P2,P,8,-0.0011188341846604,-0.0011679399539296,-0.0022867741385901,20000000.0,1,23,0.25
I1,I,8,,0.0025385687273972,0.0025385687273972,40909532.6682375,1,23,0.25
I2,I,8,,0.0012692843636986,0.0012692843636986,36572272.00852682,1,23,0.25
I3,I,8,,,,,0,23,0.25
P1,P,9,-0.0014610187134163,-0.0002573052816805,-0.0017183239950969,20000000.0,1,23,0.25
P2,P,9,-0.0009762014694408,-0.0013879539312718,-0.0023641554007127,20000000.0,1,23,0.25
I1,I,9,,0.0025385687273972,0.0025385687273972,40165532.92086472,1,23,0.25
I2,I,9,,0.0012692843636986,0.0012692843636986,35845578.232927166,1,23,0.25
I3,I,9,,,,,0,23,0.25
P1,P,10,-0.0013083467763603,-0.0004266102457075,-0.0017349570220678,20000000.0,1,23,0.25
P2,P,10,-0.0008539392769571,-0.0015294082628314,-0.0023833475397885,20000000.0,1,23,0.25
I1,I,10,,0.0025385687273972,0.0025385687273972,39326368.36589792,1,23,0.25
I2,I,10,,0.0012692843636986,0.0012692843636986,35040243.818381466,1,23,0.25
I3,I,10,,,,,0,23,0.25
P1,P,11,-0.0011695364034725,-0.0005509701102533,-0.0017205065137258,20000000.0,1,23,0.25
P2,P,11,-0.0007519217611418,-0.0016209709827886,-0.0023728927439304,20000000.0,1,23,0.25
I1,I,11,,0.0025385687273972,0.0025385687273972,38517498.93710036,1,23,0.25
I2,I,11,,0.0012692843636986,0.0012692843636986,34268031.86606588,1,23,0.25
I3,I,11,,,,,0,23,0.25
P1,P,12,-0.0010437303065854,-0.0006467104786584,-0.0016904407852438,20000000.0,1,23,0.25
P2,P,12,-0.0006690273938546,-0.0016846561448692,-0.0023536835387239,20000000.0,1,23,0.25
I1,I,12,,0.0025385687273972,0.0025385687273972,37800474.166218765,1,23,0.25
I2,I,12,,0.0012692843636986,0.0012692843636986,33585696.447264984,1,23,0.25
I3,I,12,,,,,0,23,0.25
P1,P,13,-0.0009381113242885,-0.0007248801637295,-0.0016629914880181,20000000.0,1,23,0.25
P2,P,13,-0.0006019479474887,-0.0017323647069498,-0.0023343126544385,20000000.0,1,23,0.25
I1,I,13,,0.0025385687273972,0.0025385687273972,37180201.43694082,1,23,0.25
I2,I,13,,0.0012692843636986,0.0012692843636986,32997929.1999039,1,23,0.25
I3,I,13,,,,,0,23,0.25
P1,P,14,-0.0008531891924385,-0.0007905480962843,-0.0016437372887228,20000000.0,1,23,0.25
P2,P,14,-0.0005469663758111,-0.0017694017918179,-0.0023163681676291,20000000.0,1,23,0.25
I1,I,14,,0.0025385687273972,0.0025385687273972,36641145.5532693,1,23,0.25
I2,I,14,,0.0012692843636986,0.0012692843636986,32489767.74126853,1,23,0.25
I3,I,14,,,,,0,23,0.25
P1,P,15,-0.00078309739581,-0.0008471363118691,-0.0016302337076792,20000000.0,1,23,0.25
P2,P,15,-0.000501198237161,-0.0017988932088047,-0.0023000914459657,20000000.0,1,23,0.25
I1,I,15,,0.0025385687273972,0.0025385687273972,36169344.55458001,1,23,0.25
I2,I,15,,0.0012692843636986,0.0012692843636986,32047383.85610801,1,23,0.25
I3,I,15,,,,,0,23,0.25
P1,P,16,-0.0007227179005802,-0.0008986613627538,-0.0016213792633341,20000000.0,1,23,0.25
P2,P,16,-0.0004625108415318,-0.0018228911742901,-0.002285402015822,20000000.0,1,23,0.25
I1,I,16,,0.0025385687273972,0.0025385687273972,35752627.61769713,1,23,0.25
I2,I,16,,0.0012692843636986,0.0012692843636986,31658719.91116036,1,23,0.25
I3,I,16,,,,,0,23,0.25
P1,P,17,-0.0006692381951345,-0.0009476650286936,-0.0016169032238281,20000000.0,1,23,0.25
P2,P,17,-0.0004293007978589,-0.0018424342352036,-0.0022717350330625,20000000.0,1,23,0.25
I1,I,17,,0.0025385687273972,0.0025385687273972,35380048.82593531,1,23,0.25
I2,I,17,,0.0012692843636986,0.0012692843636986,31313041.32687556,1,23,0.25
I3,I,17,,,,,0,23,0.25
P1,P,18,-0.0006213379514194,-0.0009948859640693,-0.0016162239154887,20000000.0,1,23,0.25
P2,P,18,-0.0004003783341881,-0.0018581505462114,-0.0022585288803996,20000000.0,1,23,0.25
I1,I,18,,0.0025385687273972,0.0025385687273972,35042710.37300782,1,23,0.25
I2,I,18,,0.0012692843636986,0.0012692843636986,31001598.954402197,1,23,0.25
I3,I,18,,,,,0,23,0.25
P1,P,19,-0.0005784423306198,-0.0010402019593494,-0.0016186442899693,20000000.0,1,23,0.25
P2,P,19,-0.0003749137927781,-0.0018704060390749,-0.002245319831853,20000000.0,1,23,0.25
I1,I,19,,0.0025385687273972,0.0025385687273972,34734046.10798087,1,23,0.25
I2,I,19,,0.0012692843636986,0.0012692843636986,30717899.54540981,1,23,0.25
I3,I,19,,,,,0,23,0.25
P1,P,20,-0.0005402065067713,-0.0010829017990035,-0.0016231083057749,20000000.0,1,23,0.25
P2,P,20,-0.0003523422654354,-0.0018796437360343,-0.0022319860014698,20000000.0,1,23,0.25
I1,I,20,,0.0025385687273972,0.0025385687273972,34450097.3963566,1,23,0.25
I2,I,20,,0.0012692843636986,0.0012692843636986,30457937.574287545,1,23,0.25
I3,I,20,,,,,0,23,0.25
P1,P,21,-0.0005063845780088,-0.0011225421135077,-0.0016289266915166,20000000.0,1,23,0.25
P2,P,21,-0.0003322073232253,-0.0018863983926701,-0.0022186057158954,20000000.0,1,23,0.25
I1,I,21,,0.0025385687273972,0.0025385687273972,34188247.68488372,1,23,0.25
I2,I,21,,0.0012692843636986,0.0012692843636986,30219030.57751257,1,23,0.25
I3,I,21,,,,,0,23,0.25
P1,P,22,-0.0004766010377098,-0.0011588380166263,-0.0016354390543361,20000000.0,1,23,0.25
P2,P,22,-0.0003141175207407,-0.0018913276884044,-0.0022054452091452,20000000.0,1,23,0.25
I1,I,22,,0.0025385687273972,0.0025385687273972,33946703.747963175,1,23,0.25
I2,I,22,,0.0012692843636986,0.0012692843636986,29999312.059098,1,23,0.25
I3,I,22,,,,,0,23,0.25
P1,P,23,-0.0004503627898667,-0.0011916897305698,-0.0016420525204365,20000000.0,1,23,0.25
P2,P,23,-0.0002977787981183,-0.0018951049329324,-0.0021928837310508,20000000.0,1,23,0.25
I1,I,23,,0.0025385687273972,0.0025385687273972,33724101.781488776,1,23,0.25
I2,I,23,,0.0012692843636986,0.0012692843636986,29797335.117202424,1,23,0.25
I3,I,23,,,,,0,23,0.25
P1,P,24,-0.0004867633514995,-0.0014338168844519,-0.0019205802359515,20000000.0,1,23,0.25
P2,P,24,-0.0003204490728155,-0.0022434014468254,-0.002563850519641,20000000.0,1,23,0.25
I1,I,24,,0.0025385687273972,0.0025385687273972,34963520.9615959,1,23,0.25
I2,I,24,,0.0012692843636986,0.0012692843636986,30962596.36969117,1,23,0.25
I3,I,24,,0.0009519632727739,0.0009519632727739,31675572.389318988,1,23,0.25
P1,P,25,-0.0004794781253914,-0.0015442906941306,-0.002023768819522,20000000.0,1,23,0.25
P2,P,25,-0.0003158040885148,-0.0023587790043668,-0.0026745830928817,20000000.0,1,23,0.25
I1,I,25,,0.0025385687273972,0.0025385687273972,35074733.459539056,1,23,0.25
I2,I,25,,0.0012692843636986,0.0012692843636986,31068022.87647226,1,23,0.25
I3,I,25,,0.0009519632727739,0.0009519632727739,31684464.408271905,1,23,0.25
P1,P,26,-0.0004583089480097,-0.0016000206834306,-0.0020583296314403,20000000.0,1,23,0.25
P2,P,26,-0.0003029738039105,-0.0023987994164473,-0.0027017732203578,20000000.0,1,23,0.25
I1,I,26,,0.0025385687273972,0.0025385687273972,34954475.84797466,1,23,0.25
I2,I,26,,0.0012692843636986,0.0012692843636986,30960413.82508741,1,23,0.25
I3,I,26,,0.0009519632727739,0.0009519632727739,31536727.919184387,1,23,0.25
P1,P,27,-0.0004350223620929,-0.0016363317482202,-0.0020713541103132,20000000.0,1,23,0.25
P2,P,27,-0.0002887167453079,-0.0024149032409827,-0.0027036199862906,20000000.0,1,23,0.25
I1,I,27,,0.0025385687273972,0.0025385687273972,34779542.56360617,1,23,0.25
I2,I,27,,0.0012692843636986,0.0012692843636986,30801518.069784924,1,23,0.25
I3,I,27,,0.0009519632727739,0.0009519632727739,31352097.474605743,1,23,0.25
P1,P,28,-0.000412928199316,-0.0016650581414644,-0.0020779863407805,20000000.0,1,23,0.25
P2,P,28,-0.0002750207446563,-0.0024232928150093,-0.0026983135596657,20000000.0,1,23,0.25
I1,I,28,,0.0025385687273972,0.0025385687273972,34599138.28425948,1,23,0.25
I2,I,28,,0.0012692843636986,0.0012692843636986,30637346.901764862,1,23,0.25
I3,I,28,,0.0009519632727739,0.0009519632727739,31169379.979126822,1,23,0.25
P1,P,29,-0.0003926891773779,-0.0016901353500089,-0.0020828245273869,20000000.0,1,23,0.25
P2,P,29,-0.0002623297615222,-0.0024290005611677,-0.00269133032269,20000000.0,1,23,0.25
I1,I,29,,0.0025385687273972,0.0025385687273972,34426457.38960225,1,23,0.25
I2,I,29,,0.0012692843636986,0.0012692843636986,30480288.399336047,1,23,0.25
I3,I,29,,0.0009519632727739,0.0009519632727739,30997931.62782017,1,23,0.25
P1,P,0,-0.0016903609551981,0.0,-0.0016903609551981,20000000.0,1,8,0.25
P2,P,0,-0.0018247542553976,0.0,-0.0018247542553976,20000000.0,1,8,0.25
I1,I,0,,0.0025424503448417,0.0025424503448417,40506494.82226045,1,8,0.25
I2,I,0,,0.0012712251724208,0.0012712251724208,36112436.37996888,1,8,0.25
I3,I,0,,,,,0,8,0.25
P1,P,1,-0.0015615049139015,0.0,-0.0015615049139015,20000000.0,1,8,0.25
P2,P,1,-0.0016865853724977,0.0,-0.0016865853724977,20000000.0,1,8,0.25
I1,I,1,,0.0025424503448417,0.0025424503448417,40540680.679842,1,8,0.25
I2,I,1,,0.0012712251724208,0.0012712251724208,36231047.73812672,1,8,0.25
I3,I,1,,,,,0,8,0.25
P1,P,2,-0.0015512839867171,0.0,-0.0015512839867171,20000000.0,1,8,0.25
P2,P,2,-0.0016706651218131,0.0,-0.0016706651218131,20000000.0,1,8,0.25
I1,I,2,,0.0025424503448417,0.0025424503448417,40873912.96755385,1,8,0.25
I2,I,2,,0.0012712251724208,0.0012712251724208,36487373.586529225,1,8,0.25
I3,I,2,,,,,0,8,0.25
P1,P,3,-0.0015716454954543,0.0,-0.0015716454954543,20000000.0,1,8,0.25
P2,P,3,-0.0016878357694554,0.0,-0.0016878357694554,20000000.0,1,8,0.25
I1,I,3,,0.0025424503448417,0.0025424503448417,41119071.096752375,1,8,0.25
I2,I,3,,0.0012712251724208,0.0012712251724208,36676633.695696265,1,8,0.25
I3,I,3,,,,,0,8,0.25
P1,P,4,-0.0016009388742765,0.0,-0.0016009388742765,20000000.0,1,8,0.25
P2,P,4,-0.0017164123002962,0.0,-0.0017164123002962,20000000.0,1,8,0.25
I1,I,4,,0.0025424503448417,0.0025424503448417,41295465.82023194,1,8,0.25
I2,I,4,,0.0012712251724208,0.0012712251724208,36818624.184425086,1,8,0.25
I3,I,4,,,,,0,8,0.25
P1,P,5,-0.0017207503092046,0.0,-0.0017207503092046,20000000.0,1,8,0.25
P2,P,5,-0.0017129040111383,-5.462988478945182e-05,-0.0017675338959277,20000000.0,1,8,0.25
I1,I,5,,0.0025424503448417,0.0025424503448417,41867718.92300988,1,8,0.25
I2,I,5,,0.0012712251724208,0.0012712251724208,37339750.38034907,1,8,0.25
I3,I,5,,,,,0,8,0.25
P1,P,6,-0.0017982737013711,0.0,-0.0017982737013711,20000000.0,1,8,0.25
P2,P,6,-0.0015028842245933,-0.0003787472945908,-0.0018816315191841,20000000.0,1,8,0.25
I1,I,6,,0.0025424503448417,0.0025424503448417,41966527.74519129,1,8,0.25
I2,I,6,,0.0012712251724208,0.0012712251724208,37397666.940271735,1,8,0.25
I3,I,6,,,,,0,8,0.25
P1,P,7,-0.0018038854210081,-2.8244809720822827e-06,-0.0018067099019802,20000000.0,1,8,0.25
P2,P,7,-0.0012944896744004,-0.0007661793461492,-0.0020606690205496,20000000.0,1,8,0.25
I1,I,7,,0.0025424503448417,0.0025424503448417,41683223.39819708,1,8,0.25
I2,I,7,,0.0012712251724208,0.0012712251724208,37082292.34758185,1,8,0.25
I3,I,7,,,,,0,8,0.25
P1,P,8,-0.0016842008002613,-9.998339317647736e-05,-0.0017841841934377,20000000.0,1,8,0.25
P2,P,8,-0.0011267109696618,-0.0010692588309142,-0.0021959698005761,20000000.0,1,8,0.25
I1,I,8,,0.0025424503448417,0.0025424503448417,41148975.85981763,1,8,0.25
I2,I,8,,0.0012712251724208,0.0012712251724208,36542415.71569325,1,8,0.25
I3,I,8,,,,,0,8,0.25
P1,P,9,-0.001641833379505,-0.0003572739309542,-0.0019991073104593,20000000.0,1,8,0.25
P2,P,9,-0.001045617831495,-0.0014927819939457,-0.0025383998254408,20000000.0,1,8,0.25
I1,I,9,,0.0025424503448417,0.0025424503448417,42080110.8921518,1,8,0.25
I2,I,9,,0.0012712251724208,0.0012712251724208,37410916.67468792,1,8,0.25
I3,I,9,,0.0009534188793156,0.0009534188793156,37833305.78107366,1,8,0.25
P1,P,10,-0.0015212189079903,-0.0006067312315357,-0.0021279501395261,20000000.0,1,8,0.25
P2,P,10,-0.0009416677445638,-0.0017870826380747,-0.0027287503826385,20000000.0,1,8,0.25
I1,I,10,,0.0025424503448417,0.0025424503448417,41818234.80274623,1,8,0.25
I2,I,10,,0.0012712251724208,0.0012712251724208,37135801.06224157,1,8,0.25
I3,I,10,,0.0009534188793156,0.0009534188793156,37440202.669491984,1,8,0.25
P1,P,11,-0.0013553715056985,-0.0008078696941096,-0.0021632411998081,20000000.0,1,8,0.25
P2,P,11,-0.0008386692820283,-0.0019756678996996,-0.0028143371817279,20000000.0,1,8,0.25
I1,I,11,,0.0025424503448417,0.0025424503448417,41219901.81001113,1,8,0.25
I2,I,11,,0.0012712251724208,0.0012712251724208,36552485.32813215,1,8,0.25
I3,I,11,,0.0009534188793156,0.0009534188793156,36813725.72431937,1,8,0.25
P1,P,12,-0.0012059339776669,-0.0009578437452577,-0.0021637777229247,20000000.0,1,8,0.25
P2,P,12,-0.0007468338182897,-0.0020948565684395,-0.0028416903867292,20000000.0,1,8,0.25
I1,I,12,,0.0025424503448417,0.0025424503448417,40524613.50381728,1,8,0.25
I2,I,12,,0.0012712251724208,0.0012712251724208,35882926.031575106,1,8,0.25
I3,I,12,,0.0009534188793156,0.0009534188793156,36116375.58842758,1,8,0.25
P1,P,13,-0.0010833645942107,-0.001066544203561,-0.0021499087977717,20000000.0,1,8,0.25
P2,P,13,-0.0006684325966624,-0.0021718222770018,-0.0028402548736642,20000000.0,1,8,0.25
I1,I,13,,0.0025424503448417,0.0025424503448417,39838886.484765805,1,8,0.25
I2,I,13,,0.0012712251724208,0.0012712251724208,35227105.85631901,1,8,0.25
I3,I,13,,0.0009534188793156,0.0009534188793156,35438681.04337774,1,8,0.25
P1,P,14,-0.0009809255863568,-0.0011521499824824,-0.0021330755688392,20000000.0,1,8,0.25
P2,P,14,-0.000602696106248,-0.0022241212548912,-0.0028268173611393,20000000.0,1,8,0.25
I1,I,14,,0.0025424503448417,0.0025424503448417,39206201.21193485,1,8,0.25
I2,I,14,,0.0012712251724208,0.0012712251724208,34625327.02790485,1,8,0.25
I3,I,14,,0.0009534188793156,0.0009534188793156,34818304.01996658,1,8,0.25
P1,P,15,-0.0008919067869086,-0.0012277872114916,-0.0021196939984003,20000000.0,1,8,0.25
P2,P,15,-0.0005476515839389,-0.0022613163699854,-0.0028089679539244,20000000.0,1,8,0.25
I1,I,15,,0.0025424503448417,0.0025424503448417,38636499.04576776,1,8,0.25
I2,I,15,,0.0012712251724208,0.0012712251724208,34086325.7973586,1,8,0.25
I3,I,15,,0.0009534188793156,0.0009534188793156,34262793.30981778,1,8,0.25
P1,P,16,-0.0008134500517023,-0.001298876702381,-0.0021123267540833,20000000.0,1,8,0.25
P2,P,16,-0.0005012196249586,-0.0022883150312024,-0.0027895346561611,20000000.0,1,8,0.25
I1,I,16,,0.0025424503448417,0.0025424503448417,38124847.78292262,1,8,0.25
I2,I,16,,0.0012712251724208,0.0012712251724208,33604795.881696925,1,8,0.25
I3,I,16,,0.0009534188793156,0.0009534188793156,33766143.14029378,1,8,0.25
P1,P,17,-0.0007446916828767,-0.0013657142007853,-0.0021104058836621,20000000.0,1,8,0.25
P2,P,17,-0.0004615882433733,-0.0023077752259843,-0.0027693634693577,20000000.0,1,8,0.25
I1,I,17,,0.0025424503448417,0.0025424503448417,37663815.12120112,1,8,0.25
I2,I,17,,0.0012712251724208,0.0012712251724208,33173093.45014225,1,8,0.25
I3,I,17,,0.0009534188793156,0.0009534188793156,33320347.720503137,1,8,0.25
P1,P,18,-0.0006850802006094,-0.0014277233731284,-0.0021128035737378,20000000.0,1,8,0.25
P2,P,18,-0.0004273840519274,-0.0023215761639781,-0.0027489602159055,20000000.0,1,8,0.25
I1,I,18,,0.0025424503448417,0.0025424503448417,37246244.523493744,1,8,0.25
I2,I,18,,0.0012712251724208,0.0012712251724208,32783843.59062374,1,8,0.25
I3,I,18,,0.0009534188793156,0.0009534188793156,32917884.37046745,1,8,0.25
P1,P,19,-0.000633476914435,-0.0014842828436481,-0.0021177597580831,20000000.0,1,8,0.25
P2,P,19,-0.0003975956126646,-0.0023313084295118,-0.0027289040421765,20000000.0,1,8,0.25
I1,I,19,,0.0025424503448417,0.0025424503448417,36867079.71919872,1,8,0.25
I2,I,19,,0.0012712251724208,0.0012712251724208,32431720.339426924,1,8,0.25
I3,I,19,,0.0009534188793156,0.0009534188793156,32553428.94738798,1,8,0.25
P1,P,20,-0.0005887244356616,-0.0015354387810395,-0.0021241632167011,20000000.0,1,8,0.25
P2,P,20,-0.0003714598703544,-0.0023381965771213,-0.0027096564474758,20000000.0,1,8,0.25
I1,I,20,,0.0025424503448417,0.0025424503448417,36522330.588504,1,8,0.25
I2,I,20,,0.0012712251724208,0.0012712251724208,32112565.99380708,1,8,0.25
I3,I,20,,0.0009534188793156,0.0009534188793156,32222826.678593934,1,8,0.25
P1,P,21,-0.0005497923819468,-0.0015816125127953,-0.0021314048947422,20000000.0,1,8,0.25
P2,P,21,-0.0003483809310978,-0.0023430759947518,-0.0026914569258497,20000000.0,1,8,0.25
I1,I,21,,0.0025424503448417,0.0025424503448417,36208413.48297976,1,8,0.25
I2,I,21,,0.0012712251724208,0.0012712251724208,31822748.18099816,1,8,0.25
I3,I,21,,0.0009534188793156,0.0009534188793156,31922413.34698228,1,8,0.25
P1,P,22,-0.0005157323883911,-0.001623206889846,-0.0021389392782371,20000000.0,1,8,0.25
P2,P,22,-0.000327901434565,-0.0023465637705983,-0.0026744652051634,20000000.0,1,8,0.25
I1,I,22,,0.0025424503448417,0.0025424503448417,35922359.91282243,1,8,0.25
I2,I,22,,0.0012712251724208,0.0012712251724208,31559303.61204304,1,8,0.25
I3,I,22,,0.0009534188793156,0.0009534188793156,31649186.930033065,1,8,0.25
P1,P,23,-0.000485722531159,-0.0016606623354497,-0.0021463848666087,20000000.0,1,8,0.25
P2,P,23,-0.0003096539452737,-0.0023491578211042,-0.002658811766378,20000000.0,1,8,0.25
I1,I,23,,0.0025424503448417,0.0025424503448417,35661570.84811436,1,8,0.25
I2,I,23,,0.0012712251724208,0.0012712251724208,31319680.068545733,1,8,0.25
I3,I,23,,0.0009534188793156,0.0009534188793156,31400548.826905973,1,8,0.25
P1,P,24,-0.0004590552653255,-0.0016945518734629,-0.0021536071387885,20000000.0,1,8,0.25
P2,P,24,-0.0002933116817528,-0.0023512327598084,-0.0026445444415612,20000000.0,1,8,0.25
I1,I,24,,0.0025424503448417,0.0025424503448417,35423427.44937932,1,8,0.25
I2,I,24,,0.0012712251724208,0.0012712251724208,31101337.81089128,1,8,0.25
I3,I,24,,0.0009534188793156,0.0009534188793156,31173900.32858941,1,8,0.25
P1,P,25,-0.0004351421176158,-0.0017254233026963,-0.0021605654203122,20000000.0,1,8,0.25
P2,P,25,-0.0002785768126813,-0.0023530498803122,-0.0026316266929935,20000000.0,1,8,0.25
I1,I,25,,0.0025424503448417,0.0025424503448417,35205276.844991766,1,8,0.25
I2,I,25,,0.0012712251724208,0.0012712251724208,30901719.415058136,1,8,0.25
I3,I,25,,0.0009534188793156,0.0009534188793156,30966618.980263844,1,8,0.25
P1,P,26,-0.0004135096183769,-0.0017536964444825,-0.0021672060628594,20000000.0,1,8,0.25
P2,P,26,-0.0002651902567706,-0.0023547869098304,-0.0026199771666011,20000000.0,1,8,0.25
I1,I,26,,0.0025424503448417,0.0025424503448417,35004646.2784053,1,8,0.25
I2,I,26,,0.0012712251724208,0.0012712251724208,30718452.119627383,1,8,0.25
I3,I,26,,0.0009534188793156,0.0009534188793156,30776268.379765738,1,8,0.25
P1,P,27,-0.00039377699452,-0.0017796219026615,-0.0021733988971815,20000000.0,1,8,0.25
P2,P,27,-0.0002529480058341,-0.0023565726416093,-0.0026095206474434,20000000.0,1,8,0.25
I1,I,27,,0.0025424503448417,0.0025424503448417,34819561.30083252,1,8,0.25
I2,I,27,,0.0012712251724208,0.0012712251724208,30549648.598992635,1,8,0.25
I3,I,27,,0.0009534188793156,0.0009534188793156,30600909.752543207,1,8,0.25
P1,P,28,-0.0003756789019786,-0.0018034937716634,-0.0021791726736421,20000000.0,1,8,0.25
P2,P,28,-0.0002416839827869,-0.002358457711218,-0.0026001416940049,20000000.0,1,8,0.25
I1,I,28,,0.0025424503448417,0.0025424503448417,34648191.24362475,1,8,0.25
I2,I,28,,0.0012712251724208,0.0012712251724208,30393574.52030886,1,8,0.25
I3,I,28,,0.0009534188793156,0.0009534188793156,30438752.515741352,1,8,0.25
P1,P,29,-0.0003589901898564,-0.0018255517093098,-0.0021845418991662,20000000.0,1,8,0.25
P2,P,29,-0.0002312757630936,-0.0023604253482663,-0.0025917011113599,20000000.0,1,8,0.25
I1,I,29,,0.0025424503448417,0.0025424503448417,34489025.18401246,1,8,0.25
I2,I,29,,0.0012712251724208,0.0012712251724208,30248810.067680374,1,8,0.25
I3,I,29,,0.0009534188793156,0.0009534188793156,30288324.638010222,1,8,0.25
P1,P,0,-0.0016571711498027,0.0,-0.0016571711498027,20000000.0,1,6,0.25
P2,P,0,-0.0017802598263773,0.0,-0.0017802598263773,20000000.0,1,6,0.25
I1,I,0,,0.0025436288408234,0.0025436288408234,44706267.91487637,1,6,0.25
I2,I,0,,0.0012718144204117,0.0012718144204117,35686463.97728069,1,6,0.25
I3,I,0,,,,,0,6,0.25
P1,P,1,-0.0015385168615482,0.0,-0.0015385168615482,20000000.0,1,6,0.25
P2,P,1,-0.0016478391697498,0.0,-0.0016478391697498,20000000.0,1,6,0.25
I1,I,1,,0.0025436288408234,0.0025436288408234,44169657.554030426,1,6,0.25
I2,I,1,,0.0012718144204117,0.0012718144204117,35872239.592868604,1,6,0.25
I3,I,1,,,,,0,6,0.25
P1,P,2,-0.0015346313528815,0.0,-0.0015346313528815,20000000.0,1,6,0.25
P2,P,2,-0.0016359888706559,0.0,-0.0016359888706559,20000000.0,1,6,0.25
I1,I,2,,0.0025436288408234,0.0025436288408234,44411849.80009521,1,6,0.25
I2,I,2,,0.0012718144204117,0.0012718144204117,36166364.35911851,1,6,0.25
I3,I,2,,,,,0,6,0.25
P1,P,3,-0.0015589209643461,0.0,-0.0015589209643461,20000000.0,1,6,0.25
P2,P,3,-0.0016561105988457,0.0,-0.0016561105988457,20000000.0,1,6,0.25
I1,I,3,,0.0025436288408234,0.0025436288408234,44643210.74508386,1,6,0.25
I2,I,3,,0.0012718144204117,0.0012718144204117,36385160.49059783,1,6,0.25
I3,I,3,,,,,0,6,0.25
P1,P,4,-0.0015907947067141,0.0,-0.0015907947067141,20000000.0,1,6,0.25
P2,P,4,-0.0016869386290558,0.0,-0.0016869386290558,20000000.0,1,6,0.25
I1,I,4,,0.0025436288408234,0.0025436288408234,44825679.52312405,1,6,0.25
I2,I,4,,0.0012718144204117,0.0012718144204117,36551139.85227704,1,6,0.25
I3,I,4,,,,,0,6,0.25
P1,P,5,-0.0017163180615434,0.0,-0.0017163180615434,20000000.0,1,6,0.25
P2,P,5,-0.001702206497855,-5.3850978024114326e-05,-0.0017560574758791,20000000.0,1,6,0.25
I1,I,5,,0.0025436288408234,0.0025436288408234,45442030.72430022,1,6,0.25
I2,I,5,,0.0012718144204117,0.0012718144204117,37128735.11668178,1,6,0.25
I3,I,5,,,,,0,6,0.25
P1,P,6,-0.0017995079177034,0.0,-0.0017995079177034,20000000.0,1,6,0.25
P2,P,6,-0.001498061863478,-0.0003638369951133,-0.0018618988585914,20000000.0,1,6,0.25
I1,I,6,,0.0025436288408234,0.0025436288408234,45600601.96533478,1,6,0.25
I2,I,6,,0.0012718144204117,0.0012718144204117,37251300.2622695,1,6,0.25
I3,I,6,,,,,0,6,0.25
P1,P,7,-0.0019365652005076,-1.918231090003636e-05,-0.0019557475114076,20000000.0,1,6,0.25
P2,P,7,-0.0013581850407333,-0.0009072522721778,-0.0022654373129111,20000000.0,1,6,0.25
I1,I,7,,0.0025436288408234,0.0025436288408234,47174535.72922669,1,6,0.25
I2,I,7,,0.0012718144204117,0.0012718144204117,38711505.36678323,1,6,0.25
I3,I,7,,0.0009538608153087,0.0009538608153087,39556364.1739605,1,6,0.25
P1,P,8,-0.0018799568077776,-0.0002064683925515,-0.0020864252003292,20000000.0,1,6,0.25
P2,P,8,-0.0012103953907655,-0.0013710420296504,-0.0025814374204159,20000000.0,1,6,0.25
I1,I,8,,0.0025436288408234,0.0025436288408234,47354273.8081397,1,6,0.25
I2,I,8,,0.0012718144204117,0.0012718144204117,38833870.53126328,1,6,0.25
I3,I,8,,0.0009538608153087,0.0009538608153087,39563927.022012986,1,6,0.25
P1,P,9,-0.0017031544713637,-0.000470276247229,-0.0021734307185928,20000000.0,1,6,0.25
P2,P,9,-0.0010701062840141,-0.0016921609697773,-0.0027622672537915,20000000.0,1,6,0.25
I1,I,9,,0.0025436288408234,0.0025436288408234,46927440.00063743,1,6,0.25
I2,I,9,,0.0012718144204117,0.0012718144204117,38401493.94253687,1,6,0.25
I3,I,9,,0.0009538608153087,0.0009538608153087,39098637.91556865,1,6,0.25
P1,P,10,-0.0014897672624817,-0.0007097088608957,-0.0021994761233775,20000000.0,1,6,0.25
P2,P,10,-0.0009423914919513,-0.0019062573471033,-0.0028486488390547,20000000.0,1,6,0.25
I1,I,10,,0.0025436288408234,0.0025436288408234,46217178.29412726,1,6,0.25
I2,I,10,,0.0012718144204117,0.0012718144204117,37708598.86268553,1,6,0.25
I3,I,10,,0.0009538608153087,0.0009538608153087,38384350.234796986,1,6,0.25
P1,P,11,-0.0013049823042487,-0.0008970535541601,-0.0022020358584089,20000000.0,1,6,0.25
P2,P,11,-0.0008305037391125,-0.0020460715325297,-0.0028765752716422,20000000.0,1,6,0.25
I1,I,11,,0.0025436288408234,0.0025436288408234,45399527.05115503,1,6,0.25
I2,I,11,,0.0012718144204117,0.0012718144204117,36919894.80478197,1,6,0.25
I3,I,11,,0.0009538608153087,0.0009538608153087,37576049.46459167,1,6,0.25
P1,P,12,-0.0011546328129254,-0.0010348863528867,-0.0021895191658122,20000000.0,1,6,0.25
P2,P,12,-0.0007354412049908,-0.0021374465951708,-0.0028728878001617,20000000.0,1,6,0.25
I1,I,12,,0.0025436288408234,0.0025436288408234,44582518.40063682,1,6,0.25
I2,I,12,,0.0012718144204117,0.0012718144204117,36136706.88915644,1,6,0.25
I3,I,12,,0.0009538608153087,0.0009538608153087,36773969.15344127,1,6,0.25
P1,P,13,-0.0010318255150494,-0.0011411978359652,-0.0021730233510147,20000000.0,1,6,0.25
P2,P,13,-0.0006559250052412,-0.0021984683084957,-0.0028543933137369,20000000.0,1,6,0.25
I1,I,13,,0.0025436288408234,0.0025436288408234,43818868.84581151,1,6,0.25
I2,I,13,,0.0012718144204117,0.0012718144204117,35408329.626040995,1,6,0.25
I3,I,13,,0.0009538608153087,0.0009538608153087,36027482.79081725,1,6,0.25
P1,P,14,-0.000930316555192,-0.0012283744287055,-0.0021586909838976,20000000.0,1,6,0.25
P2,P,14,-0.0005895986339911,-0.0022407120712197,-0.0028303107052108,20000000.0,1,6,0.25
I1,I,14,,0.0025436288408234,0.0025436288408234,43126550.16921372,1,6,0.25
I2,I,14,,0.0012718144204117,0.0012718144204117,34750977.8456317,1,6,0.25
I3,I,14,,0.0009538608153087,0.0009538608153087,35352974.23543745,1,6,0.25
P1,P,15,-0.0008452183395167,-0.001302990027641,-0.0021482083671577,20000000.0,1,6,0.25
P2,P,15,-0.0005340100230093,-0.0022711938058615,-0.0028052038288708,20000000.0,1,6,0.25
I1,I,15,,0.0025436288408234,0.0025436288408234,42506980.57821602,1,6,0.25
I2,I,15,,0.0012718144204117,0.0012718144204117,34165091.36667284,1,6,0.25
I3,I,15,,0.0009538608153087,0.0009538608153087,34751042.28189842,1,6,0.25
P1,P,16,-0.0007730265442984,-0.0013686529198212,-0.0021416794641197,20000000.0,1,6,0.25
P2,P,16,-0.0004870822308838,-0.0022938305719839,-0.0027809128028678,20000000.0,1,6,0.25
I1,I,16,,0.0025436288408234,0.0025436288408234,41954858.30529176,1,6,0.25
I2,I,16,,0.0012718144204117,0.0012718144204117,33644952.5956286,1,6,0.25
I3,I,16,,0.0009538608153087,0.0009538608153087,34215995.02591643,1,6,0.25
P1,P,17,-0.0007112102612622,-0.0014271022089433,-0.0021383124702056,20000000.0,1,6,0.25
P2,P,17,-0.0004471446682451,-0.0023112378876806,-0.0027583825559257,20000000.0,1,6,0.25
I1,I,17,,0.0025436288408234,0.0025436288408234,41462769.394082375,1,6,0.25
I2,I,17,,0.0012718144204117,0.0012718144204117,33182910.828205805,1,6,0.25
I3,I,17,,0.0009538608153087,0.0009538608153087,33740203.19022862,1,6,0.25
P1,P,18,-0.0006578262727938,-0.0014792675701925,-0.0021370938429863,20000000.0,1,6,0.25
P2,P,18,-0.0004128855993916,-0.002325082537849,-0.0027379681372407,20000000.0,1,6,0.25
I1,I,18,,0.0025436288408234,0.0025436288408234,41023502.07296859,1,6,0.25
I2,I,18,,0.0012718144204117,0.0012718144204117,32771690.46643844,1,6,0.25
I3,I,18,,0.0009538608153087,0.0009538608153087,33316368.53212716,1,6,0.25
P1,P,19,-0.0006114822081519,-0.0015260279845444,-0.0021375101926963,20000000.0,1,6,0.25
P2,P,19,-0.0003832737126099,-0.0023363264275485,-0.0027196001401585,20000000.0,1,6,0.25
I1,I,19,,0.0025436288408234,0.0025436288408234,40630239.91977574,1,6,0.25
I2,I,19,,0.0012718144204117,0.0012718144204117,32404573.337277263,1,6,0.25
I3,I,19,,0.0009538608153087,0.0009538608153087,32937679.20634302,1,6,0.25
P1,P,20,-0.0005710058866542,-0.0015679598294014,-0.0021389657160556,20000000.0,1,6,0.25
P2,P,20,-0.0003575071234918,-0.0023457163309213,-0.0027032234544132,20000000.0,1,6,0.25
I1,I,20,,0.0025436288408234,0.0025436288408234,40277008.11100749,1,6,0.25
I2,I,20,,0.0012718144204117,0.0012718144204117,32075688.664705794,1,6,0.25
I3,I,20,,0.0009538608153087,0.0009538608153087,32598181.47273002,1,6,0.25
P1,P,21,-0.0005354245081564,-0.0016057036413797,-0.0021411281495361,20000000.0,1,6,0.25
P2,P,21,-0.0003349126774461,-0.0023537734611409,-0.0026886861385871,20000000.0,1,6,0.25
I1,I,21,,0.0025436288408234,0.0025436288408234,39958411.36818871,1,6,0.25
I2,I,21,,0.0012718144204117,0.0012718144204117,31779786.61850208,1,6,0.25
I3,I,21,,0.0009538608153087,0.0009538608153087,32292526.425908346,1,6,0.25
P1,P,22,-0.0005039208016038,-0.0016398009954748,-0.0021437217970786,20000000.0,1,6,0.25
P2,P,22,-0.0003149437820204,-0.0023608505299679,-0.0026757943119884,20000000.0,1,6,0.25
I1,I,22,,0.0025436288408234,0.0025436288408234,39669809.29841008,1,6,0.25
I2,I,22,,0.0012718144204117,0.0012718144204117,31512366.24695585,1,6,0.25
I3,I,22,,0.0009538608153087,0.0009538608153087,32016122.51185857,1,6,0.25
P1,P,23,-0.0004758198195472,-0.00167066103327,-0.0021464808528173,20000000.0,1,6,0.25
P2,P,23,-0.0002971899909796,-0.0023671482065708,-0.0026643381975504,20000000.0,1,6,0.25
I1,I,23,,0.0025436288408234,0.0025436288408234,39407566.47883846,1,6,0.25
I2,I,23,,0.0012718144204117,0.0012718144204117,31269907.888226982,1,6,0.25
I3,I,23,,0.0009538608153087,0.0009538608153087,31765378.40979788,1,6,0.25
P1,P,24,-0.0004505995813089,-0.0016988074436942,-0.0021494070250031,20000000.0,1,6,0.25
P2,P,24,-0.0002813549077608,-0.0023726848110803,-0.0026540397188412,20000000.0,1,6,0.25
I1,I,24,,0.0025436288408234,0.0025436288408234,39168536.67591071,1,6,0.25
I2,I,24,,0.0012718144204117,0.0012718144204117,31049424.583904468,1,6,0.25
I3,I,24,,0.0009538608153087,0.0009538608153087,31537211.954703107,1,6,0.25
P1,P,25,-0.000427820991131,-0.0017247069045041,-0.0021525278956351,20000000.0,1,6,0.25
P2,P,25,-0.0002672005451961,-0.0023774325644218,-0.002644633109618,20000000.0,1,6,0.25
I1,I,25,,0.0025436288408234,0.0025436288408234,38950070.47753283,1,6,0.25
I2,I,25,,0.0012718144204117,0.0012718144204117,30848414.51575088,1,6,0.25
I3,I,25,,0.0009538608153087,0.0009538608153087,31329034.520936538,1,6,0.25
P1,P,26,-0.0004071338448029,-0.0017487702008888,-0.0021559040456918,20000000.0,1,6,0.25
P2,P,26,-0.0002545039895208,-0.0023814292107302,-0.002635933200251,20000000.0,1,6,0.25
I1,I,26,,0.0025436288408234,0.0025436288408234,38749699.97811986,1,6,0.25
I2,I,26,,0.0012718144204117,0.0012718144204117,30664531.548429284,1,6,0.25
I3,I,26,,0.0009538608153087,0.0009538608153087,31138429.97122082,1,6,0.25
P1,P,27,-0.0003882329500069,-0.0017712559328991,-0.002159488882906,20000000.0,1,6,0.25
P2,P,27,-0.000243055917793,-0.0023847924412541,-0.0026278483590471,20000000.0,1,6,0.25
I1,I,27,,0.0025436288408234,0.0025436288408234,38565227.69899328,1,6,0.25
I2,I,27,,0.0012718144204117,0.0012718144204117,30495665.650239453,1,6,0.25
I3,I,27,,0.0009538608153087,0.0009538608153087,30963239.91815949,1,6,0.25
P1,P,28,-0.0003708567743446,-0.0017923359069151,-0.0021631926812598,20000000.0,1,6,0.25
P2,P,28,-0.0002326576118649,-0.0023876970947752,-0.0026203547066401,20000000.0,1,6,0.25
I1,I,28,,0.0025436288408234,0.0025436288408234,38394691.82229628,1,6,0.25
I2,I,28,,0.0012718144204117,0.0012718144204117,30339911.744286284,1,6,0.25
I3,I,28,,0.0009538608153087,0.0009538608153087,30801528.932021007,1,6,0.25
P1,P,29,-0.0003547897860944,-0.0018121047362681,-0.0021668945223625,20000000.0,1,6,0.25
P2,P,29,-0.0002231249487749,-0.002390331230892,-0.0026134561796669,20000000.0,1,6,0.25
I1,I,29,,0.0025436288408234,0.0025436288408234,38236406.095039405,1,6,0.25
I2,I,29,,0.0012718144204117,0.0012718144204117,30195619.476714768,1,6,0.25
I3,I,29,,0.0009538608153087,0.0009538608153087,30651629.797802757,1,6,0.25
P1,P,0,-0.0017176804036577,0.0,-0.0017176804036577,20000000.0,1,7,0.25
P2,P,0,-0.0017222876450741,0.0,-0.0017222876450741,20000000.0,1,7,0.25
I1,I,0,,0.0025378891729841,0.0025378891729841,40803444.92057358,1,7,0.25
I2,I,0,,0.001268944586492,0.001268944586492,36093286.34554631,1,7,0.25
I3,I,0,,,,,0,7,0.25
P1,P,1,-0.0015822503324143,0.0,-0.0015822503324143,20000000.0,1,7,0.25
P2,P,1,-0.0016015354763256,0.0,-0.0016015354763256,20000000.0,1,7,0.25
I1,I,1,,0.0025378891729841,0.0025378891729841,40799400.2064171,1,7,0.25
I2,I,1,,0.001268944586492,0.001268944586492,36237747.88754232,1,7,0.25
I3,I,1,,,,,0,7,0.25
P1,P,2,-0.0015727781314903,0.0,-0.0015727781314903,20000000.0,1,7,0.25
P2,P,2,-0.0015926486062582,0.0,-0.0015926486062582,20000000.0,1,7,0.25
I1,I,2,,0.0025378891729841,0.0025378891729841,41142495.40597399,1,7,0.25
I2,I,2,,0.001268944586492,0.001268944586492,36526473.84899228,1,7,0.25
I3,I,2,,,,,0,7,0.25
P1,P,3,-0.001595556151867,0.0,-0.001595556151867,20000000.0,1,7,0.25
P2,P,3,-0.001613122394848,0.0,-0.001613122394848,20000000.0,1,7,0.25
I1,I,3,,0.0025378891729841,0.0025378891729841,41405248.96197227,1,7,0.25
I2,I,3,,0.001268944586492,0.001268944586492,36744304.911299855,1,7,0.25
I3,I,3,,,,,0,7,0.25
P1,P,4,-0.0016276057951606,0.0,-0.0016276057951606,20000000.0,1,7,0.25
P2,P,4,-0.0016433336749365,0.0,-0.0016433336749365,20000000.0,1,7,0.25
I1,I,4,,0.0025378891729841,0.0025378891729841,41600344.7013978,1,7,0.25
I2,I,4,,0.001268944586492,0.001268944586492,36910675.74823448,1,7,0.25
I3,I,4,,,,,0,7,0.25
P1,P,5,-0.0017560241267224,0.0,-0.0017560241267224,20000000.0,1,7,0.25
P2,P,5,-0.0016583368255454,-5.179476998486477e-05,-0.0017101315955303,20000000.0,1,7,0.25
I1,I,5,,0.0025378891729841,0.0025378891729841,42233771.87113863,1,7,0.25
I2,I,5,,0.001268944586492,0.001268944586492,37494448.334325366,1,7,0.25
I3,I,5,,,,,0,7,0.25
P1,P,6,-0.0018404187867343,0.0,-0.0018404187867343,20000000.0,1,7,0.25
P2,P,6,-0.001461903315275,-0.00035746387561,-0.0018193671908851,20000000.0,1,7,0.25
I1,I,6,,0.0025378891729841,0.0025378891729841,42381634.95020017,1,7,0.25
I2,I,6,,0.001268944586492,0.001268944586492,37603575.24275144,1,7,0.25
I3,I,6,,,,,0,7,0.25
P1,P,7,-0.0018403507690551,-8.270229060723414e-06,-0.0018486209981158,20000000.0,1,7,0.25
P2,P,7,-0.0012619539555416,-0.0007348533104822,-0.0019968072660238,20000000.0,1,7,0.25
I1,I,7,,0.0025378891729841,0.0025378891729841,42142552.264209874,1,7,0.25
I2,I,7,,0.001268944586492,0.001268944586492,37332498.86640333,1,7,0.25
I3,I,7,,,,,0,7,0.25
P1,P,8,-0.0018537122487549,-0.0001798056302042,-0.0020335178789591,20000000.0,1,7,0.25
P2,P,8,-0.0011706315549733,-0.0011943661155102,-0.0023649976704836,20000000.0,1,7,0.25
I1,I,8,,0.0025378891729841,0.0025378891729841,43355809.925809,1,7,0.25
I2,I,8,,0.001268944586492,0.001268944586492,38457262.55156209,1,7,0.25
I3,I,8,,0.000951708439869,0.000951708439869,38969399.92983436,1,7,0.25
P1,P,9,-0.0017428712834099,-0.0004573753820777,-0.0022002466654877,20000000.0,1,7,0.25
P2,P,9,-0.0010587805914722,-0.0015333662561317,-0.0025921468476039,20000000.0,1,7,0.25
I1,I,9,,0.0025378891729841,0.0025378891729841,43244170.12373035,1,7,0.25
I2,I,9,,0.001268944586492,0.001268944586492,38324214.2320637,1,7,0.25
I3,I,9,,0.000951708439869,0.000951708439869,38712125.14572386,1,7,0.25
P1,P,10,-0.0015527589408106,-0.0007168357258817,-0.0022695946666923,20000000.0,1,7,0.25
P2,P,10,-0.000942566630599,-0.0017604175573497,-0.0027029841879488,20000000.0,1,7,0.25
I1,I,10,,0.0025378891729841,0.0025378891729841,42672707.23253527,1,7,0.25
I2,I,10,,0.001268944586492,0.001268944586492,37766248.37857442,1,7,0.25
I3,I,10,,0.000951708439869,0.000951708439869,38110961.99978123,1,7,0.25
P1,P,11,-0.0013668929213319,-0.0009142047786727,-0.0022810977000047,20000000.0,1,7,0.25
P2,P,11,-0.0008357434006554,-0.0019102621133233,-0.0027460055139788,20000000.0,1,7,0.25
I1,I,11,,0.0025378891729841,0.0025378891729841,41939974.43659983,1,7,0.25
I2,I,11,,0.001268944586492,0.001268944586492,37057999.91744369,1,7,0.25
I3,I,11,,0.000951708439869,0.000951708439869,37376414.79965325,1,7,0.25
P1,P,12,-0.0012167137779592,-0.001051891372499,-0.0022686051504582,20000000.0,1,7,0.25
P2,P,12,-0.0007434873472111,-0.0020099783605261,-0.0027534657077373,20000000.0,1,7,0.25
I1,I,12,,0.0025378891729841,0.0025378891729841,41185632.23393729,1,7,0.25
I2,I,12,,0.001268944586492,0.001268944586492,36332389.43578872,1,7,0.25
I3,I,12,,0.000951708439869,0.000951708439869,36630555.57011021,1,7,0.25
P1,P,13,-0.0010956374579529,-0.0011518504789069,-0.0022474879368599,20000000.0,1,7,0.25
P2,P,13,-0.00066579230305,-0.0020791046358375,-0.0027448969388876,20000000.0,1,7,0.25
I1,I,13,,0.0025378891729841,0.0025378891729841,40474134.23115065,1,7,0.25
I2,I,13,,0.001268944586492,0.001268944586492,35650815.93067568,1,7,0.25
I3,I,13,,0.000951708439869,0.000951708439869,35931811.130648695,1,7,0.25
P1,P,14,-0.0009935679791061,-0.0012345423014704,-0.0022281102805766,20000000.0,1,7,0.25
P2,P,14,-0.000600697829245,-0.0021291333927661,-0.0027298312220112,20000000.0,1,7,0.25
I1,I,14,,0.0025378891729841,0.0025378891729841,39825314.15568681,1,7,0.25
I2,I,14,,0.001268944586492,0.001268944586492,35031981.43006721,1,7,0.25
I3,I,14,,0.000951708439869,0.000951708439869,35297598.80036409,1,7,0.25
P1,P,15,-0.0009042904856777,-0.0013104691376105,-0.0022147596232883,20000000.0,1,7,0.25
P2,P,15,-0.0005458383492841,-0.0021662444972289,-0.002712082846513,20000000.0,1,7,0.25
I1,I,15,,0.0025378891729841,0.0025378891729841,39238217.52690426,1,7,0.25
I2,I,15,,0.001268944586492,0.001268944586492,34474567.12172789,1,7,0.25
I3,I,15,,0.000951708439869,0.000951708439869,34725890.6055904,1,7,0.25
P1,P,16,-0.000825121362281,-0.0013830122714422,-0.0022081336337232,20000000.0,1,7,0.25
P2,P,16,-0.000499100880811,-0.0021937968271697,-0.0026928977079808,20000000.0,1,7,0.25
I1,I,16,,0.0025378891729841,0.0025378891729841,38705295.49180854,1,7,0.25
I2,I,16,,0.001268944586492,0.001268944586492,33970823.039197475,1,7,0.25
I3,I,16,,0.000951708439869,0.000951708439869,34208582.310365416,1,7,0.25
P1,P,17,-0.000755209543227,-0.0014519586121156,-0.0022071681553427,20000000.0,1,7,0.25
P2,P,17,-0.0004588590549599,-0.0022138142109426,-0.0026726732659025,20000000.0,1,7,0.25
I1,I,17,,0.0025378891729841,0.0025378891729841,38219297.564108334,1,7,0.25
I2,I,17,,0.001268944586492,0.001268944586492,33513277.571699876,1,7,0.25
I3,I,17,,0.000951708439869,0.000951708439869,33738071.87903986,1,7,0.25
P1,P,18,-0.0006940522516211,-0.0015157485742459,-0.0022098008258671,20000000.0,1,7,0.25
P2,P,18,-0.0004239006350717,-0.002228172527497,-0.0026520731625687,20000000.0,1,7,0.25
I1,I,18,,0.0025378891729841,0.0025378891729841,37775522.61624764,1,7,0.25
I2,I,18,,0.001268944586492,0.001268944586492,33096897.262433585,1,7,0.25
I3,I,18,,0.000951708439869,0.000951708439869,33309388.580844387,1,7,0.25
P1,P,19,-0.0006409780100273,-0.0015735292241965,-0.0022145072342238,20000000.0,1,7,0.25
P2,P,19,-0.0003933004091148,-0.0022385532980005,-0.0026318537071153,20000000.0,1,7,0.25
I1,I,19,,0.0025378891729841,0.0025378891729841,37370441.68982752,1,7,0.25
I2,I,19,,0.001268944586492,0.001268944586492,32717858.547836263,1,7,0.25
I3,I,19,,0.000951708439869,0.000951708439869,32918812.813073702,1,7,0.25
P1,P,20,-0.0005949746594683,-0.0016251232201739,-0.0022200978796423,20000000.0,1,7,0.25
P2,P,20,-0.0003663909645459,-0.0022461954672537,-0.0026125864317996,20000000.0,1,7,0.25
I1,I,20,,0.0025378891729841,0.0025378891729841,37001501.344693184,1,7,0.25
I2,I,20,,0.001268944586492,0.001268944586492,32373430.328358736,1,7,0.25
I3,I,20,,0.000951708439869,0.000951708439869,32563683.31758997,1,7,0.25
P1,P,21,-0.0005549591020107,-0.0016710599003061,-0.0022260190023169,20000000.0,1,7,0.25
P2,P,21,-0.0003426793064192,-0.0022518983520513,-0.0025945776584706,20000000.0,1,7,0.25
I1,I,21,,0.0025378891729841,0.0025378891729841,36666296.4295282,1,7,0.25
I2,I,21,,0.001268944586492,0.001268944586492,32061188.478149004,1,7,0.25
I3,I,21,,0.000951708439869,0.000951708439869,32241564.67119449,1,7,0.25
P1,P,22,-0.0005199530875489,-0.0017120516958908,-0.0022320047834398,20000000.0,1,7,0.25
P2,P,22,-0.000321745123769,-0.0022562665703199,-0.002578011694089,20000000.0,1,7,0.25
I1,I,22,,0.0025378891729841,0.0025378891729841,36362138.29234125,1,7,0.25
I2,I,22,,0.001268944586492,0.001268944586492,31778493.295951605,1,7,0.25
I3,I,22,,0.000951708439869,0.000951708439869,31949775.9284944,1,7,0.25
P1,P,23,-0.0004891016976937,-0.0017486285885153,-0.002237730286209,20000000.0,1,7,0.25
P2,P,23,-0.0003031971641529,-0.0022599071818205,-0.0025631043459734,20000000.0,1,7,0.25
I1,I,23,,0.0025378891729841,0.0025378891729841,36086223.53878436,1,7,0.25
I2,I,23,,0.001268944586492,0.001268944586492,31522586.45532854,1,7,0.25
I3,I,23,,0.000951708439869,0.000951708439869,31685527.11278401,1,7,0.25
P1,P,24,-0.0004617362375626,-0.0017814974538541,-0.0022432336914167,20000000.0,1,7,0.25
P2,P,24,-0.000286651142571,-0.0022631764614091,-0.0025498276039802,20000000.0,1,7,0.25
I1,I,24,,0.0025378891729841,0.0025378891729841,35835286.41680443,1,7,0.25
I2,I,24,,0.001268944586492,0.001268944586492,31290311.98241516,1,7,0.25
I3,I,24,,0.000951708439869,0.000951708439869,31445592.47249441,1,7,0.25
P1,P,25,-0.0004372636928565,-0.0018111353189937,-0.0022483990118503,20000000.0,1,7,0.25
P2,P,25,-0.0002717600024442,-0.0022663438066078,-0.0025381038090521,20000000.0,1,7,0.25
I1,I,25,,0.0025378891729841,0.0025378891729841,35606319.69912842,1,7,0.25
I2,I,25,,0.001268944586492,0.001268944586492,31078757.89065748,1,7,0.25
I3,I,25,,0.000951708439869,0.000951708439869,31227003.86378205,1,7,0.25
P1,P,26,-0.0004151625661753,-0.001838095563278,-0.0022532581294533,20000000.0,1,7,0.25
P2,P,26,-0.0002582612231377,-0.0022694813311735,-0.0025277425543113,20000000.0,1,7,0.25
I1,I,26,,0.0025378891729841,0.0025378891729841,35396558.63413707,1,7,0.25
I2,I,26,,0.001268944586492,0.001268944586492,30885281.998251382,1,7,0.25
I3,I,26,,0.000951708439869,0.000951708439869,31027044.36246072,1,7,0.25
P1,P,27,-0.0003950076084603,-0.0018628744494911,-0.0022578820579515,20000000.0,1,7,0.25
P2,P,27,-0.0002459612447285,-0.0022725540060465,-0.002518515250775,20000000.0,1,7,0.25
I1,I,27,,0.0025378891729841,0.0025378891729841,35203541.55614568,1,7,0.25
I2,I,27,,0.001268944586492,0.001268944586492,30707543.05612636,1,7,0.25
I3,I,27,,0.000951708439869,0.000951708439869,30843300.299939707,1,7,0.25
P1,P,28,-0.0003764722469786,-0.0018858762895027,-0.0022623485364813,20000000.0,1,7,0.25
P2,P,28,-0.0002347105093929,-0.0022754686430531,-0.0025101791524461,20000000.0,1,7,0.25
I1,I,28,,0.0025378891729841,0.0025378891729841,35025202.5265854,1,7,0.25
I2,I,28,,0.001268944586492,0.001268944586492,30543592.40732058,1,7,0.25
I3,I,28,,0.000951708439869,0.000951708439869,30673753.866855677,1,7,0.25
P1,P,29,-0.0003593118324688,-0.0019073310429944,-0.0022666428754632,20000000.0,1,7,0.25
P2,P,29,-0.0002243914796053,-0.0022781776970105,-0.0025025691766159,20000000.0,1,7,0.25
I1,I,29,,0.0025378891729841,0.0025378891729841,34860000.54089341,1,7,0.25
I2,I,29,,0.001268944586492,0.001268944586492,30391980.25337694,1,7,0.25
I3,I,29,,0.000951708439869,0.000951708439869,30516903.96949353,1,7,0.25
P1,P,0,-0.0016391574281513,0.0,-0.0016391574281513,20000000.0,1,0,0.25
P2,P,0,-0.0019314672282611,0.0,-0.0019314672282611,20000000.0,1,0,0.25
I1,I,0,,0.0025405410038538,0.0025405410038538,40946149.02083449,1,0,0.25
I2,I,0,,0.0012702705019269,0.0012702705019269,37438353.33549002,1,0,0.25
I3,I,0,,0.0009527028764451,0.0009527028764451,36283656.58144164,1,0,0.25
P1,P,1,-0.001551315296076,0.0,-0.001551315296076,20000000.0,1,0,0.25
P2,P,1,-0.0018175011721985,0.0,-0.0018175011721985,20000000.0,1,0,0.25
I1,I,1,,0.0025405410038538,0.0025405410038538,41471707.0839791,1,0,0.25
I2,I,1,,0.0012702705019269,0.0012702705019269,37881923.42844433,1,0,0.25
I3,I,1,,0.0009527028764451,0.0009527028764451,37132989.77812473,1,0,0.25
P1,P,2,-0.0015806200156503,0.0,-0.0015806200156503,20000000.0,1,0,0.25
P2,P,2,-0.0018417869431827,0.0,-0.0018417869431827,20000000.0,1,0,0.25
I1,I,2,,0.0025405410038538,0.0025405410038538,42157898.68973004,1,0,0.25
I2,I,2,,0.0012702705019269,0.0012702705019269,38437595.791386366,1,0,0.25
I3,I,2,,0.0009527028764451,0.0009527028764451,37843204.56987867,1,0,0.25
P1,P,3,-0.0016396883276774,0.0,-0.0016396883276774,20000000.0,1,0,0.25
P2,P,3,-0.0019030373184078,0.0,-0.0019030373184078,20000000.0,1,0,0.25
I1,I,3,,0.0025405410038538,0.0025405410038538,42693933.33859666,1,0,0.25
I2,I,3,,0.0012702705019269,0.0012702705019269,38891915.04289914,1,0,0.25
I3,I,3,,0.0009527028764451,0.0009527028764451,38377545.19908081,1,0,0.25
P1,P,4,-0.001705553447101,0.0,-0.001705553447101,20000000.0,1,0,0.25
P2,P,4,-0.0019756931818727,0.0,-0.0019756931818727,20000000.0,1,0,0.25
I1,I,4,,0.0025405410038538,0.0025405410038538,43125362.41839095,1,0,0.25
I2,I,4,,0.0012702705019269,0.0012702705019269,39270057.48760133,1,0,0.25
I3,I,4,,0.0009527028764451,0.0009527028764451,38807292.45013297,1,0,0.25
P1,P,5,-0.0019531257013512,0.0,-0.0019531257013512,20000000.0,1,0,0.25
P2,P,5,-0.0019702501101259,-0.0001657819604646,-0.0021360320705905,20000000.0,1,0,0.25
I1,I,5,,0.0025405410038538,0.0025405410038538,44453484.17383019,1,0,0.25
I2,I,5,,0.0012702705019269,0.0012702705019269,40505674.71531698,1,0,0.25
I3,I,5,,0.0009527028764451,0.0009527028764451,40125191.38991295,1,0,0.25
P1,P,6,-0.0020909199493095,-6.595571265553917e-07,-0.002091579506436,20000000.0,1,0,0.25
P2,P,6,-0.0017049941249493,-0.0007371194307834,-0.0024421135557328,20000000.0,1,0,0.25
I1,I,6,,0.0025405410038538,0.0025405410038538,44842205.45868255,1,0,0.25
I2,I,6,,0.0012702705019269,0.0012702705019269,40803634.92191162,1,0,0.25
I3,I,6,,0.0009527028764451,0.0009527028764451,40492436.947014615,1,0,0.25
P1,P,7,-0.0020216744489428,-9.043396390642974e-05,-0.0021121084128492,20000000.0,1,0,0.25
P2,P,7,-0.0014573531553154,-0.0012848266683454,-0.0027421798236609,20000000.0,1,0,0.25
I1,I,7,,0.0025405410038538,0.0025405410038538,44563030.24644313,1,0,0.25
I2,I,7,,0.0012702705019269,0.0012702705019269,40462643.95540144,1,0,0.25
I3,I,7,,0.0009527028764451,0.0009527028764451,40203015.40323725,1,0,0.25
P1,P,8,-0.0018418804279172,-0.0003307447893064,-0.0021726252172236,20000000.0,1,0,0.25
P2,P,8,-0.0012535070187837,-0.0016592947803228,-0.0029128017991065,20000000.0,1,0,0.25
I1,I,8,,0.0025405410038538,0.0025405410038538,43795416.79659925,1,0,0.25
I2,I,8,,0.0012702705019269,0.0012702705019269,39685936.26097722,1,0,0.25
I3,I,8,,0.0009527028764451,0.0009527028764451,39445451.36990042,1,0,0.25
P1,P,9,-0.0016178535633006,-0.0005649565007562,-0.0021828100640568,20000000.0,1,0,0.25
P2,P,9,-0.0010855118919731,-0.0018928756775622,-0.0029783875695353,20000000.0,1,0,0.25
I1,I,9,,0.0025405410038538,0.0025405410038538,42814674.864824906,1,0,0.25
I2,I,9,,0.0012702705019269,0.0012702705019269,38727184.128421165,1,0,0.25
I3,I,9,,0.0009527028764451,0.0009527028764451,38486458.63853589,1,0,0.25
P1,P,10,-0.0014115493757695,-0.0007458708088879,-0.0021574201846574,20000000.0,1,0,0.25
P2,P,10,-0.000947833249408,-0.0020393346505559,-0.002987167899964,20000000.0,1,0,0.25
I1,I,10,,0.0025405410038538,0.0025405410038538,41819203.70909596,1,0,0.25
I2,I,10,,0.0012702705019269,0.0012702705019269,37765611.48779859,1,0,0.25
I3,I,10,,0.0009527028764451,0.0009527028764451,37516393.6011067,1,0,0.25
P1,P,11,-0.0012452177326531,-0.0008778488529829,-0.0021230665856361,20000000.0,1,0,0.25
P2,P,11,-0.00083541403847,-0.0021358409745241,-0.0029712550129942,20000000.0,1,0,0.25
I1,I,11,,0.0025405410038538,0.0025405410038538,40898110.17334458,1,0,0.25
I2,I,11,,0.0012702705019269,0.0012702705019269,36882077.59965947,1,0,0.25
I3,I,11,,0.0009527028764451,0.0009527028764451,36621113.21233857,1,0,0.25
P1,P,12,-0.0011105692537777,-0.0009780467298337,-0.0020886159836114,20000000.0,1,0,0.25
P2,P,12,-0.0007436300582735,-0.0022043143143096,-0.0029479443725831,20000000.0,1,0,0.25
I1,I,12,,0.0025405410038538,0.0025405410038538,40082444.76704133,1,0,0.25
I2,I,12,,0.0012702705019269,0.0012702705019269,36103809.20004153,1,0,0.25
I3,I,12,,0.0009527028764451,0.0009527028764451,35830321.087877184,1,0,0.25
P1,P,13,-0.0009973019307797,-0.0010628952762259,-0.0020601972070057,20000000.0,1,0,0.25
P2,P,13,-0.0006681904077437,-0.0022561602332733,-0.0029243506410171,20000000.0,1,0,0.25
I1,I,13,,0.0025405410038538,0.0025405410038538,39370824.62721053,1,0,0.25
I2,I,13,,0.0012702705019269,0.0012702705019269,35428165.72165865,1,0,0.25
I3,I,13,,0.0009527028764451,0.0009527028764451,35142272.076312475,1,0,0.25
P1,P,14,-0.0008994891031044,-0.0011413640680214,-0.0020408531711259,20000000.0,1,0,0.25
P2,P,14,-0.0006052974247955,-0.0022966381127895,-0.002901935537585,20000000.0,1,0,0.25
I1,I,14,,0.0025405410038538,0.0025405410038538,38747695.18186801,1,0,0.25
I2,I,14,,0.0012702705019269,0.0012702705019269,34839599.81787539,1,0,0.25
I3,I,14,,0.0009527028764451,0.0009527028764451,34541499.214807495,1,0,0.25
P1,P,15,-0.0008145456943835,-0.0012156216205235,-0.0020301673149071,20000000.0,1,0,0.25
P2,P,15,-0.0005520097047057,-0.0023286592040374,-0.0028806689087432,20000000.0,1,0,0.25
I1,I,15,,0.0025405410038538,0.0025405410038538,38195297.138940975,1,0,0.25
I2,I,15,,0.0012702705019269,0.0012702705019269,34320457.922211945,1,0,0.25
I3,I,15,,0.0009527028764451,0.0009527028764451,34010344.544580795,1,0,0.25
P1,P,16,-0.0007410933695005,-0.001285089704806,-0.0020261830743065,20000000.0,1,0,0.25
P2,P,16,-0.0005063505025584,-0.0023535539177751,-0.0028599044203336,20000000.0,1,0,0.25
I1,I,16,,0.0025405410038538,0.0025405410038538,37700077.99364732,1,0,0.25
I2,I,16,,0.0012702705019269,0.0012702705019269,33857216.76843958,1,0,0.25
I3,I,16,,0.0009527028764451,0.0009527028764451,33535315.124199048,1,0,0.25
P1,P,17,-0.0006780002165659,-0.0013489706932156,-0.0020269709097815,20000000.0,1,0,0.25
P2,P,17,-0.0004668812458296,-0.0023724499349804,-0.00283933118081,20000000.0,1,0,0.25
I1,I,17,,0.0025405410038538,0.0025405410038538,37252815.35088895,1,0,0.25
I2,I,17,,0.0012702705019269,0.0012702705019269,33440574.53782537,1,0,0.25
I3,I,17,,0.0009527028764451,0.0009527028764451,33107201.90923927,1,0,0.25
P1,P,18,-0.0006239874168908,-0.0014066939994532,-0.0020306814163441,20000000.0,1,0,0.25
P2,P,18,-0.0004324446068482,-0.0023867041771206,-0.0028191487839688,20000000.0,1,0,0.25
I1,I,18,,0.0025405410038538,0.0025405410038538,36847627.46544743,1,0,0.25
I2,I,18,,0.0012702705019269,0.0012702705019269,33064507.209149763,1,0,0.25
I3,I,18,,0.0009527028764451,0.0009527028764451,32720109.63577293,1,0,0.25
P1,P,19,-0.0005776798511906,-0.0014583281965479,-0.0020360080477386,20000000.0,1,0,0.25
P2,P,19,-0.0004022128000277,-0.0023976646164502,-0.002799877416478,20000000.0,1,0,0.25
I1,I,19,,0.0025405410038538,0.0025405410038538,36479968.68747862,1,0,0.25
I2,I,19,,0.0012702705019269,0.0012702705019269,32724315.595782336,1,0,0.25
I3,I,19,,0.0009527028764451,0.0009527028764451,32369472.50835905,1,0,0.25
P1,P,20,-0.0005378160167716,-0.0015043770685239,-0.0020421930852956,20000000.0,1,0,0.25
P2,P,20,-0.0003755687199415,-0.0024061616989468,-0.0027817304188884,20000000.0,1,0,0.25
I1,I,20,,0.0025405410038538,0.0025405410038538,36146172.28008124,1,0,0.25
I2,I,20,,0.0012702705019269,0.0012702705019269,32416308.55702501,1,0,0.25
I3,I,20,,0.0009527028764451,0.0009527028764451,32051654.26624324,1,0,0.25
P1,P,21,-0.0005032637782824,-0.0015454223029523,-0.0020486860812348,20000000.0,1,0,0.25
P2,P,21,-0.0003519946039515,-0.0024129058709223,-0.0027649004748738,20000000.0,1,0,0.25
I1,I,21,,0.0025405410038538,0.0025405410038538,35843102.42241053,1,0,0.25
I2,I,21,,0.0012702705019269,0.0012702705019269,32137370.005680323,1,0,0.25
I3,I,21,,0.0009527028764451,0.0009527028764451,31763562.75593988,1,0,0.25
P1,P,22,-0.0004731247371071,-0.0015822013441946,-0.0020553260813017,20000000.0,1,0,0.25
P2,P,22,-0.0003310347728674,-0.0024184080782733,-0.0027494428511408,20000000.0,1,0,0.25
I1,I,22,,0.0025405410038538,0.0025405410038538,35567483.00157389,1,0,0.25
I2,I,22,,0.0012702705019269,0.0012702705019269,31884304.66890699,1,0,0.25
I3,I,22,,0.0009527028764451,0.0009527028764451,31501982.86469968,1,0,0.25
P1,P,23,-0.000446627133349,-0.0016152840950701,-0.0020619112284191,20000000.0,1,0,0.25
P2,P,23,-0.0003122794482844,-0.0024231133800249,-0.0027353928283094,20000000.0,1,0,0.25
I1,I,23,,0.0025405410038538,0.0025405410038538,35316130.00110876,1,0,0.25
I2,I,23,,0.0012702705019269,0.0012702705019269,31654016.365401383,1,0,0.25
I3,I,23,,0.0009527028764451,0.0009527028764451,31263791.683320675,1,0,0.25
P1,P,24,-0.0004231180001862,-0.0016451573498958,-0.002068275350082,20000000.0,1,0,0.25
P2,P,24,-0.0002953675966366,-0.0024273506129059,-0.0027227182095426,20000000.0,1,0,0.25
I1,I,24,,0.0025405410038538,0.0025405410038538,35086157.18343372,1,0,0.25
I2,I,24,,0.0012702705019269,0.0012702705019269,31443714.61057872,1,0,0.25
I3,I,24,,0.0009527028764451,0.0009527028764451,31046163.68500715,1,0,0.25
P1,P,25,-0.0004020598632544,-0.001672253397708,-0.0020743132609625,20000000.0,1,0,0.25
P2,P,25,-0.0002800151521691,-0.0024313184116561,-0.0027113335638253,20000000.0,1,0,0.25
I1,I,25,,0.0025405410038538,0.0025405410038538,34875040.35730097,1,0,0.25
I2,I,25,,0.0012702705019269,0.0012702705019269,31250982.08016704,1,0,0.25
I3,I,25,,0.0009527028764451,0.0009527028764451,30846638.01743774,1,0,0.25
P1,P,26,-0.0003830420947147,-0.0016969272266232,-0.0020799693213379,20000000.0,1,0,0.25
P2,P,26,-0.0002660106131441,-0.0024351069993978,-0.0027011176125419,20000000.0,1,0,0.25
I1,I,26,,0.0025405410038538,0.0025405410038538,34680666.45840515,1,0,0.25
I2,I,26,,0.0012702705019269,0.0012702705019269,31073816.731569,1,0,0.25
I3,I,26,,0.0009527028764451,0.0009527028764451,30663164.510052487,1,0,0.25
P1,P,27,-0.0003657491086946,-0.0017194882565282,-0.0020852373652229,20000000.0,1,0,0.25
P2,P,27,-0.0002531946811796,-0.0024387351101658,-0.0026919297913455,20000000.0,1,0,0.25
I1,I,27,,0.0025405410038538,0.0025405410038538,34501290.97120315,1,0,0.25
I2,I,27,,0.0012702705019269,0.0012702705019269,30910580.546718705,1,0,0.25
I3,I,27,,0.0009527028764451,0.0009527028764451,30494058.34508808,1,0,0.25
P1,P,28,-0.0003499216525142,-0.0017402303484602,-0.0020901520009744,20000000.0,1,0,0.25
P2,P,28,-0.0002414389713332,-0.0024421965205668,-0.0026836354919,20000000.0,1,0,0.25
I1,I,28,,0.0025405410038538,0.0025405410038538,34335414.1452412,1,0,0.25
I2,I,28,,0.0012702705019269,0.0012702705019269,30759874.32859474,1,0,0.25
I3,I,28,,0.0009527028764451,0.0009527028764451,30337873.983498663,1,0,0.25
P1,P,29,-0.0003353391739888,-0.0017594228508445,-0.0020947620248333,20000000.0,1,0,0.25
P2,P,29,-0.000230641764541,-0.0024454751581125,-0.0026761169226535,20000000.0,1,0,0.25
I1,I,29,,0.0025405410038538,0.0025405410038538,34181684.7310073,1,0,0.25
I2,I,29,,0.0012702705019269,0.0012702705019269,30620438.29565689,1,0,0.25
I3,I,29,,0.0009527028764451,0.0009527028764451,30193309.60728929,1,0,0.25
P1,P,0,-0.0015509044244545,0.0,-0.0015509044244545,20000000.0,1,9,0.25
P2,P,0,-0.0018605475296671,0.0,-0.0018605475296671,20000000.0,1,9,0.25
I1,I,0,,0.0025417829031318,0.0025417829031318,39871084.995335706,1,9,0.25
I2,I,0,,0.0012708914515659,0.0012708914515659,36028776.4706984,1,9,0.25
I3,I,0,,,,,0,9,0.25
P1,P,1,-0.0014424121448451,0.0,-0.0014424121448451,20000000.0,1,9,0.25
P2,P,1,-0.001712366939023,0.0,-0.001712366939023,20000000.0,1,9,0.25
I1,I,1,,0.0025417829031318,0.0025417829031318,40007661.816766135,1,9,0.25
I2,I,1,,0.0012708914515659,0.0012708914515659,36180460.80157251,1,9,0.25
I3,I,1,,,,,0,9,0.25
P1,P,2,-0.001439917071271,0.0,-0.001439917071271,20000000.0,1,9,0.25
P2,P,2,-0.0016967487359174,0.0,-0.0016967487359174,20000000.0,1,9,0.25
I1,I,2,,0.0025417829031318,0.0025417829031318,40381739.02079408,1,9,0.25
I2,I,2,,0.0012708914515659,0.0012708914515659,36467186.28896342,1,9,0.25
I3,I,2,,,,,0,9,0.25
P1,P,3,-0.0014638438730807,0.0,-0.0014638438730807,20000000.0,1,9,0.25
P2,P,3,-0.0017171489978361,0.0,-0.0017171489978361,20000000.0,1,9,0.25
I1,I,3,,0.0025417829031318,0.0025417829031318,40659545.21725059,1,9,0.25
I2,I,3,,0.0012708914515659,0.0012708914515659,36686239.232649386,1,9,0.25
I3,I,3,,,,,0,9,0.25
P1,P,4,-0.0014951295222334,0.0,-0.0014951295222334,20000000.0,1,9,0.25
P2,P,4,-0.001749816279734,0.0,-0.001749816279734,20000000.0,1,9,0.25
I1,I,4,,0.0025417829031318,0.0025417829031318,40864668.1358828,1,9,0.25
I2,I,4,,0.0012708914515659,0.0012708914515659,36855937.62603408,1,9,0.25
I3,I,4,,,,,0,9,0.25
P1,P,5,-0.0016209570356793,0.0,-0.0016209570356793,20000000.0,1,9,0.25
P2,P,5,-0.0017522602216143,-6.62432754008554e-05,-0.0018185034970151,20000000.0,1,9,0.25
I1,I,5,,0.0025417829031318,0.0025417829031318,41527233.85672788,1,9,0.25
I2,I,5,,0.0012708914515659,0.0012708914515659,37465949.55413054,1,9,0.25
I3,I,5,,,,,0,9,0.25
P1,P,6,-0.0017016074721556,0.0,-0.0017016074721556,20000000.0,1,9,0.25
P2,P,6,-0.0015348359306615,-0.0004221810422912,-0.0019570169729528,20000000.0,1,9,0.25
I1,I,6,,0.0025417829031318,0.0025417829031318,41684653.95951361,1,9,0.25
I2,I,6,,0.0012708914515659,0.0012708914515659,37572888.84716841,1,9,0.25
I3,I,6,,,,,0,9,0.25
P1,P,7,-0.0017092187241869,-3.129346117938865e-06,-0.0017123480703048,20000000.0,1,9,0.25
P2,P,7,-0.0013205070740525,-0.0008347347514308,-0.0021552418254834,20000000.0,1,9,0.25
I1,I,7,,0.0025417829031318,0.0025417829031318,41424392.91817348,1,9,0.25
I2,I,7,,0.0012708914515659,0.0012708914515659,37271596.25844992,1,9,0.25
I3,I,7,,,,,0,9,0.25
P1,P,8,-0.0016033193704449,-9.278547015827052e-05,-0.0016961048406032,20000000.0,1,9,0.25
P2,P,8,-0.0011497887853642,-0.0011486849382978,-0.0022984737236621,20000000.0,1,9,0.25
I1,I,8,,0.0025417829031318,0.0025417829031318,40885005.74441397,1,9,0.25
I2,I,8,,0.0012708914515659,0.0012708914515659,36721392.842956,1,9,0.25
I3,I,8,,,,,0,9,0.25
P1,P,9,-0.0014599300809815,-0.0002669105473789,-0.0017268406283604,20000000.0,1,9,0.25
P2,P,9,-0.0010041702057791,-0.0013638294338327,-0.0023679996396118,20000000.0,1,9,0.25
I1,I,9,,0.0025417829031318,0.0025417829031318,40131299.288030736,1,9,0.25
I2,I,9,,0.0012708914515659,0.0012708914515659,35987109.88347865,1,9,0.25
I3,I,9,,,,,0,9,0.25
P1,P,10,-0.0014286323396717,-0.0004812536927986,-0.0019098860324703,20000000.0,1,9,0.25
P2,P,10,-0.0009403554029462,-0.0017394789768224,-0.0026798343797687,20000000.0,1,9,0.25
I1,I,10,,0.0025417829031318,0.0025417829031318,40969870.1750993,1,9,0.25
I2,I,10,,0.0012708914515659,0.0012708914515659,36775926.1308567,1,9,0.25
I3,I,10,,0.0009531685886744,0.0009531685886744,37568115.29694293,1,9,0.25
P1,P,11,-0.0013250088632898,-0.000671763914848,-0.0019967727781378,20000000.0,1,9,0.25
P2,P,11,-0.0008590540914189,-0.0019836461336922,-0.0028427002251112,20000000.0,1,9,0.25
I1,I,11,,0.0025417829031318,0.0025417829031318,40739891.96915108,1,9,0.25
I2,I,11,,0.0012708914515659,0.0012708914515659,36535663.72086012,1,9,0.25
I3,I,11,,0.0009531685886744,0.0009531685886744,37202403.874642886,1,9,0.25
P1,P,12,-0.0011945687066547,-0.0008296455029986,-0.0020242142096534,20000000.0,1,9,0.25
P2,P,12,-0.000777220892415,-0.0021364509421404,-0.0029136718345554,20000000.0,1,9,0.25
I1,I,12,,0.0025417829031318,0.0025417829031318,40224635.34121547,1,9,0.25
I2,I,12,,0.0012708914515659,0.0012708914515659,36037696.26330153,1,9,0.25
I3,I,12,,0.0009531685886744,0.0009531685886744,36657087.1113275,1,9,0.25
P1,P,13,-0.0010768137575276,-0.000949327441838,-0.0020261411993657,20000000.0,1,9,0.25
P2,P,13,-0.0007026791856189,-0.0022328439245541,-0.002935523110173,20000000.0,1,9,0.25
I1,I,13,,0.0025417829031318,0.0025417829031318,39625604.25209032,1,9,0.25
I2,I,13,,0.0012708914515659,0.0012708914515659,35465970.29588832,1,9,0.25
I3,I,13,,0.0009531685886744,0.0009531685886744,36054978.20408101,1,9,0.25
P1,P,14,-0.0009774987305921,-0.0010391100274351,-0.0020166087580273,20000000.0,1,9,0.25
P2,P,14,-0.0006377039135276,-0.0022963233261116,-0.0029340272396393,20000000.0,1,9,0.25
I1,I,14,,0.0025417829031318,0.0025417829031318,39031166.733404905,1,9,0.25
I2,I,14,,0.0012708914515659,0.0012708914515659,34902208.880215555,1,9,0.25
I3,I,14,,0.0009531685886744,0.0009531685886744,35467817.83100097,1,9,0.25
P1,P,15,-0.0008925479988806,-0.0011125949793358,-0.0020051429782164,20000000.0,1,9,0.25
P2,P,15,-0.0005819691865887,-0.0023407290709657,-0.0029226982575545,20000000.0,1,9,0.25
I1,I,15,,0.0025417829031318,0.0025417829031318,38476191.52059862,1,9,0.25
I2,I,15,,0.0012708914515659,0.0012708914515659,34378471.09733745,1,9,0.25
I3,I,15,,0.0009531685886744,0.0009531685886744,34924507.54006791,1,9,0.25
P1,P,16,-0.0008178344992894,-0.0011788119735253,-0.0019966464728148,20000000.0,1,9,0.25
P2,P,16,-0.0005342346425417,-0.0023731784085823,-0.002907413051124,20000000.0,1,9,0.25
I1,I,16,,0.0025417829031318,0.0025417829031318,37968940.841231234,1,9,0.25
I2,I,16,,0.0012708914515659,0.0012708914515659,33901964.99659863,1,9,0.25
I3,I,16,,0.0009531685886744,0.0009531685886744,34430831.8239588,1,9,0.25
P1,P,17,-0.0007511284560568,-0.0012418231127945,-0.0019929515688513,20000000.0,1,9,0.25
P2,P,17,-0.0004930736608411,-0.0023971965838598,-0.0028902702447009,20000000.0,1,9,0.25
I1,I,17,,0.0025417829031318,0.0025417829031318,37506592.47479108,1,9,0.25
I2,I,17,,0.0012708914515659,0.0012708914515659,33469551.85938965,1,9,0.25
I3,I,17,,0.0009531685886744,0.0009531685886744,33982853.09628829,1,9,0.25
P1,P,18,-0.000691393157146,-0.0013025018140969,-0.001993894971243,20000000.0,1,9,0.25
P2,P,18,-0.0004572195670126,-0.0024148361636806,-0.0028720557306933,20000000.0,1,9,0.25
I1,I,18,,0.0025417829031318,0.0025417829031318,37083491.10940799,1,9,0.25
I2,I,18,,0.0012708914515659,0.0012708914515659,33075414.663000144,1,9,0.25
I3,I,18,,0.0009531685886744,0.0009531685886744,33574329.14068627,1,9,0.25
P1,P,19,-0.0006383109902052,-0.001360111970109,-0.0019984229603143,20000000.0,1,9,0.25
P2,P,19,-0.0004256800221518,-0.0024275052907821,-0.0028531853129339,20000000.0,1,9,0.25
I1,I,19,,0.0025417829031318,0.0025417829031318,36694726.63983051,1,9,0.25
I2,I,19,,0.0012708914515659,0.0012708914515659,32714492.36985099,1,9,0.25
I3,I,19,,0.0009531685886744,0.0009531685886744,33199997.454201978,1,9,0.25
P1,P,20,-0.0005916516082379,-0.0014136492879141,-0.0020053008961521,20000000.0,1,9,0.25
P2,P,20,-0.0003977578812058,-0.0024362919905664,-0.0028340498717723,20000000.0,1,9,0.25
I1,I,20,,0.0025417829031318,0.0025417829031318,36336928.92611486,1,9,0.25
I2,I,20,,0.0012708914515659,0.0012708914515659,32383277.198381588,1,9,0.25
I3,I,20,,0.0009531685886744,0.0009531685886744,32856264.384485185,1,9,0.25
P1,P,21,-0.0005508945699615,-0.0014625045229647,-0.0020133990929263,20000000.0,1,9,0.25
P2,P,21,-0.0003729552701393,-0.0024421415209446,-0.0028150967910839,20000000.0,1,9,0.25
I1,I,21,,0.0025417829031318,0.0025417829031318,36008104.26153518,1,9,0.25
I2,I,21,,0.0012708914515659,0.0012708914515659,32079639.47824407,1,9,0.25
I3,I,21,,0.0009531685886744,0.0009531685886744,32540986.39246844,1,9,0.25
P1,P,22,-0.0005153123599296,-0.0015066437227663,-0.0020219560826959,20000000.0,1,9,0.25
P2,P,22,-0.0003508775826294,-0.0024459407862057,-0.0027968183688351,20000000.0,1,9,0.25
I1,I,22,,0.0025417829031318,0.0025417829031318,35706660.03385951,1,9,0.25
I2,I,22,,0.0012708914515659,0.0012708914515659,31801904.38320621,1,9,0.25
I3,I,22,,0.0009531685886744,0.0009531685886744,32252478.29497792,1,9,0.25
P1,P,23,-0.0004841603387587,-0.0015463836961817,-0.0020305440349405,20000000.0,1,9,0.25
P2,P,23,-0.0003311566391962,-0.0024484602539842,-0.0027796168931804,20000000.0,1,9,0.25
I1,I,23,,0.0025417829031318,0.0025417829031318,35430724.5621656,1,9,0.25
I2,I,23,,0.0012708914515659,0.0012708914515659,31548181.946530905,1,9,0.25
I3,I,23,,0.0009531685886744,0.0009531685886744,31988823.89516129,1,9,0.25
P1,P,24,-0.0004567257892089,-0.0015821069282523,-0.0020388327174612,20000000.0,1,9,0.25
P2,P,24,-0.0003134298778872,-0.0024503573651786,-0.0027637872430658,20000000.0,1,9,0.25
I1,I,24,,0.0025417829031318,0.0025417829031318,35178179.88707985,1,9,0.25
I2,I,24,,0.0012708914515659,0.0012708914515659,31316372.97169215,1,9,0.25
I3,I,24,,0.0009531685886744,0.0009531685886744,31747890.308448587,1,9,0.25
P1,P,25,-0.000432385162121,-0.0016143360184613,-0.0020467211805823,20000000.0,1,9,0.25
P2,P,25,-0.0002973691786748,-0.0024520579793241,-0.0027494271579989,20000000.0,1,9,0.25
I1,I,25,,0.0025417829031318,0.0025417829031318,34946563.5561313,1,9,0.25
I2,I,25,,0.0012708914515659,0.0012708914515659,31104080.516790543,1,9,0.25
I3,I,25,,0.0009531685886744,0.0009531685886744,31527228.62826572,1,9,0.25
P1,P,26,-0.0004106087633962,-0.0016434533936877,-0.002054062157084,20000000.0,1,9,0.25
P2,P,26,-0.0002827206651614,-0.0024538196343199,-0.0027365402994814,20000000.0,1,9,0.25
I1,I,26,,0.0025417829031318,0.0025417829031318,34733591.012985446,1,9,0.25
I2,I,26,,0.0012708914515659,0.0012708914515659,30909105.72619698,1,9,0.25
I3,I,26,,0.0009531685886744,0.0009531685886744,31324582.52497813,1,9,0.25
P1,P,27,-0.0003909656330835,-0.0016697542784301,-0.0020607199115136,20000000.0,1,9,0.25
P2,P,27,-0.0002693035564102,-0.0024557623894134,-0.0027250659458236,20000000.0,1,9,0.25
I1,I,27,,0.0025417829031318,0.0025417829031318,34537448.735544726,1,9,0.25
I2,I,27,,0.0012708914515659,0.0012708914515659,30729734.477133445,1,9,0.25
I3,I,27,,0.0009531685886744,0.0009531685886744,31138176.0715326,1,9,0.25
P1,P,28,-0.0003731389699074,-0.0016936781083207,-0.0020668170782282,20000000.0,1,9,0.25
P2,P,28,-0.0002569776530379,-0.002457844342647,-0.002714821995685,20000000.0,1,9,0.25
I1,I,28,,0.0025417829031318,0.0025417829031318,34356375.569551505,1,9,0.25
I2,I,28,,0.0012708914515659,0.0012708914515659,30564338.50937696,1,9,0.25
I3,I,28,,0.0009531685886744,0.0009531685886744,30966301.107751437,1,9,0.25
P1,P,29,-0.0003568513700617,-0.0017155902900143,-0.002072441660076,20000000.0,1,9,0.25
P2,P,29,-0.0002456366133376,-0.0024599856845931,-0.0027056222979307,20000000.0,1,9,0.25
I1,I,29,,0.0025417829031318,0.0025417829031318,34188826.20523818,1,9,0.25
I2,I,29,,0.0012708914515659,0.0012708914515659,30411495.11387877,1,9,0.25
I3,I,29,,0.0009531685886744,0.0009531685886744,30807462.13651909,1,9,0.25
P1,P,0,-0.0014856979169538,0.0,-0.0014856979169538,20000000.0,1,19,0.08
P2,P,0,-0.001940506370705,0.0,-0.001940506370705,20000000.0,1,19,0.08
I1,I,0,,0.0025496798690879,0.0025496798690879,40311418.27567181,1,19,0.08
I2,I,0,,0.0012748399345439,0.0012748399345439,35688705.11391598,1,19,0.08
I3,I,0,,,,,0,19,0.08
P1,P,1,-0.0013899342514029,0.0,-0.0013899342514029,20000000.0,1,19,0.08
P2,P,1,-0.0017760337125453,0.0,-0.0017760337125453,20000000.0,1,19,0.08
I1,I,1,,0.0025496798690879,0.0025496798690879,40377625.30677384,1,19,0.08
I2,I,1,,0.0012748399345439,0.0012748399345439,35875061.38773207,1,19,0.08
I3,I,1,,,,,0,19,0.08
P1,P,2,-0.0013901956710166,0.0,-0.0013901956710166,20000000.0,1,19,0.08
P2,P,2,-0.0017554430062426,0.0,-0.0017554430062426,20000000.0,1,19,0.08
I1,I,2,,0.0025496798690879,0.0025496798690879,40742984.83086448,1,19,0.08
I2,I,2,,0.0012748399345439,0.0012748399345439,36160826.26414018,1,19,0.08
I3,I,2,,,,,0,19,0.08
P1,P,3,-0.0014140565785828,0.0,-0.0014140565785828,20000000.0,1,19,0.08
P2,P,3,-0.0017747369060091,0.0,-0.0017747369060091,20000000.0,1,19,0.08
I1,I,3,,0.0025496798690879,0.0025496798690879,41021217.47062038,1,19,0.08
I2,I,3,,0.0012748399345439,0.0012748399345439,36376577.534816094,1,19,0.08
I3,I,3,,,,,0,19,0.08
P1,P,4,-0.0014444081573295,0.0,-0.0014444081573295,20000000.0,1,19,0.08
P2,P,4,-0.0018077976582207,0.0,-0.0018077976582207,20000000.0,1,19,0.08
I1,I,4,,0.0025496798690879,0.0025496798690879,41229188.1324096,1,19,0.08
I2,I,4,,0.0012748399345439,0.0012748399345439,36544112.780741714,1,19,0.08
I3,I,4,,,,,0,19,0.08
P1,P,5,-0.0015677127616646,0.0,-0.0015677127616646,20000000.0,1,19,0.08
P2,P,5,-0.0018037683190943,-6.329660851875573e-05,-0.0018670649276131,20000000.0,1,19,0.08
I1,I,5,,0.0025496798690879,0.0025496798690879,41927019.50754557,1,19,0.08
I2,I,5,,0.0012748399345439,0.0012748399345439,37176979.86556131,1,19,0.08
I3,I,5,,,,,0,19,0.08
P1,P,6,-0.0016471698431495,0.0,-0.0016471698431495,20000000.0,1,19,0.08
P2,P,6,-0.0015740430750271,-0.0004412971746094,-0.0020153402496366,20000000.0,1,19,0.08
I1,I,6,,0.0025496798690879,0.0025496798690879,42106226.57135533,1,19,0.08
I2,I,6,,0.0012748399345439,0.0012748399345439,37294260.40611128,1,19,0.08
I3,I,6,,,,,0,19,0.08
P1,P,7,-0.0016601944617882,-1.3277818302581862e-06,-0.0016615222436185,20000000.0,1,19,0.08
P2,P,7,-0.0013469420280773,-0.0008812259777726,-0.0022281680058499,20000000.0,1,19,0.08
I1,I,7,,0.0025496798690879,0.0025496798690879,41839257.59766191,1,19,0.08
I2,I,7,,0.0012748399345439,0.0012748399345439,36975852.90644127,1,19,0.08
I3,I,7,,,,,0,19,0.08
P1,P,8,-0.0015659576527999,-6.119653820228053e-05,-0.0016271541910022,20000000.0,1,19,0.08
P2,P,8,-0.0011707595987354,-0.0012098489232632,-0.0023806085219987,20000000.0,1,19,0.08
I1,I,8,,0.0025496798690879,0.0025496798690879,41304904.68865117,1,19,0.08
I2,I,8,,0.0012748399345439,0.0012748399345439,36424382.4147376,1,19,0.08
I3,I,8,,,,,0,19,0.08
P1,P,9,-0.0014174756939235,-0.0001982547169096,-0.0016157304108331,20000000.0,1,19,0.08
P2,P,9,-0.0010265734176698,-0.0014357325188744,-0.0024623059365443,20000000.0,1,19,0.08
I1,I,9,,0.0025496798690879,0.0025496798690879,40611454.038821466,1,19,0.08
I2,I,9,,0.0012748399345439,0.0012748399345439,35742873.206673265,1,19,0.08
I3,I,9,,,,,0,19,0.08
P1,P,10,-0.0012641472971871,-0.0003431428281925,-0.0016072901253796,20000000.0,1,19,0.08
P2,P,10,-0.0009039688130847,-0.0015889318556251,-0.0024929006687099,20000000.0,1,19,0.08
I1,I,10,,0.0025496798690879,0.0025496798690879,39855841.20247091,1,19,0.08
I2,I,10,,0.0012748399345439,0.0012748399345439,35014000.348528296,1,19,0.08
I3,I,10,,,,,0,19,0.08
P1,P,11,-0.001125721944655,-0.0004725223070831,-0.0015982442517381,20000000.0,1,19,0.08
P2,P,11,-0.0007999887007258,-0.0016921939155754,-0.0024921826163012,20000000.0,1,19,0.08
I1,I,11,,0.0025496798690879,0.0025496798690879,39104207.407115504,1,19,0.08
I2,I,11,,0.0012748399345439,0.0012748399345439,34296065.55283985,1,19,0.08
I3,I,11,,,,,0,19,0.08
P1,P,12,-0.0010063481885601,-0.0005770632548079,-0.0015834114433681,20000000.0,1,19,0.08
P2,P,12,-0.0007132645840104,-0.0017634599791118,-0.0024767245631222,20000000.0,1,19,0.08
I1,I,12,,0.0025496798690879,0.0025496798690879,38403745.39447342,1,19,0.08
I2,I,12,,0.0012748399345439,0.0012748399345439,33630677.511920765,1,19,0.08
I3,I,12,,,,,0,19,0.08
P1,P,13,-0.0009053487265496,-0.0006572821086124,-0.0015626308351621,20000000.0,1,19,0.08
P2,P,13,-0.0006418579036531,-0.0018158373875724,-0.0024576952912255,20000000.0,1,19,0.08
I1,I,13,,0.0025496798690879,0.0025496798690879,37781313.92780887,1,19,0.08
I2,I,13,,0.0012748399345439,0.0012748399345439,33041620.58499376,1,19,0.08
I3,I,13,,,,,0,19,0.08
P1,P,14,-0.0008231161692592,-0.000721996647677,-0.0015451128169362,20000000.0,1,19,0.08
P2,P,14,-0.0005829357384697,-0.0018564817330311,-0.0024394174715008,20000000.0,1,19,0.08
I1,I,14,,0.0025496798690879,0.0025496798690879,37234765.503837965,1,19,0.08
I2,I,14,,0.0012748399345439,0.0012748399345439,32526518.13250062,1,19,0.08
I3,I,14,,,,,0,19,0.08
P1,P,15,-0.0007559564391618,-0.0007770087850285,-0.0015329652241904,20000000.0,1,19,0.08
P2,P,15,-0.0005336993641758,-0.0018888419166473,-0.0024225412808232,20000000.0,1,19,0.08
I1,I,15,,0.0025496798690879,0.0025496798690879,36752428.30181611,1,19,0.08
I2,I,15,,0.0012748399345439,0.0012748399345439,32074125.153126925,1,19,0.08
I3,I,15,,,,,0,19,0.08
P1,P,16,-0.0006991808255966,-0.0008261034899302,-0.0015252843155268,20000000.0,1,19,0.08
P2,P,16,-0.0004919398653992,-0.0019150477799908,-0.0024069876453901,20000000.0,1,19,0.08
I1,I,16,,0.0025496798690879,0.0025496798690879,36323106.63616056,1,19,0.08
I2,I,16,,0.0012748399345439,0.0012748399345439,31673470.822592106,1,19,0.08
I3,I,16,,,,,0,19,0.08
P1,P,17,-0.0006493854503854,-0.0008721625914105,-0.0015215480417959,20000000.0,1,19,0.08
P2,P,17,-0.0004559970255791,-0.0019363714087217,-0.0023923684343009,20000000.0,1,19,0.08
I1,I,17,,0.0025496798690879,0.0025496798690879,35937053.032740854,1,19,0.08
I2,I,17,,0.0012748399345439,0.0012748399345439,31314982.983334094,1,19,0.08
I3,I,17,,,,,0,19,0.08
P1,P,18,-0.0006047645246414,-0.0009163855133633,-0.0015211500380047,20000000.0,1,19,0.08
P2,P,18,-0.0004246763024429,-0.0019535770904454,-0.0023782533928883,20000000.0,1,19,0.08
I1,I,18,,0.0025496798690879,0.0025496798690879,35586443.46087743,1,19,0.08
I2,I,18,,0.0012748399345439,0.0012748399345439,30990946.960049,1,19,0.08
I3,I,18,,,,,0,19,0.08
P1,P,19,-0.0005645352137544,-0.0009590503081352,-0.0015235855218897,20000000.0,1,19,0.08
P2,P,19,-0.0003970868842123,-0.001967141663134,-0.0023642285473464,20000000.0,1,19,0.08
I1,I,19,,0.0025496798690879,0.0025496798690879,35265304.08096625,1,19,0.08
I2,I,19,,0.0012748399345439,0.0012748399345439,30695447.187413637,1,19,0.08
I3,I,19,,,,,0,19,0.08
P1,P,20,-0.0005501682185497,-0.0010549508263304,-0.0016051190448801,20000000.0,1,19,0.08
P2,P,20,-0.0003872001584615,-0.002090433478257,-0.0024776336367185,20000000.0,1,19,0.08
I1,I,20,,0.0025496798690879,0.0025496798690879,35470302.65473925,1,19,0.08
I2,I,20,,0.0012748399345439,0.0012748399345439,30895789.569065742,1,19,0.08
I3,I,20,,0.0003187099836359,0.0003187099836359,30446799.428789407,1,19,0.08
P1,P,21,-0.000524196350617,-0.001119593301111,-0.0016437896517281,20000000.0,1,19,0.08
P2,P,21,-0.0003694209393924,-0.0021404006978379,-0.0025098216372303,20000000.0,1,19,0.08
I1,I,21,,0.0025496798690879,0.0025496798690879,35317264.44347211,1,19,0.08
I2,I,21,,0.0012748399345439,0.0012748399345439,30756103.073179346,1,19,0.08
I3,I,21,,0.0003187099836359,0.0003187099836359,30248346.80363313,1,19,0.08
P1,P,22,-0.0004952983175735,-0.0011666258857804,-0.0016619242033539,20000000.0,1,19,0.08
P2,P,22,-0.0003498589056176,-0.0021623972971423,-0.0025122562027599,20000000.0,1,19,0.08
I1,I,22,,0.0025496798690879,0.0025496798690879,35092268.376122065,1,19,0.08
I2,I,22,,0.0012748399345439,0.0012748399345439,30551206.271039996,1,19,0.08
I3,I,22,,0.0003187099836359,0.0003187099836359,30018450.6172434,1,19,0.08
P1,P,23,-0.0004676104932105,-0.0012046958246164,-0.0016723063178269,20000000.0,1,19,0.08
P2,P,23,-0.0003309941851056,-0.0021734687332173,-0.0025044629183229,20000000.0,1,19,0.08
I1,I,23,,0.0025496798690879,0.0025496798690879,34857058.34057673,1,19,0.08
I2,I,23,,0.0012748399345439,0.0012748399345439,30337035.47762224,1,19,0.08
I3,I,23,,0.0003187099836359,0.0003187099836359,29786167.88117116,1,19,0.08
P1,P,24,-0.0004423478058193,-0.0012376345289844,-0.0016799823348038,20000000.0,1,19,0.08
P2,P,24,-0.0003135901636371,-0.0021799996049918,-0.0024935897686289,20000000.0,1,19,0.08
I1,I,24,,0.0025496798690879,0.0025496798690879,34630962.01673027,1,19,0.08
I2,I,24,,0.0012748399345439,0.0012748399345439,30131442.522306874,1,19,0.08
I3,I,24,,0.0003187099836359,0.0003187099836359,29566369.541070208,1,19,0.08
P1,P,25,-0.0004196300316211,-0.0012670479673418,-0.001686677998963,20000000.0,1,19,0.08
P2,P,25,-0.0002977616802011,-0.0021844540310408,-0.002482215711242,20000000.0,1,19,0.08
I1,I,25,,0.0025496798690879,0.0025496798690879,34419565.36097034,1,19,0.08
I2,I,25,,0.0012748399345439,0.0012748399345439,29939572.802111417,1,19,0.08
I3,I,25,,0.0003187099836359,0.0003187099836359,29362800.90557329,1,19,0.08
P1,P,26,-0.0003992401430977,-0.0012936291993081,-0.0016928693424059,20000000.0,1,19,0.08
P2,P,26,-0.0002834025804548,-0.0021878898908932,-0.002471292471348,20000000.0,1,19,0.08
I1,I,26,,0.0025496798690879,0.0025496798690879,34223750.619558066,1,19,0.08
I2,I,26,,0.0012748399345439,0.0012748399345439,29762191.34719501,1,19,0.08
I3,I,26,,0.0003187099836359,0.0003187099836359,29175473.8009166,1,19,0.08
P1,P,27,-0.0003808767332045,-0.0013177897293759,-0.0016986664625804,20000000.0,1,19,0.08
P2,P,27,-0.0002703453085348,-0.0021908183684151,-0.0024611636769499,20000000.0,1,19,0.08
I1,I,27,,0.0025496798690879,0.0025496798690879,34042781.72010024,1,19,0.08
I2,I,27,,0.0012748399345439,0.0012748399345439,29598566.87087944,1,19,0.08
I3,I,27,,0.0003187099836359,0.0003187099836359,29003206.91504054,1,19,0.08
P1,P,28,-0.0003642358352499,-0.0013398488902256,-0.0017040847254756,20000000.0,1,19,0.08
P2,P,28,-0.0002584116576174,-0.00219352839717,-0.0024519400547875,20000000.0,1,19,0.08
I1,I,28,,0.0025496798690879,0.0025496798690879,33875379.95742798,1,19,0.08
I2,I,28,,0.0012748399345439,0.0012748399345439,29447468.8411752,1,19,0.08
I3,I,28,,0.0003187099836359,0.0003187099836359,28844480.34847178,1,19,0.08
P1,P,29,-0.0003490556953807,-0.0013600206172011,-0.0017090763125818,20000000.0,1,19,0.08
P2,P,29,-0.0002474424671632,-0.0021962022858751,-0.0024436447530384,20000000.0,1,19,0.08
I1,I,29,,0.0025496798690879,0.0025496798690879,33720233.43501616,1,19,0.08
I2,I,29,,0.0012748399345439,0.0012748399345439,29307641.529029157,1,19,0.08
I3,I,29,,0.0003187099836359,0.0003187099836359,28697845.043772493,1,19,0.08
P1,P,0,-0.0014885041787049,0.0,-0.0014885041787049,20000000.0,1,21,0.08
P2,P,0,-0.0017953296292802,0.0,-0.0017953296292802,20000000.0,1,21,0.08
I1,I,0,,0.0025429300513688,0.0025429300513688,40758806.88339727,1,21,0.08
I2,I,0,,0.0012714650256844,0.0012714650256844,35706947.011172906,1,21,0.08
I3,I,0,,,,,0,21,0.08
P1,P,1,-0.0013886849444261,0.0,-0.0013886849444261,20000000.0,1,21,0.08
P2,P,1,-0.0016528980106834,0.0,-0.0016528980106834,20000000.0,1,21,0.08
I1,I,1,,0.0025429300513688,0.0025429300513688,40771047.99264259,1,21,0.08
I2,I,1,,0.0012714650256844,0.0012714650256844,35958375.2629804,1,21,0.08
I3,I,1,,,,,0,21,0.08
P1,P,2,-0.0013918462327121,0.0,-0.0013918462327121,20000000.0,1,21,0.08
P2,P,2,-0.0016416889926465,0.0,-0.0016416889926465,20000000.0,1,21,0.08
I1,I,2,,0.0025429300513688,0.0025429300513688,41159060.2987323,1,21,0.08
I2,I,2,,0.0012714650256844,0.0012714650256844,36302333.6978806,1,21,0.08
I3,I,2,,,,,0,21,0.08
P1,P,3,-0.0014200285965116,0.0,-0.0014200285965116,20000000.0,1,21,0.08
P2,P,3,-0.0016661438008601,0.0,-0.0016661438008601,20000000.0,1,21,0.08
I1,I,3,,0.0025429300513688,0.0025429300513688,41469606.09065312,1,21,0.08
I2,I,3,,0.0012714650256844,0.0012714650256844,36564634.31967242,1,21,0.08
I3,I,3,,,,,0,21,0.08
P1,P,4,-0.0014548595716009,0.0,-0.0014548595716009,20000000.0,1,21,0.08
P2,P,4,-0.0017026640937143,0.0,-0.0017026640937143,20000000.0,1,21,0.08
I1,I,4,,0.0025429300513688,0.0025429300513688,41711322.57838668,1,21,0.08
I2,I,4,,0.0012714650256844,0.0012714650256844,36773021.30421992,1,21,0.08
I3,I,4,,,,,0,21,0.08
P1,P,5,-0.0015932642331551,0.0,-0.0015932642331551,20000000.0,1,21,0.08
P2,P,5,-0.0017154049819856,-7.329376621804071e-05,-0.0017886987482036,20000000.0,1,21,0.08
I1,I,5,,0.0025429300513688,0.0025429300513688,42514771.88840556,1,21,0.08
I2,I,5,,0.0012714650256844,0.0012714650256844,37514196.86634416,1,21,0.08
I3,I,5,,,,,0,21,0.08
P1,P,6,-0.0016832664464315,0.0,-0.0016832664464315,20000000.0,1,21,0.08
P2,P,6,-0.001512105353971,-0.0004349823362335,-0.0019470876902046,20000000.0,1,21,0.08
I1,I,6,,0.0025429300513688,0.0025429300513688,42762413.54773635,1,21,0.08
I2,I,6,,0.0012714650256844,0.0012714650256844,37701815.303058766,1,21,0.08
I3,I,6,,,,,0,21,0.08
P1,P,7,-0.0016901756786492,-6.396028744427506e-06,-0.0016965717073936,20000000.0,1,21,0.08
P2,P,7,-0.0013139390152414,-0.0008396017056161,-0.0021535407208576,20000000.0,1,21,0.08
I1,I,7,,0.0025429300513688,0.0025429300513688,42568355.20264207,1,21,0.08
I2,I,7,,0.0012714650256844,0.0012714650256844,37460672.56343359,1,21,0.08
I3,I,7,,,,,0,21,0.08
P1,P,8,-0.0015861817744193,-0.000108255866701,-0.0016944376411204,20000000.0,1,21,0.08
P2,P,8,-0.0011618694702549,-0.0011307186007304,-0.0022925880709853,20000000.0,1,21,0.08
I1,I,8,,0.0025429300513688,0.0025429300513688,42077779.84581678,1,21,0.08
I2,I,8,,0.0012714650256844,0.0012714650256844,36958176.17218963,1,21,0.08
I3,I,8,,,,,0,21,0.08
P1,P,9,-0.0014499000228416,-0.0002817286212018,-0.0017316286440434,20000000.0,1,21,0.08
P2,P,9,-0.0010308233653357,-0.001323587496636,-0.0023544108619717,20000000.0,1,21,0.08
I1,I,9,,0.0025429300513688,0.0025429300513688,41373099.37829752,1,21,0.08
I2,I,9,,0.0012714650256844,0.0012714650256844,36271381.14550641,1,21,0.08
I3,I,9,,,,,0,21,0.08
P1,P,10,-0.0013083399801043,-0.000436745418895,-0.0017450853989994,20000000.0,1,21,0.08
P2,P,10,-0.0009121945625614,-0.0014575983947514,-0.0023697929573129,20000000.0,1,21,0.08
I1,I,10,,0.0025429300513688,0.0025429300513688,40582025.89155949,1,21,0.08
I2,I,10,,0.0012714650256844,0.0012714650256844,35508825.199533045,1,21,0.08
I3,I,10,,,,,0,21,0.08
P1,P,11,-0.0011703902285998,-0.0005644340423102,-0.0017348242709101,20000000.0,1,21,0.08
P2,P,11,-0.0008078409407753,-0.0015552803286881,-0.0023631212694634,20000000.0,1,21,0.08
I1,I,11,,0.0025429300513688,0.0025429300513688,39801060.04417299,1,21,0.08
I2,I,11,,0.0012714650256844,0.0012714650256844,34757956.83359431,1,21,0.08
I3,I,11,,,,,0,21,0.08
P1,P,12,-0.0010449170510138,-0.0006654425109615,-0.0017103595619753,20000000.0,1,21,0.08
P2,P,12,-0.0007194577892315,-0.0016295290243633,-0.0023489868135948,20000000.0,1,21,0.08
I1,I,12,,0.0025429300513688,0.0025429300513688,39084972.31388244,1,21,0.08
I2,I,12,,0.0012714650256844,0.0012714650256844,34070413.163063176,1,21,0.08
I3,I,12,,,,,0,21,0.08
P1,P,13,-0.0009414390369978,-0.0007443953180979,-0.0016858343550957,20000000.0,1,21,0.08
P2,P,13,-0.0006458166560759,-0.0016876549523224,-0.0023334716083984,20000000.0,1,21,0.08
I1,I,13,,0.0025429300513688,0.0025429300513688,38446061.98823944,1,21,0.08
I2,I,13,,0.0012714650256844,0.0012714650256844,33458653.090314023,1,21,0.08
I3,I,13,,,,,0,21,0.08
P1,P,14,-0.0008574785376931,-0.000806993516568,-0.0016644720542612,20000000.0,1,21,0.08
P2,P,14,-0.0005845626827053,-0.0017341971318512,-0.0023187598145565,20000000.0,1,21,0.08
I1,I,14,,0.0025429300513688,0.0025429300513688,37881388.29249676,1,21,0.08
I2,I,14,,0.0012714650256844,0.0012714650256844,32919914.474538915,1,21,0.08
I3,I,14,,,,,0,21,0.08
P1,P,15,-0.0007877595406028,-0.0008592237095879,-0.0016469832501907,20000000.0,1,21,0.08
P2,P,15,-0.0005332809749747,-0.0017722138130714,-0.0023054947880461,20000000.0,1,21,0.08
I1,I,15,,0.0025429300513688,0.0025429300513688,37383053.017263584,1,21,0.08
I2,I,15,,0.0012714650256844,0.0012714650256844,32446364.848590832,1,21,0.08
I3,I,15,,,,,0,21,0.08
P1,P,16,-0.0007280095218389,-0.0009057675779003,-0.0016337770997392,20000000.0,1,21,0.08
P2,P,16,-0.0004898255373886,-0.0018037912464506,-0.0022936167838392,20000000.0,1,21,0.08
I1,I,16,,0.0025429300513688,0.0025429300513688,36941018.30146202,1,21,0.08
I2,I,16,,0.0012714650256844,0.0012714650256844,32028111.59394717,1,21,0.08
I3,I,16,,,,,0,21,0.08
P1,P,17,-0.0006755166814711,-0.0009492709320512,-0.0016247876135224,20000000.0,1,21,0.08
P2,P,17,-0.0004525343449828,-0.0018302743951007,-0.0022828087400836,20000000.0,1,21,0.08
I1,I,17,,0.0025429300513688,0.0025429300513688,36545114.38218672,1,21,0.08
I2,I,17,,0.0012714650256844,0.0012714650256844,31655113.84818549,1,21,0.08
I3,I,17,,,,,0,21,0.08
P1,P,18,-0.0006288279973131,-0.0009905503167596,-0.0016193783140727,20000000.0,1,21,0.08
P2,P,18,-0.0004202437545786,-0.001852278344478,-0.0022725220990567,20000000.0,1,21,0.08
I1,I,18,,0.0025429300513688,0.0025429300513688,36187161.97204472,1,21,0.08
I2,I,18,,0.0012714650256844,0.0012714650256844,31319288.261014964,1,21,0.08
I3,I,18,,,,,0,21,0.08
P1,P,19,-0.0005869661062923,-0.0010296074397708,-0.0016165735460631,20000000.0,1,21,0.08
P2,P,19,-0.0003920640347207,-0.0018704092929568,-0.0022624733276775,20000000.0,1,21,0.08
I1,I,19,,0.0025429300513688,0.0025429300513688,35861623.518069714,1,21,0.08
I2,I,19,,0.0012714650256844,0.0012714650256844,31015060.34784589,1,21,0.08
I3,I,19,,,,,0,21,0.08
P1,P,20,-0.0005493566456553,-0.0010663957736502,-0.0016157524193055,20000000.0,1,21,0.08
P2,P,20,-0.0003672745630304,-0.0018853736242214,-0.0022526481872518,20000000.0,1,21,0.08
I1,I,20,,0.0025429300513688,0.0025429300513688,35564268.03267973,1,21,0.08
I2,I,20,,0.0012714650256844,0.0012714650256844,30738126.451599486,1,21,0.08
I3,I,20,,,,,0,21,0.08
P1,P,21,-0.0005156860726728,-0.0011013000558543,-0.0016169861285271,20000000.0,1,21,0.08
P2,P,21,-0.0003452627686391,-0.0018975255232155,-0.0022427882918547,20000000.0,1,21,0.08
I1,I,21,,0.0025429300513688,0.0025429300513688,35290974.67060953,1,21,0.08
I2,I,21,,0.0012714650256844,0.0012714650256844,30484402.906158675,1,21,0.08
I3,I,21,,,,,0,21,0.08
P1,P,22,-0.0005069560167564,-0.0011981074250448,-0.0017050634418013,20000000.0,1,21,0.08
P2,P,22,-0.0003390523200407,-0.0020178737059958,-0.0023569260260365,20000000.0,1,21,0.08
I1,I,22,,0.0025429300513688,0.0025429300513688,35546350.70198883,1,21,0.08
I2,I,22,,0.0012714650256844,0.0012714650256844,30726244.37903396,1,21,0.08
I3,I,22,,0.0003178662564211,0.0003178662564211,30302211.83860597,1,21,0.08
P1,P,23,-0.0004858539153586,-0.0012561522020955,-0.0017420061174541,20000000.0,1,21,0.08
P2,P,23,-0.0003248775441864,-0.0020655472271745,-0.0023904247713609,20000000.0,1,21,0.08
I1,I,23,,0.0025429300513688,0.0025429300513688,35429676.05522449,1,21,0.08
I2,I,23,,0.0012714650256844,0.0012714650256844,30618837.60138649,1,21,0.08
I3,I,23,,0.0003178662564211,0.0003178662564211,30134438.607812226,1,21,0.08
P1,P,24,-0.0004614342892165,-0.0012955687201932,-0.0017570030094098,20000000.0,1,21,0.08
P2,P,24,-0.0003088397158246,-0.0020865066233512,-0.0023953463391758,20000000.0,1,21,0.08
I1,I,24,,0.0025429300513688,0.0025429300513688,35239093.54148322,1,21,0.08
I2,I,24,,0.0012714650256844,0.0012714650256844,30443462.72953845,1,21,0.08
I3,I,24,,0.0003178662564211,0.0003178662564211,29934666.71084296,1,21,0.08
P1,P,25,-0.0004376871832983,-0.0013268451597152,-0.0017645323430136,20000000.0,1,21,0.08
P2,P,25,-0.0002933075028335,-0.0020974554777667,-0.0023907629806003,20000000.0,1,21,0.08
I1,I,25,,0.0025429300513688,0.0025429300513688,35036820.70041417,1,21,0.08
I2,I,25,,0.0012714650256844,0.0012714650256844,30257247.983298324,1,21,0.08
I3,I,25,,0.0003178662564211,0.0003178662564211,29731540.25854888,1,21,0.08
P1,P,26,-0.000415707184635,-0.0013539323969347,-0.0017696395815698,20000000.0,1,21,0.08
P2,P,26,-0.000278988975802,-0.0021043505855537,-0.0023833395613558,20000000.0,1,21,0.08
I1,I,26,,0.0025429300513688,0.0025429300513688,34841694.0583287,1,21,0.08
I2,I,26,,0.0012714650256844,0.0012714650256844,30077836.02496103,1,21,0.08
I3,I,26,,0.0003178662564211,0.0003178662564211,29539288.638703976,1,21,0.08
P1,P,27,-0.0003956401821444,-0.0013782372148845,-0.001773877397029,20000000.0,1,21,0.08
P2,P,27,-0.0002659602397282,-0.0021095189708472,-0.0023754792105755,20000000.0,1,21,0.08
I1,I,27,,0.0025429300513688,0.0025429300513688,34658966.53685494,1,21,0.08
I2,I,27,,0.0012714650256844,0.0012714650256844,29910113.95281166,1,21,0.08
I3,I,27,,0.0003178662564211,0.0003178662564211,29361250.13333444,1,21,0.08
P1,P,28,-0.0003773290567501,-0.001400437483752,-0.0017777665405022,20000000.0,1,21,0.08
P2,P,28,-0.0002540868114371,-0.0021139162434883,-0.0023680030549255,20000000.0,1,21,0.08
I1,I,28,,0.0025429300513688,0.0025429300513688,34489125.87553392,1,21,0.08
I2,I,28,,0.0012714650256844,0.0012714650256844,29754491.23953713,1,21,0.08
I3,I,28,,0.0003178662564211,0.0003178662564211,29197009.166588984,1,21,0.08
P1,P,29,-0.0003605554376439,-0.0014209064433906,-0.0017814618810346,20000000.0,1,21,0.08
P2,P,29,-0.0002432099037187,-0.0021178969004522,-0.0023611068041709,20000000.0,1,21,0.08
I1,I,29,,0.0025429300513688,0.0025429300513688,34331257.41939415,1,21,0.08
I2,I,29,,0.0012714650256844,0.0012714650256844,29610075.15899743,1,21,0.08
I3,I,29,,0.0003178662564211,0.0003178662564211,29045186.39131676,1,21,0.08
P1,P,0,-0.0016263201703604,0.0,-0.0016263201703604,20000000.0,1,17,0.08
P2,P,0,-0.0017856153731246,0.0,-0.0017856153731246,20000000.0,1,17,0.08
I1,I,0,,0.0025433168705508,0.0025433168705508,40290311.259613134,1,17,0.08
I2,I,0,,0.0012716584352754,0.0012716584352754,36084037.3183359,1,17,0.08
I3,I,0,,,,,0,17,0.08
P1,P,1,-0.0015063768733846,0.0,-0.0015063768733846,20000000.0,1,17,0.08
P2,P,1,-0.001646951528464,0.0,-0.001646951528464,20000000.0,1,17,0.08
I1,I,1,,0.0025433168705508,0.0025433168705508,40379259.46968578,1,17,0.08
I2,I,1,,0.0012716584352754,0.0012716584352754,36265447.97118009,1,17,0.08
I3,I,1,,,,,0,17,0.08
P1,P,2,-0.0015012010708362,0.0,-0.0015012010708362,20000000.0,1,17,0.08
P2,P,2,-0.0016325649171234,0.0,-0.0016325649171234,20000000.0,1,17,0.08
I1,I,2,,0.0025433168705508,0.0025433168705508,40751653.98274751,1,17,0.08
I2,I,2,,0.0012716584352754,0.0012716584352754,36565478.8719343,1,17,0.08
I3,I,2,,,,,0,17,0.08
P1,P,3,-0.0015253115659862,0.0,-0.0015253115659862,20000000.0,1,17,0.08
P2,P,3,-0.0016523649707127,0.0,-0.0016523649707127,20000000.0,1,17,0.08
I1,I,3,,0.0025433168705508,0.0025433168705508,41031506.228802025,1,17,0.08
I2,I,3,,0.0012716584352754,0.0012716584352754,36790640.234119445,1,17,0.08
I3,I,3,,,,,0,17,0.08
P1,P,4,-0.0015578160507018,0.0,-0.0015578160507018,20000000.0,1,17,0.08
P2,P,4,-0.0016839879660677,0.0,-0.0016839879660677,20000000.0,1,17,0.08
I1,I,4,,0.0025433168705508,0.0025433168705508,41239946.88944623,1,17,0.08
I2,I,4,,0.0012716584352754,0.0012716584352754,36964508.20437835,1,17,0.08
I3,I,4,,,,,0,17,0.08
P1,P,5,-0.0016890292563425,0.0,-0.0016890292563425,20000000.0,1,17,0.08
P2,P,5,-0.0016899399445621,-6.349081052079007e-05,-0.0017534307550829,20000000.0,1,17,0.08
I1,I,5,,0.0025433168705508,0.0025433168705508,41913409.0599128,1,17,0.08
I2,I,5,,0.0012716584352754,0.0012716584352754,37578193.6809109,1,17,0.08
I3,I,5,,,,,0,17,0.08
P1,P,6,-0.0017737022756649,0.0,-0.0017737022756649,20000000.0,1,17,0.08
P2,P,6,-0.0014990865958662,-0.0003886470273111,-0.0018877336231774,20000000.0,1,17,0.08
I1,I,6,,0.0025433168705508,0.0025433168705508,42075623.85026483,1,17,0.08
I2,I,6,,0.0012716584352754,0.0012716584352754,37691143.09664036,1,17,0.08
I3,I,6,,,,,0,17,0.08
P1,P,7,-0.0017866542596713,-1.8160262649053025e-06,-0.0017884702859362,20000000.0,1,17,0.08
P2,P,7,-0.0013091768351467,-0.0007612215377898,-0.0020703983729366,20000000.0,1,17,0.08
I1,I,7,,0.0025433168705508,0.0025433168705508,41840836.31891277,1,17,0.08
I2,I,7,,0.0012716584352754,0.0012716584352754,37420644.19725833,1,17,0.08
I3,I,7,,,,,0,17,0.08
P1,P,8,-0.0016672610729933,-9.780870279123574e-05,-0.0017650697757846,20000000.0,1,17,0.08
P2,P,8,-0.0011542147123765,-0.0010516380640274,-0.002205852776404,20000000.0,1,17,0.08
I1,I,8,,0.0025433168705508,0.0025433168705508,41350442.62105258,1,17,0.08
I2,I,8,,0.0012716584352754,0.0012716584352754,36923269.02856106,1,17,0.08
I3,I,8,,,,,0,17,0.08
P1,P,9,-0.0015040611582004,-0.0003032157322934,-0.0018072768904939,20000000.0,1,17,0.08
P2,P,9,-0.0010151990857212,-0.0012593655192818,-0.0022745646050031,20000000.0,1,17,0.08
I1,I,9,,0.0025433168705508,0.0025433168705508,40626920.99461407,1,17,0.08
I2,I,9,,0.0012716584352754,0.0012716584352754,36221808.17255968,1,17,0.08
I3,I,9,,,,,0,17,0.08
P1,P,10,-0.001346767771907,-0.0004866493610796,-0.0018334171329866,20000000.0,1,17,0.08
P2,P,10,-0.0008896801505681,-0.0014013864260304,-0.0022910665765986,20000000.0,1,17,0.08
I1,I,10,,0.0025433168705508,0.0025433168705508,39790900.989634,1,17,0.08
I2,I,10,,0.0012716584352754,0.0012716584352754,35419881.16816694,1,17,0.08
I3,I,10,,,,,0,17,0.08
P1,P,11,-0.0012044736428122,-0.0006274757146051,-0.0018319493574174,20000000.0,1,17,0.08
P2,P,11,-0.0007812668633046,-0.0014972139079977,-0.0022784807713023,20000000.0,1,17,0.08
I1,I,11,,0.0025433168705508,0.0025433168705508,38958356.419346325,1,17,0.08
I2,I,11,,0.0012716584352754,0.0012716584352754,34623670.67482111,1,17,0.08
I3,I,11,,,,,0,17,0.08
P1,P,12,-0.0010779234883904,-0.0007311824987064,-0.0018091059870969,20000000.0,1,17,0.08
P2,P,12,-0.0006914348984961,-0.0015649969287234,-0.0022564318272195,20000000.0,1,17,0.08
I1,I,12,,0.0025433168705508,0.0025433168705508,38204097.3227291,1,17,0.08
I2,I,12,,0.0012716584352754,0.0012716584352754,33903213.48451801,1,17,0.08
I3,I,12,,,,,0,17,0.08
P1,P,13,-0.0009704085407907,-0.000808993750029,-0.0017794022908198,20000000.0,1,17,0.08
P2,P,13,-0.000618567420469,-0.0016168203105007,-0.0022353877309697,20000000.0,1,17,0.08
I1,I,13,,0.0025433168705508,0.0025433168705508,37552748.1868624,1,17,0.08
I2,I,13,,0.0012716584352754,0.0012716584352754,33282075.021375798,1,17,0.08
I3,I,13,,,,,0,17,0.08
P1,P,14,-0.0008845380937284,-0.0008717187264332,-0.0017562568201616,20000000.0,1,17,0.08
P2,P,14,-0.0005591566890177,-0.0016581417243303,-0.0022172984133481,20000000.0,1,17,0.08
I1,I,14,,0.0025433168705508,0.0025433168705508,36991466.35112506,1,17,0.08
I2,I,14,,0.0012716584352754,0.0012716584352754,32748567.150054622,1,17,0.08
I3,I,14,,,,,0,17,0.08
P1,P,15,-0.0008149404931048,-0.0009245319028254,-0.0017394723959302,20000000.0,1,17,0.08
P2,P,15,-0.0005099505506589,-0.0016919723222947,-0.0022019228729536,20000000.0,1,17,0.08
I1,I,15,,0.0025433168705508,0.0025433168705508,36503247.17081546,1,17,0.08
I2,I,15,,0.0012716584352754,0.0012716584352754,32286304.212221663,1,17,0.08
I3,I,15,,,,,0,17,0.08
P1,P,16,-0.0007557209553186,-0.0009709452800525,-0.0017266662353711,20000000.0,1,17,0.08
P2,P,16,-0.0004686357061588,-0.0017204192813867,-0.0021890549875456,20000000.0,1,17,0.08
I1,I,16,,0.0025433168705508,0.0025433168705508,36075360.738323726,1,17,0.08
I2,I,16,,0.0012716584352754,0.0012716584352754,31882740.38079864,1,17,0.08
I3,I,16,,,,,0,17,0.08
P1,P,17,-0.0007035915800348,-0.0010140131682422,-0.0017176047482771,20000000.0,1,17,0.08
P2,P,17,-0.0004334786632877,-0.0017445618318276,-0.0021780404951153,20000000.0,1,17,0.08
I1,I,17,,0.0025433168705508,0.0025433168705508,35696550.44605449,1,17,0.08
I2,I,17,,0.0012716584352754,0.0012716584352754,31526908.107218955,1,17,0.08
I3,I,17,,,,,0,17,0.08
P1,P,18,-0.0006832140113565,-0.0011131711342125,-0.001796385145569,20000000.0,1,17,0.08
P2,P,18,-0.0004184480297783,-0.0018634676481497,-0.0022819156779281,20000000.0,1,17,0.08
I1,I,18,,0.0025433168705508,0.0025433168705508,35873246.64444546,1,17,0.08
I2,I,18,,0.0012716584352754,0.0012716584352754,31695079.43506809,1,17,0.08
I3,I,18,,0.0003179146088188,0.0003179146088188,30817390.986033376,1,17,0.08
P1,P,19,-0.0006491690022439,-0.0011823561527209,-0.0018315251549648,20000000.0,1,17,0.08
P2,P,19,-0.0003964847708314,-0.0019203016904079,-0.0023167864612394,20000000.0,1,17,0.08
I1,I,19,,0.0025433168705508,0.0025433168705508,35694122.33682163,1,17,0.08
I2,I,19,,0.0012716584352754,0.0012716584352754,31527797.47304012,1,17,0.08
I3,I,19,,0.0003179146088188,0.0003179146088188,30598637.27791737,1,17,0.08
P1,P,20,-0.000611194868867,-0.0012340591831331,-0.0018452540520001,20000000.0,1,17,0.08
P2,P,20,-0.0003732933450996,-0.0019501521664289,-0.0023234455115286,20000000.0,1,17,0.08
I1,I,20,,0.0025433168705508,0.0025433168705508,35443316.5302947,1,17,0.08
I2,I,20,,0.0012716584352754,0.0012716584352754,31294926.21229569,1,17,0.08
I3,I,20,,0.0003179146088188,0.0003179146088188,30344567.573869437,1,17,0.08
P1,P,21,-0.0005742204023329,-0.0012774562175328,-0.0018516766198657,20000000.0,1,17,0.08
P2,P,21,-0.0003512925982757,-0.0019680337128597,-0.0023193263111355,20000000.0,1,17,0.08
I1,I,21,,0.0025433168705508,0.0025433168705508,35182444.689629644,1,17,0.08
I2,I,21,,0.0012716584352754,0.0012716584352754,31053018.184847124,1,17,0.08
I3,I,21,,0.0003179146088188,0.0003179146088188,30087076.89238348,1,17,0.08
P1,P,22,-0.0005399575583649,-0.0013162327193001,-0.001856190277665,20000000.0,1,17,0.08
P2,P,22,-0.000331147844463,-0.0019801283243601,-0.0023112761688232,20000000.0,1,17,0.08
I1,I,22,,0.0025433168705508,0.0025433168705508,34931075.69543861,1,17,0.08
I2,I,22,,0.0012716584352754,0.0012716584352754,30820348.83235639,1,17,0.08
I3,I,22,,0.0003179146088188,0.0003179146088188,29842028.92605277,1,17,0.08
P1,P,23,-0.0005088236629853,-0.0013516720956945,-0.0018604957586798,20000000.0,1,17,0.08
P2,P,23,-0.0003129021739735,-0.0019890062049507,-0.0023019083789243,20000000.0,1,17,0.08
I1,I,23,,0.0025433168705508,0.0025433168705508,34695112.17483005,1,17,0.08
I2,I,23,,0.0012716584352754,0.0012716584352754,30602395.96453638,1,17,0.08
I3,I,23,,0.0003179146088188,0.0003179146088188,29613752.91059946,1,17,0.08
P1,P,24,-0.0004807522051575,-0.0013842354873199,-0.0018649876924774,20000000.0,1,17,0.08
P2,P,24,-0.0002964263335032,-0.0019958163739458,-0.002292242707449,20000000.0,1,17,0.08
I1,I,24,,0.0025433168705508,0.0025433168705508,34475804.66683735,1,17,0.08
I2,I,24,,0.0012716584352754,0.0012716584352754,30400272.21401507,1,17,0.08
I3,I,24,,0.0003179146088188,0.0003179146088188,29402741.23593643,1,17,0.08
P1,P,25,-0.0004554717079724,-0.0014141699922491,-0.0018696417002215,20000000.0,1,17,0.08
P2,P,25,-0.0002815447470627,-0.0020012080515683,-0.002282752798631,20000000.0,1,17,0.08
I1,I,25,,0.0025433168705508,0.0025433168705508,34272808.77437909,1,17,0.08
I2,I,25,,0.0012716584352754,0.0012716584352754,30213590.79226407,1,17,0.08
I3,I,25,,0.0003179146088188,0.0003179146088188,29208245.871446718,1,17,0.08
P1,P,26,-0.0004326427760122,-0.0014415975157256,-0.0018742402917378,20000000.0,1,17,0.08
P2,P,26,-0.0002680660277664,-0.0020057038479997,-0.0022737698757661,20000000.0,1,17,0.08
I1,I,26,,0.0025433168705508,0.0025433168705508,34085267.142609775,1,17,0.08
I2,I,26,,0.0012716584352754,0.0012716584352754,30041472.64790895,1,17,0.08
I3,I,26,,0.0003179146088188,0.0003179146088188,29029174.59316188,1,17,0.08
P1,P,27,-0.0004119118087602,-0.001466752256434,-0.0018786640651943,20000000.0,1,17,0.08
P2,P,27,-0.0002557932543186,-0.0020096979951604,-0.0022654912494791,20000000.0,1,17,0.08
I1,I,27,,0.0025433168705508,0.0025433168705508,33911936.8837689,1,17,0.08
I2,I,27,,0.0012716584352754,0.0012716584352754,29882686.740947437,1,17,0.08
I3,I,27,,0.0003179146088188,0.0003179146088188,28864150.0487867,1,17,0.08
P1,P,28,-0.0003930132737266,-0.0014899423690284,-0.0018829556427551,20000000.0,1,17,0.08
P2,P,28,-0.000244541396901,-0.002013395801497,-0.0022579371983981,20000000.0,1,17,0.08
I1,I,28,,0.0025433168705508,0.0025433168705508,33751205.65764537,1,17,0.08
I2,I,28,,0.0012716584352754,0.0012716584352754,29735682.92201638,1,17,0.08
I3,I,28,,0.0003179146088188,0.0003179146088188,28711496.291486382,1,17,0.08
P1,P,29,-0.0003756894282235,-0.0015113133369488,-0.0018870027651723,20000000.0,1,17,0.08
P2,P,29,-0.0002341617246391,-0.0020169401872198,-0.0022511019118589,20000000.0,1,17,0.08
I1,I,29,,0.0025433168705508,0.0025433168705508,33601734.00128591,1,17,0.08
I2,I,29,,0.0012716584352754,0.0012716584352754,29599171.243918773,1,17,0.08
I3,I,29,,0.0003179146088188,0.0003179146088188,28569837.04970869,1,17,0.08
P1,P,0,-0.0016999457603185,0.0,-0.0016999457603185,20000000.0,1,16,0.08
P2,P,0,-0.0016102866520327,0.0,-0.0016102866520327,20000000.0,1,16,0.08
I1,I,0,,0.0025353378286494,0.0025353378286494,41139748.67021596,1,16,0.08
I2,I,0,,0.0012676689143247,0.0012676689143247,35821052.17495329,1,16,0.08
I3,I,0,,,,,0,16,0.08
P1,P,1,-0.0015683893291876,0.0,-0.0015683893291876,20000000.0,1,16,0.08
P2,P,1,-0.0015018491663431,0.0,-0.0015018491663431,20000000.0,1,16,0.08
I1,I,1,,0.0025353378286494,0.0025353378286494,41106949.67200049,1,16,0.08
I2,I,1,,0.0012676689143247,0.0012676689143247,36061594.32824477,1,16,0.08
I3,I,1,,,,,0,16,0.08
P1,P,2,-0.0015643929330506,0.0,-0.0015643929330506,20000000.0,1,16,0.08
P2,P,2,-0.0014986968820478,0.0,-0.0014986968820478,20000000.0,1,16,0.08
I1,I,2,,0.0025353378286494,0.0025353378286494,41463042.461611226,1,16,0.08
I2,I,2,,0.0012676689143247,0.0012676689143247,36394142.99194646,1,16,0.08
I3,I,2,,,,,0,16,0.08
P1,P,3,-0.0015924052623065,0.0,-0.0015924052623065,20000000.0,1,16,0.08
P2,P,3,-0.0015227392167811,0.0,-0.0015227392167811,20000000.0,1,16,0.08
I1,I,3,,0.0025353378286494,0.0025353378286494,41747579.82197888,1,16,0.08
I2,I,3,,0.0012676689143247,0.0012676689143247,36646418.25711372,1,16,0.08
I3,I,3,,,,,0,16,0.08
P1,P,4,-0.0016292406185013,0.0,-0.0016292406185013,20000000.0,1,16,0.08
P2,P,4,-0.001555560124794,0.0,-0.001555560124794,20000000.0,1,16,0.08
I1,I,4,,0.0025353378286494,0.0025353378286494,41968044.60727544,1,16,0.08
I2,I,4,,0.0012676689143247,0.0012676689143247,36845149.18818147,1,16,0.08
I3,I,4,,,,,0,16,0.08
P1,P,5,-0.0017746549006113,0.0,-0.0017746549006113,20000000.0,1,16,0.08
P2,P,5,-0.0015811712314695,-5.400528699444097e-05,-0.001635176518464,20000000.0,1,16,0.08
I1,I,5,,0.0025353378286494,0.0025353378286494,42700291.62680087,1,16,0.08
I2,I,5,,0.0012676689143247,0.0012676689143247,37535442.49651052,1,16,0.08
I3,I,5,,,,,0,16,0.08
P1,P,6,-0.0018709330931205,0.0,-0.0018709330931205,20000000.0,1,16,0.08
P2,P,6,-0.0014118919757818,-0.0003467777397788,-0.0017586697155606,20000000.0,1,16,0.08
I1,I,6,,0.0025353378286494,0.0025353378286494,42916865.54869589,1,16,0.08
I2,I,6,,0.0012676689143247,0.0012676689143247,37716464.57866536,1,16,0.08
I3,I,6,,,,,0,16,0.08
P1,P,7,-0.0018659966330932,-2.137543644694579e-05,-0.0018873720695401,20000000.0,1,16,0.08
P2,P,7,-0.0012384043563528,-0.0006945780955114,-0.0019329824518643,20000000.0,1,16,0.08
I1,I,7,,0.0025353378286494,0.0025353378286494,42738314.58638587,1,16,0.08
I2,I,7,,0.0012676689143247,0.0012676689143247,37511184.074060224,1,16,0.08
I3,I,7,,,,,0,16,0.08
P1,P,8,-0.0017445509983984,-0.0001824124977684,-0.0019269634961669,20000000.0,1,16,0.08
P2,P,8,-0.001094488844443,-0.0009581561887746,-0.0020526450332176,20000000.0,1,16,0.08
I1,I,8,,0.0025353378286494,0.0025353378286494,42230264.87997054,1,16,0.08
I2,I,8,,0.0012676689143247,0.0012676689143247,37007003.44439677,1,16,0.08
I3,I,8,,,,,0,16,0.08
P1,P,9,-0.0015888671314231,-0.0003839813463589,-0.001972848477782,20000000.0,1,16,0.08
P2,P,9,-0.0009641243596053,-0.0011441234694916,-0.0021082478290969,20000000.0,1,16,0.08
I1,I,9,,0.0025353378286494,0.0025353378286494,41497978.14199787,1,16,0.08
I2,I,9,,0.0012676689143247,0.0012676689143247,36299251.36320956,1,16,0.08
I3,I,9,,,,,0,16,0.08
P1,P,10,-0.0014172148786012,-0.0005536350767207,-0.001970849955322,20000000.0,1,16,0.08
P2,P,10,-0.0008462737255594,-0.0012800696187829,-0.0021263433443423,20000000.0,1,16,0.08
I1,I,10,,0.0025353378286494,0.0025353378286494,40698464.945581146,1,16,0.08
I2,I,10,,0.0012676689143247,0.0012676689143247,35528456.23715368,1,16,0.08
I3,I,10,,,,,0,16,0.08
P1,P,11,-0.0012527382960787,-0.0006999240656929,-0.0019526623617717,20000000.0,1,16,0.08
P2,P,11,-0.0007447330311239,-0.0013808919634053,-0.0021256249945292,20000000.0,1,16,0.08
I1,I,11,,0.0025353378286494,0.0025353378286494,39914672.3744367,1,16,0.08
I2,I,11,,0.0012676689143247,0.0012676689143247,34773216.37266067,1,16,0.08
I3,I,11,,,,,0,16,0.08
P1,P,12,-0.0011110498579044,-0.0008104307696385,-0.001921480627543,20000000.0,1,16,0.08
P2,P,12,-0.0006604901114801,-0.0014570593544408,-0.002117549465921,20000000.0,1,16,0.08
I1,I,12,,0.0025353378286494,0.0025353378286494,39199699.66700952,1,16,0.08
I2,I,12,,0.0012676689143247,0.0012676689143247,34084402.26952628,1,16,0.08
I3,I,12,,,,,0,16,0.08
P1,P,13,-0.0009992399961947,-0.0008944827924258,-0.0018937227886205,20000000.0,1,16,0.08
P2,P,13,-0.0005911999570204,-0.0015154958705309,-0.0021066958275513,20000000.0,1,16,0.08
I1,I,13,,0.0025353378286494,0.0025353378286494,38561230.71646506,1,16,0.08
I2,I,13,,0.0012676689143247,0.0012676689143247,33470703.827567022,1,16,0.08
I3,I,13,,,,,0,16,0.08
P1,P,14,-0.000909539114183,-0.0009618224049136,-0.0018713615190967,20000000.0,1,16,0.08
P2,P,14,-0.0005339237549161,-0.0015609483073645,-0.0020948720622806,20000000.0,1,16,0.08
I1,I,14,,0.0025353378286494,0.0025353378286494,37994217.32190431,1,16,0.08
I2,I,14,,0.0012676689143247,0.0012676689143247,32927588.626340084,1,16,0.08
I3,I,14,,,,,0,16,0.08
P1,P,15,-0.0008344537965679,-0.0010198494647376,-0.0018543032613055,20000000.0,1,16,0.08
P2,P,15,-0.0004861296668372,-0.001596860524114,-0.0020829901909512,20000000.0,1,16,0.08
I1,I,15,,0.0025353378286494,0.0025353378286494,37490383.5779729,1,16,0.08
I2,I,15,,0.0012676689143247,0.0012676689143247,32446900.568116173,1,16,0.08
I3,I,15,,,,,0,16,0.08
P1,P,16,-0.0007693146136399,-0.0010729384040164,-0.0018422530176564,20000000.0,1,16,0.08
P2,P,16,-0.0004457695251985,-0.0016256745797792,-0.0020714441049777,20000000.0,1,16,0.08
I1,I,16,,0.0025353378286494,0.0025353378286494,37040279.3997895,1,16,0.08
I2,I,16,,0.0012676689143247,0.0012676689143247,32019206.465989683,1,16,0.08
I3,I,16,,,,,0,16,0.08
P1,P,17,-0.0007390017517698,-0.0011840365726129,-0.0019230383243827,20000000.0,1,16,0.08
P2,P,17,-0.0004256557402658,-0.0017386422685589,-0.0021642980088248,20000000.0,1,16,0.08
I1,I,17,,0.0025353378286494,0.0025353378286494,37164367.19643863,1,16,0.08
I2,I,17,,0.0012676689143247,0.0012676689143247,32131121.96592945,1,16,0.08
I3,I,17,,0.0003169172285811,0.0003169172285811,31513888.496676117,1,16,0.08
P1,P,18,-0.0006964360273016,-0.001264160047385,-0.0019605960746866,20000000.0,1,16,0.08
P2,P,18,-0.0004001299814559,-0.0017952828403911,-0.002195412821847,20000000.0,1,16,0.08
I1,I,18,,0.0025353378286494,0.0025353378286494,36933111.97241528,1,16,0.08
I2,I,18,,0.0012676689143247,0.0012676689143247,31912870.447565187,1,16,0.08
I3,I,18,,0.0003169172285811,0.0003169172285811,31235888.70931592,1,16,0.08
P1,P,19,-0.0006512520008455,-0.0013247496945808,-0.0019760016954264,20000000.0,1,16,0.08
P2,P,19,-0.0003741626400948,-0.0018254344193734,-0.0021995970594683,20000000.0,1,16,0.08
I1,I,19,,0.0025353378286494,0.0025353378286494,36630998.45342459,1,16,0.08
I2,I,19,,0.0012676689143247,0.0012676689143247,31629351.91707635,1,16,0.08
I3,I,19,,0.0003169172285811,0.0003169172285811,30927690.418012034,1,16,0.08
P1,P,20,-0.0006085227502511,-0.00137467246803,-0.0019831952182812,20000000.0,1,16,0.08
P2,P,20,-0.0003499062164634,-0.0018432252151415,-0.0021931314316049,20000000.0,1,16,0.08
I1,I,20,,0.0025353378286494,0.0025353378286494,36321644.06983844,1,16,0.08
I2,I,20,,0.0012676689143247,0.0012676689143247,31339355.694114152,1,16,0.08
I3,I,20,,0.0003169172285811,0.0003169172285811,30620312.67353645,1,16,0.08
P1,P,21,-0.0005697894380144,-0.0014178164787156,-0.0019876059167301,20000000.0,1,16,0.08
P2,P,21,-0.0003279532260099,-0.0018550538264834,-0.0021830070524934,20000000.0,1,16,0.08
I1,I,21,,0.0025353378286494,0.0025353378286494,36026570.21219147,1,16,0.08
I2,I,21,,0.0012676689143247,0.0012676689143247,31063155.75627601,1,16,0.08
I3,I,21,,0.0003169172285811,0.0003169172285811,30330681.68487421,1,16,0.08
P1,P,22,-0.0005352174787877,-0.0014560613780379,-0.0019912788568256,20000000.0,1,16,0.08
P2,P,22,-0.0003082733214238,-0.0018637612283053,-0.0021720345497291,20000000.0,1,16,0.08
I1,I,22,,0.0025353378286494,0.0025353378286494,35752274.77816264,1,16,0.08
I2,I,22,,0.0012676689143247,0.0012676689143247,30806839.88346428,1,16,0.08
I3,I,22,,0.0003169172285811,0.0003169172285811,30063407.874014366,1,16,0.08
P1,P,23,-0.000504478164065,-0.0014903240311273,-0.0019948021951923,20000000.0,1,16,0.08
P2,P,23,-0.0002906689583125,-0.0018706217414039,-0.0021612906997164,20000000.0,1,16,0.08
I1,I,23,,0.0025353378286494,0.0025353378286494,35499808.65382744,1,16,0.08
I2,I,23,,0.0012676689143247,0.0012676689143247,30571343.885370944,1,16,0.08
I3,I,23,,0.0003169172285811,0.0003169172285811,29818657.57956084,1,16,0.08
P1,P,24,-0.0004770932927169,-0.0015212241807754,-0.0019983174734924,20000000.0,1,16,0.08
P2,P,24,-0.0002749110534789,-0.0018762513492495,-0.0021511624027285,20000000.0,1,16,0.08
I1,I,24,,0.0025353378286494,0.0025353378286494,35268292.887490615,1,16,0.08
I2,I,24,,0.0012676689143247,0.0012676689143247,30355794.218382098,1,16,0.08
I3,I,24,,0.0003169172285811,0.0003169172285811,29595103.67803567,1,16,0.08
P1,P,25,-0.0004525544920446,-0.0015493233139863,-0.0020018778060309,20000000.0,1,16,0.08
P2,P,25,-0.0002607768452464,-0.0018809855133706,-0.002141762358617,20000000.0,1,16,0.08
I1,I,25,,0.0025353378286494,0.0025353378286494,35056087.57981462,1,16,0.08
I2,I,25,,0.0012676689143247,0.0012676689143247,30158611.60631889,1,16,0.08
I3,I,25,,0.0003169172285811,0.0003169172285811,29390870.158711705,1,16,0.08
P1,P,26,-0.0004303959412725,-0.0015750199432105,-0.0020054158844831,20000000.0,1,16,0.08
P2,P,26,-0.0002480533161627,-0.0018850918630084,-0.0021331451791711,20000000.0,1,16,0.08
I1,I,26,,0.0025353378286494,0.0025353378286494,34861387.35574873,1,16,0.08
I2,I,26,,0.0012676689143247,0.0012676689143247,29978053.741251428,1,16,0.08
I3,I,26,,0.0003169172285811,0.0003169172285811,29204019.15262032,1,16,0.08
P1,P,27,-0.0004102144399636,-0.0015986011263508,-0.0020088155663145,20000000.0,1,16,0.08
P2,P,27,-0.0002365389524849,-0.0018888290110258,-0.0021253679635107,20000000.0,1,16,0.08
I1,I,27,,0.0025353378286494,0.0025353378286494,34682419.70590904,1,16,0.08
I2,I,27,,0.0012676689143247,0.0012676689143247,29812400.065741427,1,16,0.08
I3,I,27,,0.0003169172285811,0.0003169172285811,29032699.91755849,1,16,0.08
P1,P,28,-0.0003917272586352,-0.0016204159773624,-0.0020121432359977,20000000.0,1,16,0.08
P2,P,28,-0.0002260430011459,-0.0018923311086528,-0.0021183741097987,20000000.0,1,16,0.08
I1,I,28,,0.0025353378286494,0.0025353378286494,34517222.72399555,1,16,0.08
I2,I,28,,0.0012676689143247,0.0012676689143247,29659765.93153985,1,16,0.08
I3,I,28,,0.0003169172285811,0.0003169172285811,28874915.281269096,1,16,0.08
P1,P,29,-0.0003746963972178,-0.0016406232279263,-0.0020153196251441,20000000.0,1,16,0.08
P2,P,29,-0.000216400868204,-0.001895692319719,-0.002112093187923,20000000.0,1,16,0.08
I1,I,29,,0.0025353378286494,0.0025353378286494,34364215.9238493,1,16,0.08
I2,I,29,,0.0012676689143247,0.0012676689143247,29518628.475876883,1,16,0.08
I3,I,29,,0.0003169172285811,0.0003169172285811,28729064.876598075,1,16,0.08
P1,P,0,-0.0017769163718873,0.0,-0.0017769163718873,20000000.0,1,2,0.08
P2,P,0,-0.0017085958538969,0.0,-0.0017085958538969,20000000.0,1,2,0.08
I1,I,0,,0.0025400411830852,0.0025400411830852,42280768.507977456,1,2,0.08
I2,I,0,,0.0012700205915426,0.0012700205915426,36261601.76525778,1,2,0.08
I3,I,0,,,,,0,2,0.08
P1,P,1,-0.0016359139034327,0.0,-0.0016359139034327,20000000.0,1,2,0.08
P2,P,1,-0.0015881416555729,0.0,-0.0015881416555729,20000000.0,1,2,0.08
I1,I,1,,0.0025400411830852,0.0025400411830852,42068995.51430274,1,2,0.08
I2,I,1,,0.0012700205915426,0.0012700205915426,36374408.22246676,1,2,0.08
I3,I,1,,,,,0,2,0.08
P1,P,2,-0.0016243207934019,0.0,-0.0016243207934019,20000000.0,1,2,0.08
P2,P,2,-0.0015778198540356,0.0,-0.0015778198540356,20000000.0,1,2,0.08
I1,I,2,,0.0025400411830852,0.0025400411830852,42353694.12650735,1,2,0.08
I2,I,2,,0.0012700205915426,0.0012700205915426,36638416.70990334,1,2,0.08
I3,I,2,,,,,0,2,0.08
P1,P,3,-0.001653333437402,0.0,-0.001653333437402,20000000.0,1,2,0.08
P2,P,3,-0.0016060562285697,0.0,-0.0016060562285697,20000000.0,1,2,0.08
I1,I,3,,0.0025400411830852,0.0025400411830852,42838338.16058798,1,2,0.08
I2,I,3,,0.0012700205915426,0.0012700205915426,37092201.22283345,1,2,0.08
I3,I,3,,0.0003175051478856,0.0003175051478856,35817256.61927752,1,2,0.08
P1,P,4,-0.0016970961598254,0.0,-0.0016970961598254,20000000.0,1,2,0.08
P2,P,4,-0.0016481017242997,0.0,-0.0016481017242997,20000000.0,1,2,0.08
I1,I,4,,0.0025400411830852,0.0025400411830852,43162376.48931139,1,2,0.08
I2,I,4,,0.0012700205915426,0.0012700205915426,37382239.118912645,1,2,0.08
I3,I,4,,0.0003175051478856,0.0003175051478856,36041509.330971465,1,2,0.08
P1,P,5,-0.0018815995190926,0.0,-0.0018815995190926,20000000.0,1,2,0.08
P2,P,5,-0.0016851993457878,-6.557262263273506e-05,-0.0017507719684206,20000000.0,1,2,0.08
I1,I,5,,0.0025400411830852,0.0025400411830852,44109012.52648015,1,2,0.08
I2,I,5,,0.0012700205915426,0.0012700205915426,38273322.85814083,1,2,0.08
I3,I,5,,0.0003175051478856,0.0003175051478856,36959858.16500431,1,2,0.08
P1,P,6,-0.0020027336527558,-3.2423497372299982e-90,-0.0020027336527558,20000000.0,1,2,0.08
P2,P,6,-0.0014942450538192,-0.0004175885405211,-0.0019118335943403,20000000.0,1,2,0.08
I1,I,6,,0.0025400411830852,0.0025400411830852,44392922.938151896,1,2,0.08
I2,I,6,,0.0012700205915426,0.0012700205915426,38513404.23730845,1,2,0.08
I3,I,6,,0.0003175051478856,0.0003175051478856,37247385.70146336,1,2,0.08
P1,P,7,-0.0019867794834727,-4.493796313113404e-05,-0.0020317174466038,20000000.0,1,2,0.08
P2,P,7,-0.0012996362741914,-0.0008160873239467,-0.0021157235981382,20000000.0,1,2,0.08
I1,I,7,,0.0025400411830852,0.0025400411830852,44194043.101423085,1,2,0.08
I2,I,7,,0.0012700205915426,0.0012700205915426,38285463.77263166,1,2,0.08
I3,I,7,,0.0003175051478856,0.0003175051478856,37058913.985205874,1,2,0.08
P1,P,8,-0.0018554844638333,-0.0002324481127946,-0.002087932576628,20000000.0,1,2,0.08
P2,P,8,-0.0011345373936248,-0.0011121345120411,-0.0022466719056659,20000000.0,1,2,0.08
I1,I,8,,0.0025400411830852,0.0025400411830852,43615274.02801032,1,2,0.08
I2,I,8,,0.0012700205915426,0.0012700205915426,37711918.30647866,1,2,0.08
I3,I,8,,0.0003175051478856,0.0003175051478856,36501707.20752085,1,2,0.08
P1,P,9,-0.0016642214884677,-0.0004452856365918,-0.0021095071250595,20000000.0,1,2,0.08
P2,P,9,-0.0009880967866835,-0.0013231724800483,-0.0023112692667319,20000000.0,1,2,0.08
I1,I,9,,0.0025400411830852,0.0025400411830852,42830791.90855537,1,2,0.08
I2,I,9,,0.0012700205915426,0.0012700205915426,36950441.26570949,1,2,0.08
I3,I,9,,0.0003175051478856,0.0003175051478856,35743380.59867934,1,2,0.08
P1,P,10,-0.001456699386517,-0.0006450993102848,-0.0021017986968018,20000000.0,1,2,0.08
P2,P,10,-0.0008603709526831,-0.0014742490267435,-0.0023346199794267,20000000.0,1,2,0.08
I1,I,10,,0.0025400411830852,0.0025400411830852,41981379.19216599,1,2,0.08
I2,I,10,,0.0012700205915426,0.0012700205915426,36129918.148095176,1,2,0.08
I3,I,10,,0.0003175051478856,0.0003175051478856,34920240.738464445,1,2,0.08
P1,P,11,-0.0012726023934321,-0.0008047973398947,-0.0020773997333268,20000000.0,1,2,0.08
P2,P,11,-0.0007535238067296,-0.0015818793808856,-0.0023354031876153,20000000.0,1,2,0.08
I1,I,11,,0.0025400411830852,0.0025400411830852,41158668.89734827,1,2,0.08
I2,I,11,,0.0012700205915426,0.0012700205915426,35336639.965279505,1,2,0.08
I3,I,11,,0.0003175051478856,0.0003175051478856,34122132.65007347,1,2,0.08
P1,P,12,-0.0011270500122822,-0.0009219807644115,-0.0020490307766937,20000000.0,1,2,0.08
P2,P,12,-0.0006659848434701,-0.0016586981691334,-0.0023246830126036,20000000.0,1,2,0.08
I1,I,12,,0.0025400411830852,0.0025400411830852,40405706.535597816,1,2,0.08
I2,I,12,,0.0012700205915426,0.0012700205915426,34612537.13398966,1,2,0.08
I3,I,12,,0.0003175051478856,0.0003175051478856,33392008.18706493,1,2,0.08
P1,P,13,-0.0010124612758175,-0.001010027654484,-0.0020224889303015,20000000.0,1,2,0.08
P2,P,13,-0.0005946054591434,-0.0017149617675932,-0.0023095672267367,20000000.0,1,2,0.08
I1,I,13,,0.0025400411830852,0.0025400411830852,39735909.57863232,1,2,0.08
I2,I,13,,0.0012700205915426,0.0012700205915426,33970669.95766236,1,2,0.08
I3,I,13,,0.0003175051478856,0.0003175051478856,32743487.771659467,1,2,0.08
P1,P,14,-0.00091966560781,-0.001081531047097,-0.0020011966549071,20000000.0,1,2,0.08
P2,P,14,-0.000536091889526,-0.0017574495517045,-0.0022935414412306,20000000.0,1,2,0.08
I1,I,14,,0.0025400411830852,0.0025400411830852,39145782.73023206,1,2,0.08
I2,I,14,,0.0012700205915426,0.0012700205915426,33407471.01962225,1,2,0.08
I3,I,14,,0.0003175051478856,0.0003175051478856,32173285.125065323,1,2,0.08
P1,P,15,-0.0008422495505458,-0.0011440410857635,-0.0019862906363093,20000000.0,1,2,0.08
P2,P,15,-0.0004875707045377,-0.0017901514415445,-0.0022777221460822,20000000.0,1,2,0.08
I1,I,15,,0.0025400411830852,0.0025400411830852,38624570.64468267,1,2,0.08
I2,I,15,,0.0012700205915426,0.0012700205915426,32912244.267897453,1,2,0.08
I3,I,15,,0.0003175051478856,0.0003175051478856,31670825.4485555,1,2,0.08
P1,P,16,-0.000775981208836,-0.0012011060940689,-0.0019770873029049,20000000.0,1,2,0.08
P2,P,16,-0.0004467599541256,-0.0018154875840759,-0.0022622475382015,20000000.0,1,2,0.08
I1,I,16,,0.0025400411830852,0.0025400411830852,38161149.92090416,1,2,0.08
I2,I,16,,0.0012700205915426,0.0012700205915426,32473894.043567825,1,2,0.08
I3,I,16,,0.0003175051478856,0.0003175051478856,31225114.812153947,1,2,0.08
P1,P,17,-0.0007184293274777,-0.0012540356030158,-0.0019724649304935,20000000.0,1,2,0.08
P2,P,17,-0.0004119859081044,-0.0018350598257158,-0.0022470457338202,20000000.0,1,2,0.08
I1,I,17,,0.0025400411830852,0.0025400411830852,37746234.36015335,1,2,0.08
I2,I,17,,0.0012700205915426,0.0012700205915426,32083095.361347776,1,2,0.08
I3,I,17,,0.0003175051478856,0.0003175051478856,30826941.715722945,1,2,0.08
P1,P,18,-0.0006681044732422,-0.001303019538463,-0.0019711240117053,20000000.0,1,2,0.08
P2,P,18,-0.0003820453875831,-0.0018501035529598,-0.002232148940543,20000000.0,1,2,0.08
I1,I,18,,0.0025400411830852,0.0025400411830852,37372941.65583294,1,2,0.08
I2,I,18,,0.0012700205915426,0.0012700205915426,31732864.38428306,1,2,0.08
I3,I,18,,0.0003175051478856,0.0003175051478856,30469458.77250289,1,2,0.08
P1,P,19,-0.0006238773899913,-0.0013480544505806,-0.0019719318405719,20000000.0,1,2,0.08
P2,P,19,-0.0003560520991442,-0.0018617719650967,-0.0022178240642409,20000000.0,1,2,0.08
I1,I,19,,0.0025400411830852,0.0025400411830852,37036017.31356184,1,2,0.08
I2,I,19,,0.0012700205915426,0.0012700205915426,31417833.67934382,1,2,0.08
I3,I,19,,0.0003175051478856,0.0003175051478856,30147430.30645204,1,2,0.08
P1,P,20,-0.0005848417477596,-0.001389124661246,-0.0019739664090057,20000000.0,1,2,0.08
P2,P,20,-0.0003332968645547,-0.0018710610807339,-0.0022043579452886,20000000.0,1,2,0.08
I1,I,20,,0.0025400411830852,0.0025400411830852,36731365.30015011,1,2,0.08
I2,I,20,,0.0012700205915426,0.0012700205915426,31133832.61492864,1,2,0.08
I3,I,20,,0.0003175051478856,0.0003175051478856,29856785.966011744,1,2,0.08
P1,P,21,-0.000550191168812,-0.00142643217689,-0.0019766233457021,20000000.0,1,2,0.08
P2,P,21,-0.0003132150307294,-0.0018787569345528,-0.0021919719652823,20000000.0,1,2,0.08
I1,I,21,,0.0025400411830852,0.0025400411830852,36455499.58036407,1,2,0.08
I2,I,21,,0.0012700205915426,0.0012700205915426,30877359.959795296,1,2,0.08
I3,I,21,,0.0003175051478856,0.0003175051478856,29594079.53989897,1,2,0.08
P1,P,22,-0.0005191880602487,-0.0014603535131065,-0.0019795415733552,20000000.0,1,2,0.08
P2,P,22,-0.0002953750191386,-0.0018853919439934,-0.002180766963132,20000000.0,1,2,0.08
I1,I,22,,0.0025400411830852,0.0025400411830852,36205317.42254754,1,2,0.08
I2,I,22,,0.0012700205915426,0.0012700205915426,30645351.841204114,1,2,0.08
I3,I,22,,0.0003175051478856,0.0003175051478856,29356262.18398943,1,2,0.08
P1,P,23,-0.0004912682396931,-0.0014912007795036,-0.0019824690191968,20000000.0,1,2,0.08
P2,P,23,-0.0002794432533195,-0.0018913493512774,-0.0021707926045969,20000000.0,1,2,0.08
I1,I,23,,0.0025400411830852,0.0025400411830852,35977986.05271034,1,2,0.08
I2,I,23,,0.0012700205915426,0.0012700205915426,30435038.4980991,1,2,0.08
I3,I,23,,0.0003175051478856,0.0003175051478856,29140558.60806479,1,2,0.08
P1,P,24,-0.0004659658393652,-0.0015195427881429,-0.0019855086275082,20000000.0,1,2,0.08
P2,P,24,-0.0002651460111612,-0.0018967161488444,-0.0021618621600056,20000000.0,1,2,0.08
I1,I,24,,0.0025400411830852,0.0025400411830852,35770652.313300386,1,2,0.08
I2,I,24,,0.0012700205915426,0.0012700205915426,30243698.88514033,1,2,0.08
I3,I,24,,0.0003175051478856,0.0003175051478856,28944190.93520473,1,2,0.08
P1,P,25,-0.0004428694688789,-0.0015457891590307,-0.0019886586279096,20000000.0,1,2,0.08
P2,P,25,-0.0002522533846963,-0.0019015364053195,-0.0021537897900159,20000000.0,1,2,0.08
I1,I,25,,0.0025400411830852,0.0025400411830852,35580821.65391236,1,2,0.08
I2,I,25,,0.0012700205915426,0.0012700205915426,30068953.45464429,1,2,0.08
I3,I,25,,0.0003175051478856,0.0003175051478856,28764729.94660345,1,2,0.08
P1,P,26,-0.0004216583242851,-0.0015702334789451,-0.0019918918032302,20000000.0,1,2,0.08
P2,P,26,-0.0002405592697247,-0.001905861123422,-0.0021464203931467,20000000.0,1,2,0.08
I1,I,26,,0.0025400411830852,0.0025400411830852,35406419.18305952,1,2,0.08
I2,I,26,,0.0012700205915426,0.0012700205915426,29908821.223390125,1,2,0.08
I3,I,26,,0.0003175051478856,0.0003175051478856,28600153.904901963,1,2,0.08
P1,P,27,-0.0004020457898268,-0.0015930511170697,-0.0019950969068966,20000000.0,1,2,0.08
P2,P,27,-0.0002298953872547,-0.0019098438639373,-0.002139739251192,20000000.0,1,2,0.08
I1,I,27,,0.0025400411830852,0.0025400411830852,35245655.72069162,1,2,0.08
I2,I,27,,0.0012700205915426,0.0012700205915426,29761562.59159896,1,2,0.08
I3,I,27,,0.0003175051478856,0.0003175051478856,28448708.744472984,1,2,0.08
P1,P,28,-0.0003838146211338,-0.0016144718361748,-0.0019982864573087,20000000.0,1,2,0.08
P2,P,28,-0.0002201090086041,-0.0019135852710139,-0.002133694279618,20000000.0,1,2,0.08
I1,I,28,,0.0025400411830852,0.0025400411830852,35096735.53383284,1,2,0.08
I2,I,28,,0.0012700205915426,0.0012700205915426,29625444.992379345,1,2,0.08
I3,I,28,,0.0003175051478856,0.0003175051478856,28308637.044338804,1,2,0.08
P1,P,29,-0.0003668061830693,-0.0016345811494664,-0.0020013873325358,20000000.0,1,2,0.08
P2,P,29,-0.0002110673866326,-0.0019171457425569,-0.0021282131291895,20000000.0,1,2,0.08
I1,I,29,,0.0025400411830852,0.0025400411830852,34958266.13188816,1,2,0.08
I2,I,29,,0.0012700205915426,0.0012700205915426,29499128.173060782,1,2,0.08
I3,I,29,,0.0003175051478856,0.0003175051478856,28178579.704166748,1,2,0.08
P1,P,0,-0.0016796798146821,0.0,-0.0016796798146821,20000000.0,1,3,0.08
P2,P,0,-0.0017197613595674,0.0,-0.0017197613595674,20000000.0,1,3,0.08
I1,I,0,,0.0025368860879198,0.0025368860879198,41004607.17282942,1,3,0.08
I2,I,0,,0.0012684430439599,0.0012684430439599,36359485.18135198,1,3,0.08
I3,I,0,,,,,0,3,0.08
P1,P,1,-0.0015514986178481,0.0,-0.0015514986178481,20000000.0,1,3,0.08
P2,P,1,-0.00159213446738,0.0,-0.00159213446738,20000000.0,1,3,0.08
I1,I,1,,0.0025368860879198,0.0025368860879198,40985370.92511474,1,3,0.08
I2,I,1,,0.0012684430439599,0.0012684430439599,36490620.99474645,1,3,0.08
I3,I,1,,,,,0,3,0.08
P1,P,2,-0.0015448559361759,0.0,-0.0015448559361759,20000000.0,1,3,0.08
P2,P,2,-0.0015813342157414,0.0,-0.0015813342157414,20000000.0,1,3,0.08
I1,I,2,,0.0025368860879198,0.0025368860879198,41331985.26505139,1,3,0.08
I2,I,2,,0.0012684430439599,0.0012684430439599,36783705.13446797,1,3,0.08
I3,I,2,,,,,0,3,0.08
P1,P,3,-0.001569341574117,0.0,-0.001569341574117,20000000.0,1,3,0.08
P2,P,3,-0.0016020390906155,0.0,-0.0016020390906155,20000000.0,1,3,0.08
I1,I,3,,0.0025368860879198,0.0025368860879198,41601346.02482236,1,3,0.08
I2,I,3,,0.0012684430439599,0.0012684430439599,37007860.40644727,1,3,0.08
I3,I,3,,,,,0,3,0.08
P1,P,4,-0.0016096126361264,0.0,-0.0016096126361264,20000000.0,1,3,0.08
P2,P,4,-0.0016433058353494,0.0,-0.0016433058353494,20000000.0,1,3,0.08
I1,I,4,,0.0025368860879198,0.0025368860879198,42060336.54014968,1,3,0.08
I2,I,4,,0.0012684430439599,0.0012684430439599,37442034.63506454,1,3,0.08
I3,I,4,,0.0003171107609899,0.0003171107609899,36320867.49272245,1,3,0.08
P1,P,5,-0.0017991480388859,0.0,-0.0017991480388859,20000000.0,1,3,0.08
P2,P,5,-0.0016854372426715,-7.94873614118671e-05,-0.0017649246040834,20000000.0,1,3,0.08
I1,I,5,,0.0025368860879198,0.0025368860879198,43179994.59481674,1,3,0.08
I2,I,5,,0.0012684430439599,0.0012684430439599,38484933.71867432,1,3,0.08
I3,I,5,,0.0003171107609899,0.0003171107609899,37259589.1303914,1,3,0.08
P1,P,6,-0.0019251945167935,0.0,-0.0019251945167935,20000000.0,1,3,0.08
P2,P,6,-0.0014981395772355,-0.000456614293876,-0.0019547538711115,20000000.0,1,3,0.08
I1,I,6,,0.0025368860879198,0.0025368860879198,43544557.10004967,1,3,0.08
I2,I,6,,0.0012684430439599,0.0012684430439599,38792188.27533108,1,3,0.08
I3,I,6,,0.0003171107609899,0.0003171107609899,37599163.77537909,1,3,0.08
P1,P,7,-0.0019227102899588,-2.0451154670544355e-05,-0.0019431614446294,20000000.0,1,3,0.08
P2,P,7,-0.0013029609546724,-0.0008839862477909,-0.0021869472024634,20000000.0,1,3,0.08
I1,I,7,,0.0025368860879198,0.0025368860879198,43391792.42122167,1,3,0.08
I2,I,7,,0.0012684430439599,0.0012684430439599,38598031.0888518,1,3,0.08
I3,I,7,,0.0003171107609899,0.0003171107609899,37443840.7663754,1,3,0.08
P1,P,8,-0.0017718852417409,-0.0002030643607782,-0.0019749496025191,20000000.0,1,3,0.08
P2,P,8,-0.0011428476204358,-0.0011990438731348,-0.0023418914935707,20000000.0,1,3,0.08
I1,I,8,,0.0025368860879198,0.0025368860879198,42849187.96957993,1,3,0.08
I2,I,8,,0.0012684430439599,0.0012684430439599,38051938.49386087,1,3,0.08
I3,I,8,,0.0003171107609899,0.0003171107609899,36916026.79829496,1,3,0.08
P1,P,9,-0.0015916786928746,-0.0004410642556585,-0.0020327429485331,20000000.0,1,3,0.08
P2,P,9,-0.0010038814075685,-0.0014031345216475,-0.0024070159292161,20000000.0,1,3,0.08
I1,I,9,,0.0025368860879198,0.0025368860879198,42036480.12351086,1,3,0.08
I2,I,9,,0.0012684430439599,0.0012684430439599,37265158.86881279,1,3,0.08
I3,I,9,,0.0003171107609899,0.0003171107609899,36128629.37807316,1,3,0.08
P1,P,10,-0.0014129083790839,-0.0006308834335186,-0.0020437918126025,20000000.0,1,3,0.08
P2,P,10,-0.0008820313433999,-0.0015348361127815,-0.0024168674561814,20000000.0,1,3,0.08
I1,I,10,,0.0025368860879198,0.0025368860879198,41141021.69341489,1,3,0.08
I2,I,10,,0.0012684430439599,0.0012684430439599,36404696.31724384,1,3,0.08
I3,I,10,,0.0003171107609899,0.0003171107609899,35260540.91211616,1,3,0.08
P1,P,11,-0.0012476910228195,-0.0007756571963457,-0.0020233482191652,20000000.0,1,3,0.08
P2,P,11,-0.0007782403708579,-0.0016251216739976,-0.0024033620448555,20000000.0,1,3,0.08
I1,I,11,,0.0025368860879198,0.0025368860879198,40286474.98492836,1,3,0.08
I2,I,11,,0.0012684430439599,0.0012684430439599,35584805.527279295,1,3,0.08
I3,I,11,,0.0003171107609899,0.0003171107609899,34431820.44899027,1,3,0.08
P1,P,12,-0.0011100867075428,-0.000883826570807,-0.0019939132783498,20000000.0,1,3,0.08
P2,P,12,-0.0006917912638292,-0.0016917163224518,-0.0023835075862811,20000000.0,1,3,0.08
I1,I,12,,0.0025368860879198,0.0025368860879198,39520275.49354585,1,3,0.08
I2,I,12,,0.0012684430439599,0.0012684430439599,34850853.76395355,1,3,0.08
I3,I,12,,0.0003171107609899,0.0003171107609899,33689309.21450781,1,3,0.08
P1,P,13,-0.0010009438625204,-0.000966714263602,-0.0019676581261224,20000000.0,1,3,0.08
P2,P,13,-0.0006201539653676,-0.0017432718614302,-0.0023634258267978,20000000.0,1,3,0.08
I1,I,13,,0.0025368860879198,0.0025368860879198,38846713.007411376,1,3,0.08
I2,I,13,,0.0012684430439599,0.0012684430439599,34207349.78887803,1,3,0.08
I3,I,13,,0.0003171107609899,0.0003171107609899,33037564.232040152,1,3,0.08
P1,P,14,-0.0009129919380541,-0.001033865033069,-0.0019468569711231,20000000.0,1,3,0.08
P2,P,14,-0.0005606181138349,-0.001784354327753,-0.0023449724415879,20000000.0,1,3,0.08
I1,I,14,,0.0025368860879198,0.0025368860879198,38256420.76796851,1,3,0.08
I2,I,14,,0.0012684430439599,0.0012684430439599,33645274.04557156,1,3,0.08
I3,I,14,,0.0003171107609899,0.0003171107609899,32467526.757369585,1,3,0.08
P1,P,15,-0.0008388615327519,-0.0010925231430747,-0.0019313846758266,20000000.0,1,3,0.08
P2,P,15,-0.0005108029444322,-0.0018177142848347,-0.0023285172292669,20000000.0,1,3,0.08
I1,I,15,,0.0025368860879198,0.0025368860879198,37736930.91232242,1,3,0.08
I2,I,15,,0.0012684430439599,0.0012684430439599,33152435.52063947,1,3,0.08
I3,I,15,,0.0003171107609899,0.0003171107609899,31966976.22475193,1,3,0.08
P1,P,16,-0.000774011538152,-0.0011469478533661,-0.0019209593915181,20000000.0,1,3,0.08
P2,P,16,-0.0004687225588985,-0.0018448920852598,-0.0023136146441584,20000000.0,1,3,0.08
I1,I,16,,0.0025368860879198,0.0025368860879198,37275938.952880464,1,3,0.08
I2,I,16,,0.0012684430439599,0.0012684430439599,32716810.75588897,1,3,0.08
I3,I,16,,0.0003171107609899,0.0003171107609899,31523820.11634476,1,3,0.08
P1,P,17,-0.0007164407090389,-0.001198637160909,-0.0019150778699479,20000000.0,1,3,0.08
P2,P,17,-0.0004327490505344,-0.0018668289424942,-0.0022995779930286,20000000.0,1,3,0.08
I1,I,17,,0.0025368860879198,0.0025368860879198,36862886.0941584,1,3,0.08
I2,I,17,,0.0012684430439599,0.0012684430439599,32328045.51302383,1,3,0.08
I3,I,17,,0.0003171107609899,0.0003171107609899,31127650.86973936,1,3,0.08
P1,P,18,-0.0006653370878471,-0.0012475434439236,-0.0019128805317708,20000000.0,1,3,0.08
P2,P,18,-0.0004016287673172,-0.0018842851221605,-0.0022859138894777,20000000.0,1,3,0.08
I1,I,18,,0.0025368860879198,0.0025368860879198,36489763.39766724,1,3,0.08
I2,I,18,,0.0012684430439599,0.0012684430439599,31978218.648747947,1,3,0.08
I3,I,18,,0.0003171107609899,0.0003171107609899,30770546.0294524,1,3,0.08
P1,P,19,-0.000620164691045,-0.0012931405865206,-0.0019133052775657,20000000.0,1,3,0.08
P2,P,19,-0.0003744262064982,-0.0018980539780774,-0.0022724801845757,20000000.0,1,3,0.08
I1,I,19,,0.0025368860879198,0.0025368860879198,36150981.54261332,1,3,0.08
I2,I,19,,0.0012684430439599,0.0012684430439599,31661729.91886881,1,3,0.08
I3,I,19,,0.0003171107609899,0.0003171107609899,30446954.73750792,1,3,0.08
P1,P,20,-0.0005800187477661,-0.0013355043079311,-0.0019155230556973,20000000.0,1,3,0.08
P2,P,20,-0.0003504777089093,-0.0019090082864189,-0.0022594859953283,20000000.0,1,3,0.08
I1,I,20,,0.0025368860879198,0.0025368860879198,35842113.98292291,1,3,0.08
I2,I,20,,0.0012684430439599,0.0012684430439599,31374052.59827112,1,3,0.08
I3,I,20,,0.0003171107609899,0.0003171107609899,30152443.74016536,1,3,0.08
P1,P,21,-0.0005442486051263,-0.0013746751988427,-0.0019189238039691,20000000.0,1,3,0.08
P2,P,21,-0.000329242694397,-0.0019177123364944,-0.0022469550308914,20000000.0,1,3,0.08
I1,I,21,,0.0025368860879198,0.0025368860879198,35559919.025124334,1,3,0.08
I2,I,21,,0.0012684430439599,0.0012684430439599,31111914.625808768,1,3,0.08
I3,I,21,,0.0003171107609899,0.0003171107609899,29883790.38400388,1,3,0.08
P1,P,22,-0.0005123863176182,-0.0014105055128794,-0.0019228918304976,20000000.0,1,3,0.08
P2,P,22,-0.0003103279689993,-0.0019247720188753,-0.0022350999878746,20000000.0,1,3,0.08
I1,I,22,,0.0025368860879198,0.0025368860879198,35301899.317406386,1,3,0.08
I2,I,22,,0.0012684430439599,0.0012684430439599,30872783.913681943,1,3,0.08
I3,I,22,,0.0003171107609899,0.0003171107609899,29638516.12159172,1,3,0.08
P1,P,23,-0.0004838863097021,-0.0014431507851773,-0.0019270370948794,20000000.0,1,3,0.08
P2,P,23,-0.0002934200200366,-0.0019306388920084,-0.0022240589120451,20000000.0,1,3,0.08
I1,I,23,,0.0025368860879198,0.0025368860879198,35066020.32919335,1,3,0.08
I2,I,23,,0.0012684430439599,0.0012684430439599,30654636.880820237,1,3,0.08
I3,I,23,,0.0003171107609899,0.0003171107609899,29414620.339095805,1,3,0.08
P1,P,24,-0.0004582820854602,-0.0014730848615594,-0.0019313669470197,20000000.0,1,3,0.08
P2,P,24,-0.0002782580830983,-0.0019355401621834,-0.0022137982452817,20000000.0,1,3,0.08
I1,I,24,,0.0025368860879198,0.0025368860879198,34850068.639148325,1,3,0.08
I2,I,24,,0.0012684430439599,0.0012684430439599,30455349.47763368,1,3,0.08
I3,I,24,,0.0003171107609899,0.0003171107609899,29209951.75808385,1,3,0.08
P1,P,25,-0.0004351849112312,-0.0015006152087347,-0.001935800119966,20000000.0,1,3,0.08
P2,P,25,-0.0002646075590713,-0.0019396826243907,-0.002204290183462,20000000.0,1,3,0.08
I1,I,25,,0.0025368860879198,0.0025368860879198,34651930.19452081,1,3,0.08
I2,I,25,,0.0012684430439599,0.0012684430439599,30272890.645710062,1,3,0.08
I3,I,25,,0.0003171107609899,0.0003171107609899,29022452.791028198,1,3,0.08
P1,P,26,-0.0004142487870962,-0.0015258980588383,-0.0019401468459345,20000000.0,1,3,0.08
P2,P,26,-0.0002522531958114,-0.0019433256783509,-0.0021955788741623,20000000.0,1,3,0.08
I1,I,26,,0.0025368860879198,0.0025368860879198,34469793.72557401,1,3,0.08
I2,I,26,,0.0012684430439599,0.0012684430439599,30105504.55256076,1,3,0.08
I3,I,26,,0.0003171107609899,0.0003171107609899,28850353.872500896,1,3,0.08
P1,P,27,-0.0003951856857017,-0.0015491179364685,-0.0019443036221703,20000000.0,1,3,0.08
P2,P,27,-0.0002410003897959,-0.0019466962777006,-0.0021876966674965,20000000.0,1,3,0.08
I1,I,27,,0.0025368860879198,0.0025368860879198,34301934.592285074,1,3,0.08
I2,I,27,,0.0012684430439599,0.0012684430439599,29951523.720832907,1,3,0.08
I3,I,27,,0.0003171107609899,0.0003171107609899,28691971.430084456,1,3,0.08
P1,P,28,-0.000377749944911,-0.0015705212040442,-0.0019482711489553,20000000.0,1,3,0.08
P2,P,28,-0.0002306743528262,-0.0019499207807732,-0.0021805951335995,20000000.0,1,3,0.08
I1,I,28,,0.0025368860879198,0.0025368860879198,34146653.222497284,1,3,0.08
I2,I,28,,0.0012684430439599,0.0012684430439599,29809314.57740197,1,3,0.08
I3,I,28,,0.0003171107609899,0.0003171107609899,28545648.258845903,1,3,0.08
P1,P,29,-0.0003617097477508,-0.0015903362640734,-0.0019520460118243,20000000.0,1,3,0.08
P2,P,29,-0.000221138066258,-0.00195304936012,-0.002174187426378,20000000.0,1,3,0.08
I1,I,29,,0.0025368860879198,0.0025368860879198,34002454.81011467,1,3,0.08
I2,I,29,,0.0012684430439599,0.0012684430439599,29677449.70970395,1,3,0.08
I3,I,29,,0.0003171107609899,0.0003171107609899,28409930.01814059,1,3,0.08
P1,P,0,-0.0018555547145273,0.0,-0.0018555547145273,20000000.0,1,4,0.08
P2,P,0,-0.0016978948667594,0.0,-0.0016978948667594,20000000.0,1,4,0.08
I1,I,0,,0.002537113274454,0.002537113274454,41676325.00804092,1,4,0.08
I2,I,0,,0.001268556637227,0.001268556637227,36144130.03416584,1,4,0.08
I3,I,0,,,,,0,4,0.08
P1,P,1,-0.0016994665978503,0.0,-0.0016994665978503,20000000.0,1,4,0.08
P2,P,1,-0.0015835027927598,0.0,-0.0015835027927598,20000000.0,1,4,0.08
I1,I,1,,0.002537113274454,0.002537113274454,41550171.07970256,1,4,0.08
I2,I,1,,0.001268556637227,0.001268556637227,36265762.35588229,1,4,0.08
I3,I,1,,,,,0,4,0.08
P1,P,2,-0.001681820109596,0.0,-0.001681820109596,20000000.0,1,4,0.08
P2,P,2,-0.0015731229317481,0.0,-0.0015731229317481,20000000.0,1,4,0.08
I1,I,2,,0.002537113274454,0.002537113274454,41839742.14626386,1,4,0.08
I2,I,2,,0.001268556637227,0.001268556637227,36517234.81780306,1,4,0.08
I3,I,2,,,,,0,4,0.08
P1,P,3,-0.0017005760607079,0.0,-0.0017005760607079,20000000.0,1,4,0.08
P2,P,3,-0.0015900287406175,0.0,-0.0015900287406175,20000000.0,1,4,0.08
I1,I,3,,0.002537113274454,0.002537113274454,42058758.43661758,1,4,0.08
I2,I,3,,0.001268556637227,0.001268556637227,36696662.9084105,1,4,0.08
I3,I,3,,,,,0,4,0.08
P1,P,4,-0.0017300957605366,0.0,-0.0017300957605366,20000000.0,1,4,0.08
P2,P,4,-0.0016161382197932,0.0,-0.0016161382197932,20000000.0,1,4,0.08
I1,I,4,,0.002537113274454,0.002537113274454,42216266.70582255,1,4,0.08
I2,I,4,,0.001268556637227,0.001268556637227,36828046.618287295,1,4,0.08
I3,I,4,,,,,0,4,0.08
P1,P,5,-0.0019065534871883,0.0,-0.0019065534871883,20000000.0,1,4,0.08
P2,P,5,-0.0016605043927733,-5.1580419955473294e-05,-0.0017120848127288,20000000.0,1,4,0.08
I1,I,5,,0.002537113274454,0.002537113274454,43346661.13585121,1,4,0.08
I2,I,5,,0.001268556637227,0.001268556637227,37900795.3386136,1,4,0.08
I3,I,5,,0.0003171391593067,0.0003171391593067,36728094.35857013,1,4,0.08
P1,P,6,-0.0020341275218101,0.0,-0.0020341275218101,20000000.0,1,4,0.08
P2,P,6,-0.0014890701292451,-0.0003601903280304,-0.0018492604572756,20000000.0,1,4,0.08
I1,I,6,,0.002537113274454,0.002537113274454,43687035.31377726,1,4,0.08
I2,I,6,,0.001268556637227,0.001268556637227,38199135.837669306,1,4,0.08
I3,I,6,,0.0003171391593067,0.0003171391593067,37014656.59704392,1,4,0.08
P1,P,7,-0.0020287764820315,-3.289889831225749e-05,-0.0020616753803437,20000000.0,1,4,0.08
P2,P,7,-0.0012969175829095,-0.0007473273346344,-0.0020442449175439,20000000.0,1,4,0.08
I1,I,7,,0.002537113274454,0.002537113274454,43545569.54603954,1,4,0.08
I2,I,7,,0.001268556637227,0.001268556637227,38029556.6366685,1,4,0.08
I3,I,7,,0.0003171391593067,0.0003171391593067,36874451.94813781,1,4,0.08
P1,P,8,-0.001878460533848,-0.0002354184763709,-0.0021138790102189,20000000.0,1,4,0.08
P2,P,8,-0.001124446583098,-0.0010633613620394,-0.0021878079451374,20000000.0,1,4,0.08
I1,I,8,,0.002537113274454,0.002537113274454,43005263.94872741,1,4,0.08
I2,I,8,,0.001268556637227,0.001268556637227,37490742.078006186,1,4,0.08
I3,I,8,,0.0003171391593067,0.0003171391593067,36352176.18236781,1,4,0.08
P1,P,9,-0.0016781724599232,-0.0004758540109369,-0.0021540264708601,20000000.0,1,4,0.08
P2,P,9,-0.0009705335151477,-0.0012940788310086,-0.0022646123461563,20000000.0,1,4,0.08
I1,I,9,,0.002537113274454,0.002537113274454,42205894.3056172,1,4,0.08
I2,I,9,,0.001268556637227,0.001268556637227,36711693.673267335,1,4,0.08
I3,I,9,,0.0003171391593067,0.0003171391593067,35577570.12298794,1,4,0.08
P1,P,10,-0.0014643094576086,-0.0006810809212336,-0.0021453903788422,20000000.0,1,4,0.08
P2,P,10,-0.0008392432726703,-0.0014541801932848,-0.0022934234659551,20000000.0,1,4,0.08
I1,I,10,,0.002537113274454,0.002537113274454,41329264.60072735,1,4,0.08
I2,I,10,,0.001268556637227,0.001268556637227,35861994.3869696,1,4,0.08
I3,I,10,,0.0003171391593067,0.0003171391593067,34726860.05859405,1,4,0.08
P1,P,11,-0.001276068329899,-0.0008398468820631,-0.0021159152119621,20000000.0,1,4,0.08
P2,P,11,-0.0007317386164968,-0.0015639706947241,-0.002295709311221,20000000.0,1,4,0.08
I1,I,11,,0.002537113274454,0.002537113274454,40485980.685732014,1,4,0.08
I2,I,11,,0.001268556637227,0.001268556637227,35047097.88673752,1,4,0.08
I3,I,11,,0.0003171391593067,0.0003171391593067,33908396.3005448,1,4,0.08
P1,P,12,-0.0011269770514279,-0.0009574427048788,-0.0020844197563067,20000000.0,1,4,0.08
P2,P,12,-0.0006449018369972,-0.0016401314555089,-0.0022850332925062,20000000.0,1,4,0.08
I1,I,12,,0.002537113274454,0.002537113274454,39719865.24533002,1,4,0.08
I2,I,12,,0.001268556637227,0.001268556637227,34309634.56287787,1,4,0.08
I3,I,12,,0.0003171391593067,0.0003171391593067,33165741.57370465,1,4,0.08
P1,P,13,-0.0010092992496604,-0.0010472530658538,-0.0020565523155142,20000000.0,1,4,0.08
P2,P,13,-0.0005746501990243,-0.0016946656976626,-0.0022693158966869,20000000.0,1,4,0.08
I1,I,13,,0.002537113274454,0.002537113274454,39042627.8646616,1,4,0.08
I2,I,13,,0.001268556637227,0.001268556637227,33660601.88981401,1,4,0.08
I3,I,13,,0.0003171391593067,0.0003171391593067,32510625.23068847,1,4,0.08
P1,P,14,-0.0009139985327797,-0.0011212565789888,-0.0020352551117686,20000000.0,1,4,0.08
P2,P,14,-0.000517265362422,-0.0017350845500976,-0.0022523499125196,20000000.0,1,4,0.08
I1,I,14,,0.002537113274454,0.002537113274454,38448917.944305554,1,4,0.08
I2,I,14,,0.001268556637227,0.001268556637227,33094318.36995389,1,4,0.08
I3,I,14,,0.0003171391593067,0.0003171391593067,31937774.3092436,1,4,0.08
P1,P,15,-0.000834534357411,-0.0011863031803173,-0.0020208375377284,20000000.0,1,4,0.08
P2,P,15,-0.0004697820924565,-0.0017657692534551,-0.0022355513459117,20000000.0,1,4,0.08
I1,I,15,,0.002537113274454,0.002537113274454,37927002.48129948,1,4,0.08
I2,I,15,,0.001268556637227,0.001268556637227,32598924.059474718,1,4,0.08
I3,I,15,,0.0003171391593067,0.0003171391593067,31435553.174999315,1,4,0.08
P1,P,16,-0.0007668067505914,-0.0012453257672271,-0.0020121325178186,20000000.0,1,4,0.08
P2,P,16,-0.0004299853175135,-0.0017893274463218,-0.0022193127638354,20000000.0,1,4,0.08
I1,I,16,,0.002537113274454,0.002537113274454,37465176.35583647,1,4,0.08
I2,I,16,,0.001268556637227,0.001268556637227,32162613.177389808,1,4,0.08
I3,I,16,,0.0003171391593067,0.0003171391593067,30992328.232575744,1,4,0.08
P1,P,17,-0.0007084196242464,-0.0012993580267388,-0.0020077776509853,20000000.0,1,4,0.08
P2,P,17,-0.0003962135757358,-0.0018074626467797,-0.0022036762225156,20000000.0,1,4,0.08
I1,I,17,,0.002537113274454,0.002537113274454,37053786.554719664,1,4,0.08
I2,I,17,,0.001268556637227,0.001268556637227,31775650.10044892,1,4,0.08
I3,I,17,,0.0003171391593067,0.0003171391593067,30598501.590124115,1,4,0.08
P1,P,18,-0.0006577436850314,-0.0013485918996041,-0.0020063355846355,20000000.0,1,4,0.08
P2,P,18,-0.000367244343971,-0.0018215201489818,-0.0021887644929529,20000000.0,1,4,0.08
I1,I,18,,0.002537113274454,0.002537113274454,36685617.76985858,1,4,0.08
I2,I,18,,0.001268556637227,0.001268556637227,31430721.26643848,1,4,0.08
I3,I,18,,0.0003171391593067,0.0003171391593067,30246891.995452967,1,4,0.08
P1,P,19,-0.0006135835697312,-0.0013933164112034,-0.0020068999809347,20000000.0,1,4,0.08
P2,P,19,-0.0003421538940932,-0.0018324952365994,-0.0021746491306926,20000000.0,1,4,0.08
I1,I,19,,0.002537113274454,0.002537113274454,36354971.34279216,1,4,0.08
I2,I,19,,0.001268556637227,0.001268556637227,31122098.266336016,1,4,0.08
I3,I,19,,0.0003171391593067,0.0003171391593067,29931848.63322026,1,4,0.08
P1,P,20,-0.0005748538935175,-0.0014340159373405,-0.002008869830858,20000000.0,1,4,0.08
P2,P,20,-0.0003202343630839,-0.0018411884413904,-0.0021614228044743,20000000.0,1,4,0.08
I1,I,20,,0.002537113274454,0.002537113274454,36056974.54945788,1,4,0.08
I2,I,20,,0.001268556637227,0.001268556637227,30844911.58929933,1,4,0.08
I3,I,20,,0.0003171391593067,0.0003171391593067,29648549.54351505,1,4,0.08
P1,P,21,-0.0005405883973666,-0.0014712339023697,-0.0020118222997364,20000000.0,1,4,0.08
P2,P,21,-0.0003009300740639,-0.0018482385314905,-0.0021491686055544,20000000.0,1,4,0.08
I1,I,21,,0.002537113274454,0.002537113274454,35787224.15270996,1,4,0.08
I2,I,21,,0.001268556637227,0.001268556637227,30594782.375063278,1,4,0.08
I3,I,21,,0.0003171391593067,0.0003171391593067,29392641.54001725,1,4,0.08
P1,P,22,-0.0005100031067244,-0.0015054305280193,-0.0020154336347437,20000000.0,1,4,0.08
P2,P,22,-0.000283800444198,-0.0018540381843786,-0.0021378386285766,20000000.0,1,4,0.08
I1,I,22,,0.002537113274454,0.002537113274454,35542000.65216275,1,4,0.08
I2,I,22,,0.001268556637227,0.001268556637227,30368053.14840482,1,4,0.08
I3,I,22,,0.0003171391593067,0.0003171391593067,29160462.855531663,1,4,0.08
P1,P,23,-0.0004824941443975,-0.0015368932320195,-0.002019387376417,20000000.0,1,4,0.08
P2,P,23,-0.000268499667573,-0.0018589157508625,-0.0021274154184356,20000000.0,1,4,0.08
I1,I,23,,0.002537113274454,0.002537113274454,35318270.2526067,1,4,0.08
I2,I,23,,0.001268556637227,0.001268556637227,30161750.498616017,1,4,0.08
I3,I,23,,0.0003171391593067,0.0003171391593067,28949034.236239985,1,4,0.08
P1,P,24,-0.0004575912248856,-0.0015658679683249,-0.0020234591932106,20000000.0,1,4,0.08
P2,P,24,-0.0002547521128109,-0.001863131951321,-0.0021178840641319,20000000.0,1,4,0.08
I1,I,24,,0.002537113274454,0.002537113274454,35113505.012330495,1,4,0.08
I2,I,24,,0.001268556637227,0.001268556637227,29973407.09339189,1,4,0.08
I3,I,24,,0.0003171391593067,0.0003171391593067,28755879.05572814,1,4,0.08
P1,P,25,-0.0004348966541641,-0.0015926537911287,-0.0020275504452929,20000000.0,1,4,0.08
P2,P,25,-0.0002423323164938,-0.0018668430532476,-0.0021091753697414,20000000.0,1,4,0.08
I1,I,25,,0.002537113274454,0.002537113274454,34925530.578999825,1,4,0.08
I2,I,25,,0.001268556637227,0.001268556637227,29800919.482514568,1,4,0.08
I3,I,25,,0.0003171391593067,0.0003171391593067,28578873.49391847,1,4,0.08
P1,P,26,-0.0004140422484258,-0.0016176054670897,-0.0020316477155155,20000000.0,1,4,0.08
P2,P,26,-0.0002310571988447,-0.001870129354607,-0.0021011865534518,20000000.0,1,4,0.08
I1,I,26,,0.002537113274454,0.002537113274454,34752408.18505532,1,4,0.08
I2,I,26,,0.001268556637227,0.001268556637227,29642426.646374244,1,4,0.08
I3,I,26,,0.0003171391593067,0.0003171391593067,28416128.723502547,1,4,0.08
P1,P,27,-0.0003947551946327,-0.0016409841119447,-0.0020357393065775,20000000.0,1,4,0.08
P2,P,27,-0.0002207765743967,-0.0018730392313572,-0.002093815805754,20000000.0,1,4,0.08
I1,I,27,,0.002537113274454,0.002537113274454,34592445.94685095,1,4,0.08
I2,I,27,,0.001268556637227,0.001268556637227,29496313.653177463,1,4,0.08
I3,I,27,,0.0003171391593067,0.0003171391593067,28266000.77510677,1,4,0.08
P1,P,28,-0.0003768112956112,-0.0016629646862822,-0.0020397759818935,20000000.0,1,4,0.08
P2,P,28,-0.0002113617326945,-0.0018756399158806,-0.0020870016485751,20000000.0,1,4,0.08
I1,I,28,,0.002537113274454,0.002537113274454,34444234.51550437,1,4,0.08
I2,I,28,,0.001268556637227,0.001268556637227,29361231.49423957,1,4,0.08
I3,I,28,,0.0003171391593067,0.0003171391593067,28127120.353856526,1,4,0.08
P1,P,29,-0.0003600472532502,-0.0016836534132378,-0.002043700666488,20000000.0,1,4,0.08
P2,P,29,-0.0002027081691248,-0.0018780075700248,-0.0020807157391496,20000000.0,1,4,0.08
I1,I,29,,0.002537113274454,0.002537113274454,34306585.4055294,1,4,0.08
I2,I,29,,0.001268556637227,0.001268556637227,29236039.360550128,1,4,0.08
I3,I,29,,0.0003171391593067,0.0003171391593067,27998332.78587613,1,4,0.08
P1,P,0,-0.0015720811192072,0.0,-0.0015720811192072,20000000.0,1,22,0.08
P2,P,0,-0.0020456794391153,0.0,-0.0020456794391153,20000000.0,1,22,0.08
I1,I,0,,0.0025489634769492,0.0025489634769492,40737336.52418451,1,22,0.08
I2,I,0,,0.0012744817384746,0.0012744817384746,36907864.37489945,1,22,0.08
I3,I,0,,,,,0,22,0.08
P1,P,1,-0.00146555334581,0.0,-0.00146555334581,20000000.0,1,22,0.08
P2,P,1,-0.0018583404707165,0.0,-0.0018583404707165,20000000.0,1,22,0.08
I1,I,1,,0.0025489634769492,0.0025489634769492,40716517.12553339,1,22,0.08
I2,I,1,,0.0012744817384746,0.0012744817384746,36871514.56920603,1,22,0.08
I3,I,1,,,,,0,22,0.08
P1,P,2,-0.0014583675412984,0.0,-0.0014583675412984,20000000.0,1,22,0.08
P2,P,2,-0.0018243794368514,0.0,-0.0018243794368514,20000000.0,1,22,0.08
I1,I,2,,0.0025489634769492,0.0025489634769492,41030170.78274961,1,22,0.08
I2,I,2,,0.0012744817384746,0.0012744817384746,37076582.07435061,1,22,0.08
I3,I,2,,,,,0,22,0.08
P1,P,3,-0.001476728960565,0.0,-0.001476728960565,20000000.0,1,22,0.08
P2,P,3,-0.0018347765388313,0.0,-0.0018347765388313,20000000.0,1,22,0.08
I1,I,3,,0.0025489634769492,0.0025489634769492,41260040.48518012,1,22,0.08
I2,I,3,,0.0012744817384746,0.0012744817384746,37234205.105875626,1,22,0.08
I3,I,3,,,,,0,22,0.08
P1,P,4,-0.0015025938892568,0.0,-0.0015025938892568,20000000.0,1,22,0.08
P2,P,4,-0.001861275218708,0.0,-0.001861275218708,20000000.0,1,22,0.08
I1,I,4,,0.0025489634769492,0.0025489634769492,41421588.45163897,1,22,0.08
I2,I,4,,0.0012744817384746,0.0012744817384746,37352270.47434701,1,22,0.08
I3,I,4,,,,,0,22,0.08
P1,P,5,-0.0016079543191365,0.0,-0.0016079543191365,20000000.0,1,22,0.08
P2,P,5,-0.001851368793364,-6.10967014569028e-05,-0.0019124654948209,20000000.0,1,22,0.08
I1,I,5,,0.0025489634769492,0.0025489634769492,41932557.776783936,1,22,0.08
I2,I,5,,0.0012744817384746,0.0012744817384746,37801803.51783549,1,22,0.08
I3,I,5,,,,,0,22,0.08
P1,P,6,-0.0016739275790878,0.0,-0.0016739275790878,20000000.0,1,22,0.08
P2,P,6,-0.0016155276118252,-0.0004179284925297,-0.002033456104355,20000000.0,1,22,0.08
I1,I,6,,0.0025489634769492,0.0025489634769492,41986993.93126722,1,22,0.08
I2,I,6,,0.0012744817384746,0.0012744817384746,37804205.47587562,1,22,0.08
I3,I,6,,,,,0,22,0.08
P1,P,7,-0.0016754371567521,-1.2633958804920996e-06,-0.0016767005526326,20000000.0,1,22,0.08
P2,P,7,-0.0013782825845674,-0.0008474879620148,-0.0022257705465822,20000000.0,1,22,0.08
I1,I,7,,0.0025489634769492,0.0025489634769492,41652224.503954,1,22,0.08
I2,I,7,,0.0012744817384746,0.0012744817384746,37423714.67360024,1,22,0.08
I3,I,7,,,,,0,22,0.08
P1,P,8,-0.0015710025417724,-6.12122374749467e-05,-0.0016322147792474,20000000.0,1,22,0.08
P2,P,8,-0.0011943874106479,-0.0011710413081304,-0.0023654287187783,20000000.0,1,22,0.08
I1,I,8,,0.0025489634769492,0.0025489634769492,41100964.29063333,1,22,0.08
I2,I,8,,0.0012744817384746,0.0012744817384746,36853888.86376619,1,22,0.08
I3,I,8,,,,,0,22,0.08
P1,P,9,-0.0014275124985587,-0.0002073366902852,-0.0016348491888439,20000000.0,1,22,0.08
P2,P,9,-0.0010445603323037,-0.0013919675362978,-0.0024365278686016,20000000.0,1,22,0.08
I1,I,9,,0.0025489634769492,0.0025489634769492,40394065.92975305,1,22,0.08
I2,I,9,,0.0012744817384746,0.0012744817384746,36158396.20034282,1,22,0.08
I3,I,9,,,,,0,22,0.08
P1,P,10,-0.0012888413800653,-0.0003544005496566,-0.001643241929722,20000000.0,1,22,0.08
P2,P,10,-0.0009167025221716,-0.0015393321344968,-0.0024560346566684,20000000.0,1,22,0.08
I1,I,10,,0.0025489634769492,0.0025489634769492,39615323.193316855,1,22,0.08
I2,I,10,,0.0012744817384746,0.0012744817384746,35407850.41321927,1,22,0.08
I3,I,10,,,,,0,22,0.08
P1,P,11,-0.0011506986478082,-0.0004725246020882,-0.0016232232498965,20000000.0,1,22,0.08
P2,P,11,-0.0008092101763628,-0.0016418915773712,-0.002451101753734,20000000.0,1,22,0.08
I1,I,11,,0.0025489634769492,0.0025489634769492,38868972.47921042,1,22,0.08
I2,I,11,,0.0012744817384746,0.0012744817384746,34693446.58185405,1,22,0.08
I3,I,11,,,,,0,22,0.08
P1,P,12,-0.001024447713092,-0.0005733739451593,-0.0015978216582513,20000000.0,1,22,0.08
P2,P,12,-0.0007202975246407,-0.0017172113435118,-0.0024375088681526,20000000.0,1,22,0.08
I1,I,12,,0.0025489634769492,0.0025489634769492,38195557.66651439,1,22,0.08
I2,I,12,,0.0012744817384746,0.0012744817384746,34052001.553555995,1,22,0.08
I3,I,12,,,,,0,22,0.08
P1,P,13,-0.0009207300107354,-0.0006577658989191,-0.0015784959096545,20000000.0,1,22,0.08
P2,P,13,-0.0006467880305259,-0.0017741588382287,-0.0024209468687547,20000000.0,1,22,0.08
I1,I,13,,0.0025489634769492,0.0025489634769492,37596342.300911486,1,22,0.08
I2,I,13,,0.0012744817384746,0.0012744817384746,33484371.159519847,1,22,0.08
I3,I,13,,,,,0,22,0.08
P1,P,14,-0.0008365678546255,-0.0007265158055868,-0.0015630836602124,20000000.0,1,22,0.08
P2,P,14,-0.0005856663597888,-0.0018185500964914,-0.0024042164562803,20000000.0,1,22,0.08
I1,I,14,,0.0025489634769492,0.0025489634769492,37066885.24866162,1,22,0.08
I2,I,14,,0.0012744817384746,0.0012744817384746,32985549.30022436,1,22,0.08
I3,I,14,,,,,0,22,0.08
P1,P,15,-0.0007665000584458,-0.0007838269086375,-0.0015503269670834,20000000.0,1,22,0.08
P2,P,15,-0.0005345019099318,-0.0018546557250174,-0.0023891576349492,20000000.0,1,22,0.08
I1,I,15,,0.0025489634769492,0.0025489634769492,36600620.25215713,1,22,0.08
I2,I,15,,0.0012744817384746,0.0012744817384746,32548453.042005945,1,22,0.08
I3,I,15,,,,,0,22,0.08
P1,P,16,-0.0007068276998151,-0.0008339715610973,-0.0015407992609124,20000000.0,1,22,0.08
P2,P,16,-0.0004912841681287,-0.0018847235555258,-0.0023760077236545,20000000.0,1,22,0.08
I1,I,16,,0.0025489634769492,0.0025489634769492,36188399.459844194,1,22,0.08
I2,I,16,,0.0012744817384746,0.0012744817384746,32163889.66381462,1,22,0.08
I3,I,16,,,,,0,22,0.08
P1,P,17,-0.0006551073383183,-0.0008797952384302,-0.0015349025767486,20000000.0,1,22,0.08
P2,P,17,-0.0004543486772149,-0.001909860857701,-0.0023642095349159,20000000.0,1,22,0.08
I1,I,17,,0.0025489634769492,0.0025489634769492,35820323.57354137,1,22,0.08
I2,I,17,,0.0012744817384746,0.0012744817384746,31822137.398384158,1,22,0.08
I3,I,17,,,,,0,22,0.08
P1,P,18,-0.0006095964110021,-0.0009225107118915,-0.0015321071228936,20000000.0,1,22,0.08
P2,P,18,-0.0004224172988482,-0.001930741474674,-0.0023531587735222,20000000.0,1,22,0.08
I1,I,18,,0.0025489634769492,0.0025489634769492,35488347.07790531,1,22,0.08
I2,I,18,,0.0012744817384746,0.0012744817384746,31515288.7794228,1,22,0.08
I3,I,18,,,,,0,22,0.08
P1,P,19,-0.0005692022119588,-0.0009625264248228,-0.0015317286367816,20000000.0,1,22,0.08
P2,P,19,-0.0003945491064904,-0.0019478862738136,-0.0023424353803041,20000000.0,1,22,0.08
I1,I,19,,0.0025489634769492,0.0025489634769492,35186729.72037882,1,22,0.08
I2,I,19,,0.0012744817384746,0.0012744817384746,31237660.3234122,1,22,0.08
I3,I,19,,,,,0,22,0.08
P1,P,20,-0.0005332453227406,-0.0009999133627922,-0.0015331586855328,20000000.0,1,22,0.08
P2,P,20,-0.0003700304934096,-0.0019617857018326,-0.0023318161952422,20000000.0,1,22,0.08
I1,I,20,,0.0025489634769492,0.0025489634769492,34911512.89908688,1,22,0.08
I2,I,20,,0.0012744817384746,0.0012744817384746,30985319.989569627,1,22,0.08
I3,I,20,,,,,0,22,0.08
P1,P,21,-0.0005012695073359,-0.001034802302167,-0.0015360718095029,20000000.0,1,22,0.08
P2,P,21,-0.0003482928300314,-0.001973000285079,-0.0023212931151105,20000000.0,1,22,0.08
I1,I,21,,0.0025489634769492,0.0025489634769492,34659283.66495,1,22,0.08
I2,I,21,,0.0012744817384746,0.0012744817384746,30754876.249846943,1,22,0.08
I3,I,21,,,,,0,22,0.08
P1,P,22,-0.0004727520644193,-0.0010672355470435,-0.0015399876114628,20000000.0,1,22,0.08
P2,P,22,-0.0003288842772242,-0.0019820755220952,-0.0023109597993194,20000000.0,1,22,0.08
I1,I,22,,0.0025489634769492,0.0025489634769492,34427384.35641912,1,22,0.08
I2,I,22,,0.0012744817384746,0.0012744817384746,30543672.9097296,1,22,0.08
I3,I,22,,,,,0,22,0.08
P1,P,23,-0.0004678787083651,-0.0011605853465325,-0.0016284640548977,20000000.0,1,22,0.08
P2,P,23,-0.0003253831894131,-0.00210942020217,-0.0024348033915832,20000000.0,1,22,0.08
I1,I,23,,0.0025489634769492,0.0025489634769492,34695158.07238474,1,22,0.08
I2,I,23,,0.0012744817384746,0.0012744817384746,30803504.070869435,1,22,0.08
I3,I,23,,0.0003186204346186,0.0003186204346186,29142648.666137837,1,22,0.08
P1,P,24,-0.0004505168745553,-0.0012134645082721,-0.0016639813828275,20000000.0,1,22,0.08
P2,P,24,-0.0003127929457167,-0.0021551145312258,-0.0024679074769426,20000000.0,1,22,0.08
I1,I,24,,0.0025489634769492,0.0025489634769492,34598027.322580874,1,22,0.08
I2,I,24,,0.0012744817384746,0.0012744817384746,30716354.774109323,1,22,0.08
I3,I,24,,0.0003186204346186,0.0003186204346186,29011799.254449066,1,22,0.08
P1,P,25,-0.0004298674007132,-0.0012484321990084,-0.0016782995997216,20000000.0,1,22,0.08
P2,P,25,-0.0002981496051409,-0.0021737735177038,-0.0024719231228447,20000000.0,1,22,0.08
I1,I,25,,0.0025489634769492,0.0025489634769492,34433868.64233171,1,22,0.08
I2,I,25,,0.0012744817384746,0.0012744817384746,30568103.83784509,1,22,0.08
I3,I,25,,0.0003186204346186,0.0003186204346186,28845796.59941508,1,22,0.08
P1,P,26,-0.0004096986689185,-0.0012761992127924,-0.0016858978817109,20000000.0,1,22,0.08
P2,P,26,-0.0002839041959214,-0.0021831687885677,-0.0024670729844892,20000000.0,1,22,0.08
I1,I,26,,0.0025489634769492,0.0025489634769492,34260550.75212517,1,22,0.08
I2,I,26,,0.0012744817384746,0.0012744817384746,30411426.264983226,1,22,0.08
I3,I,26,,0.0003186204346186,0.0003186204346186,28675423.70743558,1,22,0.08
P1,P,27,-0.0003910068799602,-0.0013004671511453,-0.0016914740311056,20000000.0,1,22,0.08
P2,P,27,-0.0002707209875809,-0.0021890760778198,-0.0024597970654008,20000000.0,1,22,0.08
I1,I,27,,0.0025489634769492,0.0025489634769492,34094030.917521335,1,22,0.08
I2,I,27,,0.0012744817384746,0.0012744817384746,30261090.14977644,1,22,0.08
I3,I,27,,0.0003186204346186,0.0003186204346186,28514002.632012293,1,22,0.08
P1,P,28,-0.00037389348296,-0.0013224720808156,-0.0016963655637757,20000000.0,1,22,0.08
P2,P,28,-0.0002586548280323,-0.0021935566255364,-0.0024522114535687,20000000.0,1,22,0.08
I1,I,28,,0.0025489634769492,0.0025489634769492,33938209.546776205,1,22,0.08
I2,I,28,,0.0012744817384746,0.0012744817384746,30120670.232122857,1,22,0.08
I3,I,28,,0.0003186204346186,0.0003186204346186,28364295.4889442,1,22,0.08
P1,P,29,-0.0003582164346271,-0.001342709805938,-0.0017009262405652,20000000.0,1,22,0.08
P2,P,29,-0.000247588858538,-0.0021974017997264,-0.0024449906582644,20000000.0,1,22,0.08
I1,I,29,,0.0025489634769492,0.0025489634769492,33793309.39075681,1,22,0.08
I2,I,29,,0.0012744817384746,0.0012744817384746,29990326.59281771,1,22,0.08
I3,I,29,,0.0003186204346186,0.0003186204346186,28225969.381622262,1,22,0.08
P1,P,0,-0.001502931961175,0.0,-0.001502931961175,20000000.0,1,13,0.08
P2,P,0,-0.0020023545526546,0.0,-0.0020023545526546,20000000.0,1,13,0.08
I1,I,0,,0.0025485462358361,0.0025485462358361,40240226.46979291,1,13,0.08
I2,I,0,,0.001274273117918,0.001274273117918,36032302.539238185,1,13,0.08
I3,I,0,,,,,0,13,0.08
P1,P,1,-0.0014027404331138,0.0,-0.0014027404331138,20000000.0,1,13,0.08
P2,P,1,-0.0018277202780569,0.0,-0.0018277202780569,20000000.0,1,13,0.08
I1,I,1,,0.0025485462358361,0.0025485462358361,40307697.48178841,1,13,0.08
I2,I,1,,0.001274273117918,0.001274273117918,36138522.32116129,1,13,0.08
I3,I,1,,,,,0,13,0.08
P1,P,2,-0.0013991812202747,0.0,-0.0013991812202747,20000000.0,1,13,0.08
P2,P,2,-0.0018021138295349,0.0,-0.0018021138295349,20000000.0,1,13,0.08
I1,I,2,,0.0025485462358361,0.0025485462358361,40666139.16845726,1,13,0.08
I2,I,2,,0.001274273117918,0.001274273117918,36395292.473084494,1,13,0.08
I3,I,2,,,,,0,13,0.08
P1,P,3,-0.0014199533703172,0.0,-0.0014199533703172,20000000.0,1,13,0.08
P2,P,3,-0.0018185740910757,0.0,-0.0018185740910757,20000000.0,1,13,0.08
I1,I,3,,0.0025485462358361,0.0025485462358361,40933385.04431246,1,13,0.08
I2,I,3,,0.001274273117918,0.001274273117918,36589748.2157892,1,13,0.08
I3,I,3,,,,,0,13,0.08
P1,P,4,-0.0014477118809951,0.0,-0.0014477118809951,20000000.0,1,13,0.08
P2,P,4,-0.0018499033327026,0.0,-0.0018499033327026,20000000.0,1,13,0.08
I1,I,4,,0.0025485462358361,0.0025485462358361,41127424.82099264,1,13,0.08
I2,I,4,,0.001274273117918,0.001274273117918,36738321.9039717,1,13,0.08
I3,I,4,,,,,0,13,0.08
P1,P,5,-0.0015617140578939,0.0,-0.0015617140578939,20000000.0,1,13,0.08
P2,P,5,-0.0018368896491197,-6.938002549915212e-05,-0.0019062696746189,20000000.0,1,13,0.08
I1,I,5,,0.0025485462358361,0.0025485462358361,41755943.62059996,1,13,0.08
I2,I,5,,0.001274273117918,0.001274273117918,37299602.80302484,1,13,0.08
I3,I,5,,,,,0,13,0.08
P1,P,6,-0.001633973840445,0.0,-0.001633973840445,20000000.0,1,13,0.08
P2,P,6,-0.0015944867793821,-0.0004554604247962,-0.0020499472041783,20000000.0,1,13,0.08
I1,I,6,,0.0025485462358361,0.0025485462358361,41876192.82809868,1,13,0.08
I2,I,6,,0.001274273117918,0.001274273117918,37358546.08104348,1,13,0.08
I3,I,6,,,,,0,13,0.08
P1,P,7,-0.0016447005370732,-8.87953707379854e-07,-0.0016455884907806,20000000.0,1,13,0.08
P2,P,7,-0.0013547362668291,-0.0008988297103033,-0.0022535659771324,20000000.0,1,13,0.08
I1,I,7,,0.0025485462358361,0.0025485462358361,41568363.71906318,1,13,0.08
I2,I,7,,0.001274273117918,0.001274273117918,37002080.01359473,1,13,0.08
I3,I,7,,,,,0,13,0.08
P1,P,8,-0.0015545264994916,-6.396646111670897e-05,-0.0016184929606083,20000000.0,1,13,0.08
P2,P,8,-0.0011693686331407,-0.0012273293002777,-0.0023966979334184,20000000.0,1,13,0.08
I1,I,8,,0.0025485462358361,0.0025485462358361,40999707.09206741,1,13,0.08
I2,I,8,,0.001274273117918,0.001274273117918,36418473.83887954,1,13,0.08
I3,I,8,,,,,0,13,0.08
P1,P,9,-0.0014215545698596,-0.0002028903021689,-0.0016244448720286,20000000.0,1,13,0.08
P2,P,9,-0.0010217187964843,-0.0014442592062136,-0.002465978002698,20000000.0,1,13,0.08
I1,I,9,,0.0025485462358361,0.0025485462358361,40268116.83192733,1,13,0.08
I2,I,9,,0.001274273117918,0.001274273117918,35702662.80249941,1,13,0.08
I3,I,9,,,,,0,13,0.08
P1,P,10,-0.0012811755087175,-0.0003254015506742,-0.0016065770593917,20000000.0,1,13,0.08
P2,P,10,-0.0009008505295365,-0.0015879025753459,-0.0024887531048824,20000000.0,1,13,0.08
I1,I,10,,0.0025485462358361,0.0025485462358361,39508270.19826715,1,13,0.08
I2,I,10,,0.001274273117918,0.001274273117918,34970707.14940921,1,13,0.08
I3,I,10,,,,,0,13,0.08
P1,P,11,-0.0011421524440271,-0.0004361839701018,-0.0015783364141289,20000000.0,1,13,0.08
P2,P,11,-0.0008011898878486,-0.0016877990390418,-0.0024889889268905,20000000.0,1,13,0.08
I1,I,11,,0.0025485462358361,0.0025485462358361,38792623.487144604,1,13,0.08
I2,I,11,,0.001274273117918,0.001274273117918,34286452.89775098,1,13,0.08
I3,I,11,,,,,0,13,0.08
P1,P,12,-0.0010157987980037,-0.00053792360599,-0.0015537224039938,20000000.0,1,13,0.08
P2,P,12,-0.000718647493849,-0.0017604877954442,-0.0024791352892933,20000000.0,1,13,0.08
I1,I,12,,0.0025485462358361,0.0025485462358361,38141746.59834476,1,13,0.08
I2,I,12,,0.001274273117918,0.001274273117918,33668181.51944137,1,13,0.08
I3,I,12,,,,,0,13,0.08
P1,P,13,-0.0009115960469154,-0.0006204348851353,-0.0015320309320508,20000000.0,1,13,0.08
P2,P,13,-0.00065004677677,-0.0018159035669636,-0.0024659503437337,20000000.0,1,13,0.08
I1,I,13,,0.0025485462358361,0.0025485462358361,37561546.86271836,1,13,0.08
I2,I,13,,0.001274273117918,0.001274273117918,33120168.49364581,1,13,0.08
I3,I,13,,,,,0,13,0.08
P1,P,14,-0.0008555060771735,-0.0007209878095321,-0.0015764938867057,20000000.0,1,13,0.08
P2,P,14,-0.0006109668703896,-0.0019588794456303,-0.0025698463160199,20000000.0,1,13,0.08
I1,I,14,,0.0025485462358361,0.0025485462358361,37576862.579039,1,13,0.08
I2,I,14,,0.001274273117918,0.001274273117918,33138823.24281963,1,13,0.08
I3,I,14,,0.0003185682794795,0.0003185682794795,32340807.15174607,1,13,0.08
P1,P,15,-0.0007973231879625,-0.0007992104065689,-0.0015965335945314,20000000.0,1,13,0.08
P2,P,15,-0.0005689900926022,-0.0020420392000776,-0.0026110292926799,20000000.0,1,13,0.08
I1,I,15,,0.0025485462358361,0.0025485462358361,37276516.3891562,1,13,0.08
I2,I,15,,0.001274273117918,0.001274273117918,32854226.2727493,1,13,0.08
I3,I,15,,0.0003185682794795,0.0003185682794795,32003742.661223352,1,13,0.08
P1,P,16,-0.0007402120803629,-0.0008607728685271,-0.0016009849488901,20000000.0,1,13,0.08
P2,P,16,-0.0005284078132367,-0.0020949056531923,-0.002623313466429,20000000.0,1,13,0.08
I1,I,16,,0.0025485462358361,0.0025485462358361,36916019.02916354,1,13,0.08
I2,I,16,,0.001274273117918,0.001274273117918,32517768.84386561,1,13,0.08
I3,I,16,,0.0003185682794795,0.0003185682794795,31644866.80127165,1,13,0.08
P1,P,17,-0.0006865592547088,-0.0009136932058469,-0.0016002524605558,20000000.0,1,13,0.08
P2,P,17,-0.0004911515868144,-0.0021314323239769,-0.0026225839107913,20000000.0,1,13,0.08
I1,I,17,,0.0025485462358361,0.0025485462358361,36552111.9371734,1,13,0.08
I2,I,17,,0.001274273117918,0.001274273117918,32180183.41609605,1,13,0.08
I3,I,17,,0.0003185682794795,0.0003185682794795,31290135.174680337,1,13,0.08
P1,P,18,-0.0006372922749564,-0.0009626571771258,-0.0015999494520822,20000000.0,1,13,0.08
P2,P,18,-0.0004576145989231,-0.0021579912486559,-0.0026156058475791,20000000.0,1,13,0.08
I1,I,18,,0.0025485462358361,0.0025485462358361,36202819.59107264,1,13,0.08
I2,I,18,,0.001274273117918,0.001274273117918,31857785.739103533,1,13,0.08
I3,I,18,,0.0003185682794795,0.0003185682794795,30953293.0200235,1,13,0.08
P1,P,19,-0.000592619307394,-0.0010092339326019,-0.001601853239996,20000000.0,1,13,0.08
P2,P,19,-0.000427600185863,-0.0021776325400528,-0.0026052327259158,20000000.0,1,13,0.08
I1,I,19,,0.0025485462358361,0.0025485462358361,35873254.60766089,1,13,0.08
I2,I,19,,0.001274273117918,0.001274273117918,31554990.2371152,1,13,0.08
I3,I,19,,0.0003185682794795,0.0003185682794795,30637647.69636025,1,13,0.08
P1,P,20,-0.0005524307560815,-0.001053449015924,-0.0016058797720055,20000000.0,1,13,0.08
P2,P,20,-0.0004007834276379,-0.0021920645827895,-0.0025928480104275,20000000.0,1,13,0.08
I1,I,20,,0.0025485462358361,0.0025485462358361,35564705.111471795,1,13,0.08
I2,I,20,,0.001274273117918,0.001274273117918,31272666.50480172,1,13,0.08
I3,I,20,,0.0003185682794795,0.0003185682794795,30343577.62367901,1,13,0.08
P1,P,21,-0.0005165205408515,-0.0010950433086161,-0.0016115638494677,20000000.0,1,13,0.08
P2,P,21,-0.0003767464076959,-0.0022026168322592,-0.0025793632399552,20000000.0,1,13,0.08
I1,I,21,,0.0025485462358361,0.0025485462358361,35277002.81315862,1,13,0.08
I2,I,21,,0.001274273117918,0.001274273117918,31010353.82985976,1,13,0.08
I3,I,21,,0.0003185682794795,0.0003185682794795,30070401.612762965,1,13,0.08
P1,P,22,-0.0004845497747904,-0.0011336924754464,-0.0016182422502368,20000000.0,1,13,0.08
P2,P,22,-0.0003551363945592,-0.0022103149146727,-0.0025654513092319,20000000.0,1,13,0.08
I1,I,22,,0.0025485462358361,0.0025485462358361,35009706.263370566,1,13,0.08
I2,I,22,,0.001274273117918,0.001274273117918,30767403.894432686,1,13,0.08
I3,I,22,,0.0003185682794795,0.0003185682794795,29817372.54734221,1,13,0.08
P1,P,23,-0.0004561160185362,-0.0011693132812472,-0.0016254292997835,20000000.0,1,13,0.08
P2,P,23,-0.0003356878400778,-0.0022159156051294,-0.0025516034452072,20000000.0,1,13,0.08
I1,I,23,,0.0025485462358361,0.0025485462358361,34762141.53192085,1,13,0.08
I2,I,23,,0.001274273117918,0.001274273117918,30543023.405736905,1,13,0.08
I3,I,23,,0.0003185682794795,0.0003185682794795,29583643.35885182,1,13,0.08
P1,P,24,-0.000430822825275,-0.0012020156260403,-0.0016328384513154,20000000.0,1,13,0.08
P2,P,24,-0.0003181652923279,-0.0022199139950029,-0.0025380792873309,20000000.0,1,13,0.08
I1,I,24,,0.0025485462358361,0.0025485462358361,34533553.57820458,1,13,0.08
I2,I,24,,0.001274273117918,0.001274273117918,30336426.215390496,1,13,0.08
I3,I,24,,0.0003185682794795,0.0003185682794795,29368370.75482489,1,13,0.08
P1,P,25,-0.0004082735154769,-0.0012319753154921,-0.001640248830969,20000000.0,1,13,0.08
P2,P,25,-0.0003023459642238,-0.0022228592633757,-0.0025252052275995,20000000.0,1,13,0.08
I1,I,25,,0.0025485462358361,0.0025485462358361,34322701.16904081,1,13,0.08
I2,I,25,,0.001274273117918,0.001274273117918,30146344.121014744,1,13,0.08
I3,I,25,,0.0003185682794795,0.0003185682794795,29170255.45466049,1,13,0.08
P1,P,26,-0.0003880905988368,-0.0012593973564171,-0.0016474879552539,20000000.0,1,13,0.08
P2,P,26,-0.0002879929818216,-0.0022251749262279,-0.0025131679080496,20000000.0,1,13,0.08
I1,I,26,,0.0025485462358361,0.0025485462358361,34128110.12832604,1,13,0.08
I2,I,26,,0.001274273117918,0.001274273117918,29971317.729581192,1,13,0.08
I3,I,26,,0.0003185682794795,0.0003185682794795,28987801.260031197,1,13,0.08
P1,P,27,-0.000369937614773,-0.0012844763206884,-0.0016544139354614,20000000.0,1,13,0.08
P2,P,27,-0.000274903464615,-0.002227159809846,-0.0025020632744611,20000000.0,1,13,0.08
I1,I,27,,0.0025485462358361,0.0025485462358361,33948276.357680224,1,13,0.08
I2,I,27,,0.001274273117918,0.001274273117918,29809887.859753832,1,13,0.08
I3,I,27,,0.0003185682794795,0.0003185682794795,28819506.446471643,1,13,0.08
P1,P,28,-0.0003535155321117,-0.0013074196716262,-0.001660935203738,20000000.0,1,13,0.08
P2,P,28,-0.0002629086124779,-0.0022290127745142,-0.0024919213869922,20000000.0,1,13,0.08
I1,I,28,,0.0025485462358361,0.0025485462358361,33781754.014449686,1,13,0.08
I2,I,28,,0.001274273117918,0.001274273117918,29660673.01849272,1,13,0.08
I3,I,28,,0.0003185682794795,0.0003185682794795,28663942.164000347,1,13,0.08
P1,P,29,-0.0003385732445628,-0.001328452798343,-0.0016670260429058,20000000.0,1,13,0.08
P2,P,29,-0.0002518649638196,-0.0022308402853708,-0.0024827052491904,20000000.0,1,13,0.08
I1,I,29,,0.0025485462358361,0.0025485462358361,33627196.40102543,1,13,0.08
I2,I,29,,0.001274273117918,0.001274273117918,29522399.274780944,1,13,0.08
I3,I,29,,0.0003185682794795,0.0003185682794795,28519787.68445919,1,13,0.08
P1,P,0,-0.0016295700630996,0.0,-0.0016295700630996,20000000.0,1,15,0.08
P2,P,0,-0.0018789112006896,0.0,-0.0018789112006896,20000000.0,1,15,0.08
I1,I,0,,0.0025446512317736,0.0025446512317736,39558476.66180045,1,15,0.08
I2,I,0,,0.0012723256158868,0.0012723256158868,36187947.3853632,1,15,0.08
I3,I,0,,,,,0,15,0.08
P1,P,1,-0.0015037297212479,0.0,-0.0015037297212479,20000000.0,1,15,0.08
P2,P,1,-0.0017376498209905,0.0,-0.0017376498209905,20000000.0,1,15,0.08
I1,I,1,,0.0025446512317736,0.0025446512317736,39752079.02448722,1,15,0.08
I2,I,1,,0.0012723256158868,0.0012723256158868,36270560.113399886,1,15,0.08
I3,I,1,,,,,0,15,0.08
P1,P,2,-0.0014938553095941,0.0,-0.0014938553095941,20000000.0,1,15,0.08
P2,P,2,-0.0017219530915438,0.0,-0.0017219530915438,20000000.0,1,15,0.08
I1,I,2,,0.0025446512317736,0.0025446512317736,40139187.52933325,1,15,0.08
I2,I,2,,0.0012723256158868,0.0012723256158868,36529639.37272766,1,15,0.08
I3,I,2,,,,,0,15,0.08
P1,P,3,-0.0015137680521883,0.0,-0.0015137680521883,20000000.0,1,15,0.08
P2,P,3,-0.0017402084668315,0.0,-0.0017402084668315,20000000.0,1,15,0.08
I1,I,3,,0.0025446512317736,0.0025446512317736,40412392.48868612,1,15,0.08
I2,I,3,,0.0012723256158868,0.0012723256158868,36724475.89073299,1,15,0.08
I3,I,3,,,,,0,15,0.08
P1,P,4,-0.001542344972047,0.0,-0.001542344972047,20000000.0,1,15,0.08
P2,P,4,-0.0017702247289577,0.0,-0.0017702247289577,20000000.0,1,15,0.08
I1,I,4,,0.0025446512317736,0.0025446512317736,40605982.65977564,1,15,0.08
I2,I,4,,0.0012723256158868,0.0012723256158868,36871824.16494244,1,15,0.08
I3,I,4,,,,,0,15,0.08
P1,P,5,-0.0016596579620495,0.0,-0.0016596579620495,20000000.0,1,15,0.08
P2,P,5,-0.0017698855824358,-5.630900295006837e-05,-0.0018261945853858,20000000.0,1,15,0.08
I1,I,5,,0.0025446512317736,0.0025446512317736,41214262.0541687,1,15,0.08
I2,I,5,,0.0012723256158868,0.0012723256158868,37416355.25521222,1,15,0.08
I3,I,5,,,,,0,15,0.08
P1,P,6,-0.001737181548249,0.0,-0.001737181548249,20000000.0,1,15,0.08
P2,P,6,-0.0015361719105388,-0.0003981652431978,-0.0019343371537366,20000000.0,1,15,0.08
I1,I,6,,0.0025446512317736,0.0025446512317736,41350632.46403715,1,15,0.08
I2,I,6,,0.0012723256158868,0.0012723256158868,37501496.16057668,1,15,0.08
I3,I,6,,,,,0,15,0.08
P1,P,7,-0.001742336528992,-2.2816116799983677e-06,-0.001744618140672,20000000.0,1,15,0.08
P2,P,7,-0.0013092291734449,-0.000811945466088,-0.002121174639533,20000000.0,1,15,0.08
I1,I,7,,0.0025446512317736,0.0025446512317736,41087605.3803234,1,15,0.08
I2,I,7,,0.0012723256158868,0.0012723256158868,37195157.57248188,1,15,0.08
I3,I,7,,,,,0,15,0.08
P1,P,8,-0.0016234950952658,-8.581562347959356e-05,-0.0017093107187454,20000000.0,1,15,0.08
P2,P,8,-0.0011349303595149,-0.0011298085526952,-0.0022647389122101,20000000.0,1,15,0.08
I1,I,8,,0.0025446512317736,0.0025446512317736,40577733.29952254,1,15,0.08
I2,I,8,,0.0012723256158868,0.0012723256158868,36670371.43180932,1,15,0.08
I3,I,8,,,,,0,15,0.08
P1,P,9,-0.0014634044291892,-0.0002690951917189,-0.0017324996209081,20000000.0,1,15,0.08
P2,P,9,-0.0009901878875612,-0.0013500563472873,-0.0023402442348485,20000000.0,1,15,0.08
I1,I,9,,0.0025446512317736,0.0025446512317736,39862713.26967555,1,15,0.08
I2,I,9,,0.0012723256158868,0.0012723256158868,35971591.146797895,1,15,0.08
I3,I,9,,,,,0,15,0.08
P1,P,10,-0.0013116511766315,-0.000442872415513,-0.0017545235921446,20000000.0,1,15,0.08
P2,P,10,-0.0008657185509143,-0.0014945743302551,-0.0023602928811695,20000000.0,1,15,0.08
I1,I,10,,0.0025446512317736,0.0025446512317736,39042852.23357176,1,15,0.08
I2,I,10,,0.0012723256158868,0.0012723256158868,35185306.16742262,1,15,0.08
I3,I,10,,,,,0,15,0.08
P1,P,11,-0.0011742873492253,-0.000575179536471,-0.0017494668856964,20000000.0,1,15,0.08
P2,P,11,-0.0007611577484432,-0.0015883494877007,-0.0023495072361439,20000000.0,1,15,0.08
I1,I,11,,0.0025446512317736,0.0025446512317736,38233423.32987718,1,15,0.08
I2,I,11,,0.0012723256158868,0.0012723256158868,34414806.13042056,1,15,0.08
I3,I,11,,,,,0,15,0.08
P1,P,12,-0.0010498383377986,-0.0006706014216877,-0.0017204397594864,20000000.0,1,15,0.08
P2,P,12,-0.0006762030678053,-0.0016536873312441,-0.0023298903990494,20000000.0,1,15,0.08
I1,I,12,,0.0025446512317736,0.0025446512317736,37512114.80973449,1,15,0.08
I2,I,12,,0.0012723256158868,0.0012723256158868,33731016.37468537,1,15,0.08
I3,I,12,,,,,0,15,0.08
P1,P,13,-0.000946859518596,-0.0007454183075202,-0.0016922778261163,20000000.0,1,15,0.08
P2,P,13,-0.0006076216087106,-0.0017030033762577,-0.0023106249849683,20000000.0,1,15,0.08
I1,I,13,,0.0025446512317736,0.0025446512317736,36888839.877645575,1,15,0.08
I2,I,13,,0.0012723256158868,0.0012723256158868,33143021.72493861,1,15,0.08
I3,I,13,,,,,0,15,0.08
P1,P,14,-0.0008643597503406,-0.0008078198182007,-0.0016721795685413,20000000.0,1,15,0.08
P2,P,14,-0.000551466880284,-0.0017419065713185,-0.0022933734516025,20000000.0,1,15,0.08
I1,I,14,,0.0025446512317736,0.0025446512317736,36347662.698976144,1,15,0.08
I2,I,14,,0.0012723256158868,0.0012723256158868,32635325.17928044,1,15,0.08
I3,I,14,,,,,0,15,0.08
P1,P,15,-0.0007956267367185,-0.0008625248363545,-0.0016581515730731,20000000.0,1,15,0.08
P2,P,15,-0.0005047695068302,-0.0017732155773932,-0.0022779850842234,20000000.0,1,15,0.08
I1,I,15,,0.0025446512317736,0.0025446512317736,35873554.56871348,1,15,0.08
I2,I,15,,0.0012723256158868,0.0012723256158868,32192999.266509145,1,15,0.08
I3,I,15,,,,,0,15,0.08
P1,P,16,-0.000763721349791,-0.0009617414815616,-0.0017254628313527,20000000.0,1,15,0.08
P2,P,16,-0.0004815373876311,-0.0018969311572545,-0.0023784685448856,20000000.0,1,15,0.08
I1,I,16,,0.0025446512317736,0.0025446512317736,35971741.504515216,1,15,0.08
I2,I,16,,0.0012723256158868,0.0012723256158868,32289604.325985026,1,15,0.08
I3,I,16,,0.0003180814039717,0.0003180814039717,31222393.85080784,1,15,0.08
P1,P,17,-0.0007193557400998,-0.0010372380125527,-0.0017565937526525,20000000.0,1,15,0.08
P2,P,17,-0.0004531646856366,-0.0019601183336357,-0.0024132830192724,20000000.0,1,15,0.08
I1,I,17,,0.0025446512317736,0.0025446512317736,35734859.129274085,1,15,0.08
I2,I,17,,0.0012723256158868,0.0012723256158868,32069941.61795653,1,15,0.08
I3,I,17,,0.0003180814039717,0.0003180814039717,30949452.109480936,1,15,0.08
P1,P,18,-0.0006709318324088,-0.0010979015729787,-0.0017688334053876,20000000.0,1,15,0.08
P2,P,18,-0.0004244860936259,-0.0019954865673488,-0.0024199726609747,20000000.0,1,15,0.08
I1,I,18,,0.0025446512317736,0.0025446512317736,35432047.61338802,1,15,0.08
I2,I,18,,0.0012723256158868,0.0012723256158868,31791405.540922716,1,15,0.08
I3,I,18,,0.0003180814039717,0.0003180814039717,30647841.07915597,1,15,0.08
P1,P,19,-0.0006243107709002,-0.0011507413525802,-0.0017750521234804,20000000.0,1,15,0.08
P2,P,19,-0.0003976458562465,-0.0020172659613543,-0.0024149118176009,20000000.0,1,15,0.08
I1,I,19,,0.0025446512317736,0.0025446512317736,35122121.96232662,1,15,0.08
I2,I,19,,0.0012723256158868,0.0012723256158868,31506985.675319795,1,15,0.08
I3,I,19,,0.0003180814039717,0.0003180814039717,30345879.109085727,1,15,0.08
P1,P,20,-0.0005817709007623,-0.0011983406085845,-0.0017801115093468,20000000.0,1,15,0.08
P2,P,20,-0.0003732386658453,-0.0020316470583167,-0.0024048857241621,20000000.0,1,15,0.08
I1,I,20,,0.0025446512317736,0.0025446512317736,34824660.85621464,1,15,0.08
I2,I,20,,0.0012723256158868,0.0012723256158868,31234745.902437422,1,15,0.08
I3,I,20,,0.0003180814039717,0.0003180814039717,30059198.071835976,1,15,0.08
P1,P,21,-0.0005436878942735,-0.0012415553873304,-0.0017852432816039,20000000.0,1,15,0.08
P2,P,21,-0.0003512757261689,-0.0020417128688378,-0.0023929885950067,20000000.0,1,15,0.08
I1,I,21,,0.0025446512317736,0.0025446512317736,34546330.13678538,1,15,0.08
I2,I,21,,0.0012723256158868,0.0012723256158868,30980724.02997748,1,15,0.08
I3,I,21,,0.0003180814039717,0.0003180814039717,29792788.71008666,1,15,0.08
P1,P,22,-0.0005098899975512,-0.0012809436408115,-0.0017908336383628,20000000.0,1,15,0.08
P2,P,22,-0.0003315656609668,-0.0020490010415558,-0.0023805667025227,20000000.0,1,15,0.08
I1,I,22,,0.0025446512317736,0.0025446512317736,34288535.48552877,1,15,0.08
I2,I,22,,0.0012723256158868,0.0012723256158868,30746089.09991787,1,15,0.08
I3,I,22,,0.0003180814039717,0.0003180814039717,29547262.68130806,1,15,0.08
P1,P,23,-0.0004799970381322,-0.0013168175024327,-0.001796814540565,20000000.0,1,15,0.08
P2,P,23,-0.0003138593262369,-0.0020543864119116,-0.0023682457381485,20000000.0,1,15,0.08
I1,I,23,,0.0025446512317736,0.0025446512317736,34050748.29392551,1,15,0.08
I2,I,23,,0.0012723256158868,0.0012723256158868,30530235.290235005,1,15,0.08
I3,I,23,,0.0003180814039717,0.0003180814039717,29321682.721410505,1,15,0.08
P1,P,24,-0.0004534672526407,-0.0013495327779271,-0.0018030000305678,20000000.0,1,15,0.08
P2,P,24,-0.0002978905436741,-0.002058516812145,-0.0023564073558192,20000000.0,1,15,0.08
I1,I,24,,0.0025446512317736,0.0025446512317736,33831599.40029315,1,15,0.08
I2,I,24,,0.0012723256158868,0.0012723256158868,30331778.11987189,1,15,0.08
I3,I,24,,0.0003180814039717,0.0003180814039717,29114459.901352808,1,15,0.08
P1,P,25,-0.00042977823542,-0.0013794108829761,-0.0018091891183962,20000000.0,1,15,0.08
P2,P,25,-0.0002834109761726,-0.0020618461636648,-0.0023452571398374,20000000.0,1,15,0.08
I1,I,25,,0.0025446512317736,0.0025446512317736,33629500.72204023,1,15,0.08
I2,I,25,,0.0012723256158868,0.0012723256158868,30149153.265115757,1,15,0.08
I3,I,25,,0.0003180814039717,0.0003180814039717,28923889.06669387,1,15,0.08
P1,P,26,-0.0004084693265945,-0.0014067758591671,-0.0018152451857617,20000000.0,1,15,0.08
P2,P,26,-0.0002702181066058,-0.0020646587371631,-0.002334876843769,20000000.0,1,15,0.08
I1,I,26,,0.0025446512317736,0.0025446512317736,33442876.09760801,1,15,0.08
I2,I,26,,0.0012723256158868,0.0012723256158868,29980839.97358225,1,15,0.08
I3,I,26,,0.0003180814039717,0.0003180814039717,28748338.565295123,1,15,0.08
P1,P,27,-0.0003891556160144,-0.0014319609828223,-0.0018211165988368,20000000.0,1,15,0.08
P2,P,27,-0.0002581554994763,-0.0020670911730285,-0.0023252466725048,20000000.0,1,15,0.08
I1,I,27,,0.0025446512317736,0.0025446512317736,33270249.399685062,1,15,0.08
I2,I,27,,0.0012723256158868,0.0012723256158868,29825447.296798944,1,15,0.08
I3,I,27,,0.0003180814039717,0.0003180814039717,28586318.64394943,1,15,0.08
P1,P,28,-0.0003715321156111,-0.0014552486557361,-0.0018267807713472,20000000.0,1,15,0.08
P2,P,28,-0.0002471040713525,-0.0020692021851161,-0.0023163062564686,20000000.0,1,15,0.08
I1,I,28,,0.0025446512317736,0.0025446512317736,33110324.061778933,1,15,0.08
I2,I,28,,0.0012723256158868,0.0012723256158868,29681768.822742324,1,15,0.08
I3,I,28,,0.0003180814039717,0.0003180814039717,28436538.51772028,1,15,0.08
P1,P,29,-0.0003553555455122,-0.0014768683121543,-0.0018322238576665,20000000.0,1,15,0.08
P2,P,29,-0.0002369637165268,-0.002071042042529,-0.0023080057590558,20000000.0,1,15,0.08
I1,I,29,,0.0025446512317736,0.0025446512317736,32961954.67103412,1,15,0.08
I2,I,29,,0.0012723256158868,0.0012723256158868,29548740.54086693,1,15,0.08
I3,I,29,,0.0003180814039717,0.0003180814039717,28297866.46920691,1,15,0.08
P1,P,0,-0.0015411264098172,0.0,-0.0015411264098172,20000000.0,1,12,0.08
P2,P,0,-0.0019878776356912,0.0,-0.0019878776356912,20000000.0,1,12,0.08
I1,I,0,,0.0025451453599834,0.0025451453599834,39497726.35977841,1,12,0.08
I2,I,0,,0.0012725726799917,0.0012725726799917,36284453.885201216,1,12,0.08
I3,I,0,,,,,0,12,0.08
P1,P,1,-0.0014329243050227,0.0,-0.0014329243050227,20000000.0,1,12,0.08
P2,P,1,-0.0018247077121313,0.0,-0.0018247077121313,20000000.0,1,12,0.08
I1,I,1,,0.0025451453599834,0.0025451453599834,39671284.07492951,1,12,0.08
I2,I,1,,0.0012725726799917,0.0012725726799917,36313562.86133855,1,12,0.08
I3,I,1,,,,,0,12,0.08
P1,P,2,-0.0014267502607309,0.0,-0.0014267502607309,20000000.0,1,12,0.08
P2,P,2,-0.0018026837635774,0.0,-0.0018026837635774,20000000.0,1,12,0.08
I1,I,2,,0.0025451453599834,0.0025451453599834,40036288.86721857,1,12,0.08
I2,I,2,,0.0012725726799917,0.0012725726799917,36544267.6065971,1,12,0.08
I3,I,2,,,,,0,12,0.08
P1,P,3,-0.0014463302504859,0.0,-0.0014463302504859,20000000.0,1,12,0.08
P2,P,3,-0.0018192666452884,0.0,-0.0018192666452884,20000000.0,1,12,0.08
I1,I,3,,0.0025451453599834,0.0025451453599834,40294928.487193935,1,12,0.08
I2,I,3,,0.0012725726799917,0.0012725726799917,36723484.147055045,1,12,0.08
I3,I,3,,,,,0,12,0.08
P1,P,4,-0.0014732967134077,0.0,-0.0014732967134077,20000000.0,1,12,0.08
P2,P,4,-0.0018492433041064,0.0,-0.0018492433041064,20000000.0,1,12,0.08
I1,I,4,,0.0025451453599834,0.0025451453599834,40478146.98478017,1,12,0.08
I2,I,4,,0.0012725726799917,0.0012725726799917,36860622.19211835,1,12,0.08
I3,I,4,,,,,0,12,0.08
P1,P,5,-0.0015843862025976,0.0,-0.0015843862025976,20000000.0,1,12,0.08
P2,P,5,-0.0018339857496992,-6.588679074294924e-05,-0.0018998725404422,20000000.0,1,12,0.08
I1,I,5,,0.0025451453599834,0.0025451453599834,41058381.81007491,1,12,0.08
I2,I,5,,0.0012725726799917,0.0012725726799917,37382766.32131465,1,12,0.08
I3,I,5,,,,,0,12,0.08
P1,P,6,-0.0016550230899002,0.0,-0.0016550230899002,20000000.0,1,12,0.08
P2,P,6,-0.0015837219597098,-0.0004459555762066,-0.0020296775359165,20000000.0,1,12,0.08
I1,I,6,,0.0025451453599834,0.0025451453599834,41154784.7773322,1,12,0.08
I2,I,6,,0.0012725726799917,0.0012725726799917,37424612.78867137,1,12,0.08
I3,I,6,,,,,0,12,0.08
P1,P,7,-0.0016581049344172,-1.251463328220592e-06,-0.0016593563977454,20000000.0,1,12,0.08
P2,P,7,-0.0013392793173167,-0.0008944290304108,-0.0022337083477275,20000000.0,1,12,0.08
I1,I,7,,0.0025451453599834,0.0025451453599834,40835367.77636431,1,12,0.08
I2,I,7,,0.0012725726799917,0.0012725726799917,37054698.56069619,1,12,0.08
I3,I,7,,,,,0,12,0.08
P1,P,8,-0.0015453377733913,-6.925016263348688e-05,-0.0016145879360248,20000000.0,1,12,0.08
P2,P,8,-0.0011505621297562,-0.0012356016773378,-0.0023861638070941,20000000.0,1,12,0.08
I1,I,8,,0.0025451453599834,0.0025451453599834,40274710.92572133,1,12,0.08
I2,I,8,,0.0012725726799917,0.0012725726799917,36471728.03137294,1,12,0.08
I3,I,8,,,,,0,12,0.08
P1,P,9,-0.0013981734654624,-0.0002243262434787,-0.0016224997089411,20000000.0,1,12,0.08
P2,P,9,-0.0009985975811046,-0.0014654335090983,-0.002464031090203,20000000.0,1,12,0.08
I1,I,9,,0.0025451453599834,0.0025451453599834,39533958.7344468,1,12,0.08
I2,I,9,,0.0012725726799917,0.0012725726799917,35743191.38732701,1,12,0.08
I3,I,9,,,,,0,12,0.08
P1,P,10,-0.0012576847157517,-0.0003780892426761,-0.0016357739584278,20000000.0,1,12,0.08
P2,P,10,-0.0008726321673978,-0.0016092095515366,-0.0024818417189344,20000000.0,1,12,0.08
I1,I,10,,0.0025451453599834,0.0025451453599834,38710740.65774168,1,12,0.08
I2,I,10,,0.0012725726799917,0.0012725726799917,34954308.559426524,1,12,0.08
I3,I,10,,,,,0,12,0.08
P1,P,11,-0.0011276974124625,-0.0005012943812126,-0.0016289917936751,20000000.0,1,12,0.08
P2,P,11,-0.0007687682723433,-0.0016983252021634,-0.0024670934745067,20000000.0,1,12,0.08
I1,I,11,,0.0025451453599834,0.0025451453599834,37911229.3899863,1,12,0.08
I2,I,11,,0.0012725726799917,0.0012725726799917,34197046.35436535,1,12,0.08
I3,I,11,,,,,0,12,0.08
P1,P,12,-0.0010106502331777,-0.0005976466543186,-0.0016082968874964,20000000.0,1,12,0.08
P2,P,12,-0.000684467348439,-0.0017571720212961,-0.0024416393697352,20000000.0,1,12,0.08
I1,I,12,,0.0025451453599834,0.0025451453599834,37197255.16450248,1,12,0.08
I2,I,12,,0.0012725726799917,0.0012725726799917,33525117.89778921,1,12,0.08
I3,I,12,,,,,0,12,0.08
P1,P,13,-0.0009411638012998,-0.0007068344747132,-0.001647998276013,20000000.0,1,12,0.08
P2,P,13,-0.0006348046941215,-0.0018952103231807,-0.0025300150173022,20000000.0,1,12,0.08
I1,I,13,,0.0025451453599834,0.0025451453599834,37109024.39915661,1,12,0.08
I2,I,13,,0.0012725726799917,0.0012725726799917,33446533.003696367,1,12,0.08
I3,I,13,,0.0003181431699979,0.0003181431699979,32330430.36468589,1,12,0.08
P1,P,14,-0.0008730971416926,-0.0007899376715636,-0.0016630348132562,20000000.0,1,12,0.08
P2,P,14,-0.0005860471123193,-0.0019766353547649,-0.0025626824670842,20000000.0,1,12,0.08
I1,I,14,,0.0025451453599834,0.0025451453599834,36741062.70830511,1,12,0.08
I2,I,14,,0.0012725726799917,0.0012725726799917,33100196.50684773,1,12,0.08
I3,I,14,,0.0003181431699979,0.0003181431699979,31928922.28523621,1,12,0.08
P1,P,15,-0.0008088759401106,-0.0008539945623787,-0.0016628705024893,20000000.0,1,12,0.08
P2,P,15,-0.000541324669858,-0.0020288343806566,-0.0025701590505147,20000000.0,1,12,0.08
I1,I,15,,0.0025451453599834,0.0025451453599834,36337903.42756772,1,12,0.08
I2,I,15,,0.0012725726799917,0.0012725726799917,32725325.63732214,1,12,0.08
I3,I,15,,0.0003181431699979,0.0003181431699979,31530036.772874262,1,12,0.08
P1,P,16,-0.0007499482164104,-0.0009080618831059,-0.0016580100995164,20000000.0,1,12,0.08
P2,P,16,-0.000501723340593,-0.0020653212832475,-0.0025670446238406,20000000.0,1,12,0.08
I1,I,16,,0.0025451453599834,0.0025451453599834,35948669.93745854,1,12,0.08
I2,I,16,,0.0012725726799917,0.0012725726799917,32365400.01272897,1,12,0.08
I3,I,16,,0.0003181431699979,0.0003181431699979,31152051.15341255,1,12,0.08
P1,P,17,-0.0006961996288051,-0.000957720682733,-0.0016539203115381,20000000.0,1,12,0.08
P2,P,17,-0.0004670402273954,-0.0020922739766907,-0.0025593142040862,20000000.0,1,12,0.08
I1,I,17,,0.0025451453599834,0.0025451453599834,35586269.3532533,1,12,0.08
I2,I,17,,0.0012725726799917,0.0012725726799917,32031948.402007338,1,12,0.08
I3,I,17,,0.0003181431699979,0.0003181431699979,30803657.867742,1,12,0.08
P1,P,18,-0.0006472805932056,-0.0010052660372263,-0.001652546630432,20000000.0,1,12,0.08
P2,P,18,-0.0004366133313101,-0.0021126487711413,-0.0025492621024515,20000000.0,1,12,0.08
I1,I,18,,0.0025451453599834,0.0025451453599834,35251781.58060968,1,12,0.08
I2,I,18,,0.0012725726799917,0.0012725726799917,31725681.25066102,1,12,0.08
I3,I,18,,0.0003181431699979,0.0003181431699979,30484272.951477967,1,12,0.08
P1,P,19,-0.0006030007462527,-0.0010508778351166,-0.0016538785813693,20000000.0,1,12,0.08
P2,P,19,-0.0004097463794763,-0.0021281219767075,-0.0025378683561839,20000000.0,1,12,0.08
I1,I,19,,0.0025451453599834,0.0025451453599834,34943177.27752669,1,12,0.08
I2,I,19,,0.0012725726799917,0.0012725726799917,31444407.375270054,1,12,0.08
I3,I,19,,0.0003181431699979,0.0003181431699979,30191085.866734978,1,12,0.08
P1,P,20,-0.0005631465791034,-0.0010942460763178,-0.0016573926554213,20000000.0,1,12,0.08
P2,P,20,-0.0003858594105872,-0.0021397805696625,-0.0025256399802497,20000000.0,1,12,0.08
I1,I,20,,0.0025451453599834,0.0025451453599834,34658105.863121435,1,12,0.08
I2,I,20,,0.0012725726799917,0.0012725726799917,31185668.603862125,1,12,0.08
I3,I,20,,0.0003181431699979,0.0003181431699979,29921333.26410672,1,12,0.08
P1,P,21,-0.0005274388950148,-0.0011348492734892,-0.0016622881685041,20000000.0,1,12,0.08
P2,P,21,-0.0003645274539142,-0.0021485006171207,-0.002513028071035,20000000.0,1,12,0.08
I1,I,21,,0.0025451453599834,0.0025451453599834,34394933.49520336,1,12,0.08
I2,I,21,,0.0012725726799917,0.0012725726799917,30947705.84730355,1,12,0.08
I3,I,21,,0.0003181431699979,0.0003181431699979,29673127.56910999,1,12,0.08
P1,P,22,-0.0004956493131021,-0.0011726489533429,-0.0016682982664451,20000000.0,1,12,0.08
P2,P,22,-0.0003453739293811,-0.0021549421688141,-0.0025003160981953,20000000.0,1,12,0.08
I1,I,22,,0.0025451453599834,0.0025451453599834,34151772.337780766,1,12,0.08
I2,I,22,,0.0012725726799917,0.0012725726799917,30728592.569724973,1,12,0.08
I3,I,22,,0.0003181431699979,0.0003181431699979,29444444.134005114,1,12,0.08
P1,P,23,-0.0004673642501664,-0.0012076235670359,-0.0016749878172023,20000000.0,1,12,0.08
P2,P,23,-0.0003280564250296,-0.0021597422579092,-0.0024877986829389,20000000.0,1,12,0.08
I1,I,23,,0.0025451453599834,0.0025451453599834,33926842.74101822,1,12,0.08
I2,I,23,,0.0012725726799917,0.0012725726799917,30526511.27348395,1,12,0.08
I3,I,23,,0.0003181431699979,0.0003181431699979,29233417.78370939,1,12,0.08
P1,P,24,-0.0004421378389277,-0.0012397438491376,-0.0016818816880653,20000000.0,1,12,0.08
P2,P,24,-0.0003122943642645,-0.0021634856226493,-0.0024757799869138,20000000.0,1,12,0.08
I1,I,24,,0.0025451453599834,0.0025451453599834,33718664.77747301,1,12,0.08
I2,I,24,,0.0012725726799917,0.0012725726799917,30339942.23691475,1,12,0.08
I3,I,24,,0.0003181431699979,0.0003181431699979,29038512.50493989,1,12,0.08
P1,P,25,-0.0004194899925699,-0.0012692289362805,-0.0016887189288505,20000000.0,1,12,0.08
P2,P,25,-0.00029786363856,-0.0021665866870931,-0.0024644503256532,20000000.0,1,12,0.08
I1,I,25,,0.0025451453599834,0.0025451453599834,33525814.54008596,1,12,0.08
I2,I,25,,0.0012725726799917,0.0012725726799917,30167459.938356128,1,12,0.08
I3,I,25,,0.0003181431699979,0.0003181431699979,28858282.48486577,1,12,0.08
P1,P,26,-0.0003990077746754,-0.0012962355501282,-0.0016952433248036,20000000.0,1,12,0.08
P2,P,26,-0.0002846148305841,-0.0021693004394778,-0.0024539152700619,20000000.0,1,12,0.08
I1,I,26,,0.0025451453599834,0.0025451453599834,33347234.25690718,1,12,0.08
I2,I,26,,0.0012725726799917,0.0012725726799917,30008024.83544661,1,12,0.08
I3,I,26,,0.0003181431699979,0.0003181431699979,28691667.05284292,1,12,0.08
P1,P,27,-0.0003803684667957,-0.0013211015269557,-0.0017014699937514,20000000.0,1,12,0.08
P2,P,27,-0.0002724377589805,-0.0021717267976501,-0.0024441645566307,20000000.0,1,12,0.08
I1,I,27,,0.0025451453599834,0.0025451453599834,33181763.50486552,1,12,0.08
I2,I,27,,0.0012725726799917,0.0012725726799917,29860548.9951336,1,12,0.08
I3,I,27,,0.0003181431699979,0.0003181431699979,28537530.9571654,1,12,0.08
P1,P,28,-0.0003633092443977,-0.0013441552190346,-0.0017074644634323,20000000.0,1,12,0.08
P2,P,28,-0.0002612302528493,-0.0021738969892164,-0.0024351272420658,20000000.0,1,12,0.08
I1,I,28,,0.0025451453599834,0.0025451453599834,33028158.3927766,1,12,0.08
I2,I,28,,0.0012725726799917,0.0012725726799917,29723877.893587,1,12,0.08
I3,I,28,,0.0003181431699979,0.0003181431699979,28394665.509464063,1,12,0.08
P1,P,29,-0.0003476072804022,-0.0013655687576168,-0.0017131760380191,20000000.0,1,12,0.08
P2,P,29,-0.000250880462959,-0.0021759135666446,-0.0024267940296037,20000000.0,1,12,0.08
I1,I,29,,0.0025451453599834,0.0025451453599834,32885284.32836756,1,12,0.08
I2,I,29,,0.0012725726799917,0.0012725726799917,29596941.371300656,1,12,0.08
I3,I,29,,0.0003181431699979,0.0003181431699979,28261963.993516665,1,12,0.08
P1,P,0,-0.0015703287320023,0.0,-0.0015703287320023,20000000.0,1,23,0.08
P2,P,0,-0.0018403083859822,0.0,-0.0018403083859822,20000000.0,1,23,0.08
I1,I,0,,0.0025385687273972,0.0025385687273972,39875436.77473383,1,23,0.08
I2,I,0,,0.0012692843636986,0.0012692843636986,35881736.62918552,1,23,0.08
I3,I,0,,,,,0,23,0.08
P1,P,1,-0.0014572774470793,0.0,-0.0014572774470793,20000000.0,1,23,0.08
P2,P,1,-0.0016998164092232,0.0,-0.0016998164092232,20000000.0,1,23,0.08
I1,I,1,,0.0025385687273972,0.0025385687273972,40004535.26215788,1,23,0.08
I2,I,1,,0.0012692843636986,0.0012692843636986,36030280.26084308,1,23,0.08
I3,I,1,,,,,0,23,0.08
P1,P,2,-0.0014534334381044,0.0,-0.0014534334381044,20000000.0,1,23,0.08
P2,P,2,-0.0016868420121168,0.0,-0.0016868420121168,20000000.0,1,23,0.08
I1,I,2,,0.0025385687273972,0.0025385687273972,40377577.49969383,1,23,0.08
I2,I,2,,0.0012692843636986,0.0012692843636986,36314414.86766825,1,23,0.08
I3,I,2,,,,,0,23,0.08
P1,P,3,-0.0014769158071888,0.0,-0.0014769158071888,20000000.0,1,23,0.08
P2,P,3,-0.001707885937885,0.0,-0.001707885937885,20000000.0,1,23,0.08
I1,I,3,,0.0025385687273972,0.0025385687273972,40654642.68251745,1,23,0.08
I2,I,3,,0.0012692843636986,0.0012692843636986,36530258.4284026,1,23,0.08
I3,I,3,,,,,0,23,0.08
P1,P,4,-0.0015080399053207,0.0,-0.0015080399053207,20000000.0,1,23,0.08
P2,P,4,-0.0017403968765832,0.0,-0.0017403968765832,20000000.0,1,23,0.08
I1,I,4,,0.0025385687273972,0.0025385687273972,40859584.14884216,1,23,0.08
I2,I,4,,0.0012692843636986,0.0012692843636986,36697120.94365328,1,23,0.08
I3,I,4,,,,,0,23,0.08
P1,P,5,-0.001634375522659,0.0,-0.001634375522659,20000000.0,1,23,0.08
P2,P,5,-0.0017370070304964,-6.380913988788135e-05,-0.0018008161703843,20000000.0,1,23,0.08
I1,I,5,,0.0025385687273972,0.0025385687273972,41535298.85179479,1,23,0.08
I2,I,5,,0.0012692843636986,0.0012692843636986,37314108.16718997,1,23,0.08
I3,I,5,,,,,0,23,0.08
P1,P,6,-0.0017162407614339,0.0,-0.0017162407614339,20000000.0,1,23,0.08
P2,P,6,-0.0015100252803518,-0.0004246956859485,-0.0019347209663003,20000000.0,1,23,0.08
I1,I,6,,0.0025385687273972,0.0025385687273972,41702457.03936843,1,23,0.08
I2,I,6,,0.0012692843636986,0.0012692843636986,37427080.80005664,1,23,0.08
I3,I,6,,,,,0,23,0.08
P1,P,7,-0.0017289698130819,-1.104251479422944e-06,-0.0017300740645613,20000000.0,1,23,0.08
P2,P,7,-0.0012896895859342,-0.0008460717255387,-0.002135761311473,20000000.0,1,23,0.08
I1,I,7,,0.0025385687273972,0.0025385687273972,41438069.20876092,1,23,0.08
I2,I,7,,0.0012692843636986,0.0012692843636986,37116848.63146298,1,23,0.08
I3,I,7,,,,,0,23,0.08
P1,P,8,-0.0016188892877678,-7.608431182033497e-05,-0.0016949735995881,20000000.0,1,23,0.08
P2,P,8,-0.0011188341846604,-0.0011679399539296,-0.0022867741385901,20000000.0,1,23,0.08
I1,I,8,,0.0025385687273972,0.0025385687273972,40909532.6682375,1,23,0.08
I2,I,8,,0.0012692843636986,0.0012692843636986,36572272.00852682,1,23,0.08
I3,I,8,,,,,0,23,0.08
P1,P,9,-0.0014610187134163,-0.0002573052816805,-0.0017183239950969,20000000.0,1,23,0.08
P2,P,9,-0.0009762014694408,-0.0013879539312718,-0.0023641554007127,20000000.0,1,23,0.08
I1,I,9,,0.0025385687273972,0.0025385687273972,40165532.92086472,1,23,0.08
I2,I,9,,0.0012692843636986,0.0012692843636986,35845578.232927166,1,23,0.08
I3,I,9,,,,,0,23,0.08
P1,P,10,-0.0013083467763603,-0.0004266102457075,-0.0017349570220678,20000000.0,1,23,0.08
P2,P,10,-0.0008539392769571,-0.0015294082628314,-0.0023833475397885,20000000.0,1,23,0.08
I1,I,10,,0.0025385687273972,0.0025385687273972,39326368.36589792,1,23,0.08
I2,I,10,,0.0012692843636986,0.0012692843636986,35040243.818381466,1,23,0.08
I3,I,10,,,,,0,23,0.08
P1,P,11,-0.0011695364034725,-0.0005509701102533,-0.0017205065137258,20000000.0,1,23,0.08
P2,P,11,-0.0007519217611418,-0.0016209709827886,-0.0023728927439304,20000000.0,1,23,0.08
I1,I,11,,0.0025385687273972,0.0025385687273972,38517498.93710036,1,23,0.08
I2,I,11,,0.0012692843636986,0.0012692843636986,34268031.86606588,1,23,0.08
I3,I,11,,,,,0,23,0.08
P1,P,12,-0.0010437303065854,-0.0006467104786584,-0.0016904407852438,20000000.0,1,23,0.08
P2,P,12,-0.0006690273938546,-0.0016846561448692,-0.0023536835387239,20000000.0,1,23,0.08
I1,I,12,,0.0025385687273972,0.0025385687273972,37800474.166218765,1,23,0.08
I2,I,12,,0.0012692843636986,0.0012692843636986,33585696.447264984,1,23,0.08
I3,I,12,,,,,0,23,0.08
P1,P,13,-0.0009381113242885,-0.0007248801637295,-0.0016629914880181,20000000.0,1,23,0.08
P2,P,13,-0.0006019479474887,-0.0017323647069498,-0.0023343126544385,20000000.0,1,23,0.08
I1,I,13,,0.0025385687273972,0.0025385687273972,37180201.43694082,1,23,0.08
I2,I,13,,0.0012692843636986,0.0012692843636986,32997929.1999039,1,23,0.08
I3,I,13,,,,,0,23,0.08
P1,P,14,-0.0008531891924385,-0.0007905480962843,-0.0016437372887228,20000000.0,1,23,0.08
P2,P,14,-0.0005469663758111,-0.0017694017918179,-0.0023163681676291,20000000.0,1,23,0.08
I1,I,14,,0.0025385687273972,0.0025385687273972,36641145.5532693,1,23,0.08
I2,I,14,,0.0012692843636986,0.0012692843636986,32489767.74126853,1,23,0.08
I3,I,14,,,,,0,23,0.08
P1,P,15,-0.00078309739581,-0.0008471363118691,-0.0016302337076792,20000000.0,1,23,0.08
P2,P,15,-0.000501198237161,-0.0017988932088047,-0.0023000914459657,20000000.0,1,23,0.08
I1,I,15,,0.0025385687273972,0.0025385687273972,36169344.55458001,1,23,0.08
I2,I,15,,0.0012692843636986,0.0012692843636986,32047383.85610801,1,23,0.08
I3,I,15,,,,,0,23,0.08
P1,P,16,-0.0007227179005802,-0.0008986613627538,-0.0016213792633341,20000000.0,1,23,0.08
P2,P,16,-0.0004625108415318,-0.0018228911742901,-0.002285402015822,20000000.0,1,23,0.08
I1,I,16,,0.0025385687273972,0.0025385687273972,35752627.61769713,1,23,0.08
I2,I,16,,0.0012692843636986,0.0012692843636986,31658719.91116036,1,23,0.08
I3,I,16,,,,,0,23,0.08
P1,P,17,-0.0006692381951345,-0.0009476650286936,-0.0016169032238281,20000000.0,1,23,0.08
P2,P,17,-0.0004293007978589,-0.0018424342352036,-0.0022717350330625,20000000.0,1,23,0.08
I1,I,17,,0.0025385687273972,0.0025385687273972,35380048.82593531,1,23,0.08
I2,I,17,,0.0012692843636986,0.0012692843636986,31313041.32687556,1,23,0.08
I3,I,17,,,,,0,23,0.08
P1,P,18,-0.0006213379514194,-0.0009948859640693,-0.0016162239154887,20000000.0,1,23,0.08
P2,P,18,-0.0004003783341881,-0.0018581505462114,-0.0022585288803996,20000000.0,1,23,0.08
I1,I,18,,0.0025385687273972,0.0025385687273972,35042710.37300782,1,23,0.08
I2,I,18,,0.0012692843636986,0.0012692843636986,31001598.954402197,1,23,0.08
I3,I,18,,,,,0,23,0.08
P1,P,19,-0.0005784423306198,-0.0010402019593494,-0.0016186442899693,20000000.0,1,23,0.08
P2,P,19,-0.0003749137927781,-0.0018704060390749,-0.002245319831853,20000000.0,1,23,0.08
I1,I,19,,0.0025385687273972,0.0025385687273972,34734046.10798087,1,23,0.08
I2,I,19,,0.0012692843636986,0.0012692843636986,30717899.54540981,1,23,0.08
I3,I,19,,,,,0,23,0.08
P1,P,20,-0.0005402065067713,-0.0010829017990035,-0.0016231083057749,20000000.0,1,23,0.08
P2,P,20,-0.0003523422654354,-0.0018796437360343,-0.0022319860014698,20000000.0,1,23,0.08
I1,I,20,,0.0025385687273972,0.0025385687273972,34450097.3963566,1,23,0.08
I2,I,20,,0.0012692843636986,0.0012692843636986,30457937.574287545,1,23,0.08
I3,I,20,,,,,0,23,0.08
P1,P,21,-0.0005063845780088,-0.0011225421135077,-0.0016289266915166,20000000.0,1,23,0.08
P2,P,21,-0.0003322073232253,-0.0018863983926701,-0.0022186057158954,20000000.0,1,23,0.08
I1,I,21,,0.0025385687273972,0.0025385687273972,34188247.68488372,1,23,0.08
I2,I,21,,0.0012692843636986,0.0012692843636986,30219030.57751257,1,23,0.08
I3,I,21,,,,,0,23,0.08
P1,P,22,-0.0004766010377098,-0.0011588380166263,-0.0016354390543361,20000000.0,1,23,0.08
P2,P,22,-0.0003141175207407,-0.0018913276884044,-0.0022054452091452,20000000.0,1,23,0.08
I1,I,22,,0.0025385687273972,0.0025385687273972,33946703.747963175,1,23,0.08
I2,I,22,,0.0012692843636986,0.0012692843636986,29999312.059098,1,23,0.08
I3,I,22,,,,,0,23,0.08
P1,P,23,-0.0004503627898667,-0.0011916897305698,-0.0016420525204365,20000000.0,1,23,0.08
P2,P,23,-0.0002977787981183,-0.0018951049329324,-0.0021928837310508,20000000.0,1,23,0.08
I1,I,23,,0.0025385687273972,0.0025385687273972,33724101.781488776,1,23,0.08
I2,I,23,,0.0012692843636986,0.0012692843636986,29797335.117202424,1,23,0.08
I3,I,23,,,,,0,23,0.08
P1,P,24,-0.0004472561378732,-0.0012915439845136,-0.0017388001223868,20000000.0,1,23,0.08
P2,P,24,-0.000295653098105,-0.0020127014969986,-0.0023083545951036,20000000.0,1,23,0.08
I1,I,24,,0.0025385687273972,0.0025385687273972,34001880.21935562,1,23,0.08
I2,I,24,,0.0012692843636986,0.0012692843636986,30063539.099420592,1,23,0.08
I3,I,24,,0.0003173210909246,0.0003173210909246,29294983.471666034,1,23,0.08
P1,P,25,-0.0004314668550412,-0.0013456958659805,-0.0017771627210218,20000000.0,1,23,0.08
P2,P,25,-0.0002853425622207,-0.002052568686579,-0.0023379112487998,20000000.0,1,23,0.08
I1,I,25,,0.0025385687273972,0.0025385687273972,33914724.89727288,1,23,0.08
I2,I,25,,0.0012692843636986,0.0012692843636986,29986583.75309035,1,23,0.08
I3,I,25,,0.0003173210909246,0.0003173210909246,29167534.10569853,1,23,0.08
P1,P,26,-0.000412417660965,-0.0013802242893142,-0.0017926419502792,20000000.0,1,23,0.08
P2,P,26,-0.0002730459801028,-0.0020674324412903,-0.0023404784213931,20000000.0,1,23,0.08
I1,I,26,,0.0025385687273972,0.0025385687273972,33760002.148786485,1,23,0.08
I2,I,26,,0.0012692843636986,0.0012692843636986,29847437.96594314,1,23,0.08
I3,I,26,,0.0003173210909246,0.0003173210909246,29008152.251866188,1,23,0.08
P1,P,27,-0.0003937700207956,-0.0014068587865461,-0.0018006288073417,20000000.0,1,23,0.08
P2,P,27,-0.0002609448749412,-0.0020742755980517,-0.002335220472993,20000000.0,1,23,0.08
I1,I,27,,0.0025385687273972,0.0025385687273972,33595689.43447996,1,23,0.08
I2,I,27,,0.0012692843636986,0.0012692843636986,29699126.219167143,1,23,0.08
I3,I,27,,0.0003173210909246,0.0003173210909246,28845178.05359328,1,23,0.08
P1,P,28,-0.0003764650825927,-0.0014296673355769,-0.0018061324181696,20000000.0,1,23,0.08
P2,P,28,-0.0002496339226537,-0.002078517450715,-0.0023281513733688,20000000.0,1,23,0.08
I1,I,28,,0.0025385687273972,0.0025385687273972,33437516.382020317,1,23,0.08
I2,I,28,,0.0012692843636986,0.0012692843636986,29556360.43228572,1,23,0.08
I3,I,28,,0.0003173210909246,0.0003173210909246,28691052.74960073,1,23,0.08
P1,P,29,-0.0003605954561163,-0.0014501016097275,-0.0018106970658438,20000000.0,1,23,0.08
P2,P,29,-0.0002391970553365,-0.0020819009868888,-0.0023210980422254,20000000.0,1,23,0.08
I1,I,29,,0.0025385687273972,0.0025385687273972,33289188.949383155,1,23,0.08
I2,I,29,,0.0012692843636986,0.0012692843636986,29422621.81105406,1,23,0.08
I3,I,29,,0.0003173210909246,0.0003173210909246,28548087.65940833,1,23,0.08
P1,P,0,-0.0016903609551981,0.0,-0.0016903609551981,20000000.0,1,8,0.08
P2,P,0,-0.0018247542553976,0.0,-0.0018247542553976,20000000.0,1,8,0.08
I1,I,0,,0.0025424503448417,0.0025424503448417,40506494.82226045,1,8,0.08
I2,I,0,,0.0012712251724208,0.0012712251724208,36112436.37996888,1,8,0.08
I3,I,0,,,,,0,8,0.08
P1,P,1,-0.0015615049139015,0.0,-0.0015615049139015,20000000.0,1,8,0.08
P2,P,1,-0.0016865853724977,0.0,-0.0016865853724977,20000000.0,1,8,0.08
I1,I,1,,0.0025424503448417,0.0025424503448417,40540680.679842,1,8,0.08
I2,I,1,,0.0012712251724208,0.0012712251724208,36231047.73812672,1,8,0.08
I3,I,1,,,,,0,8,0.08
P1,P,2,-0.0015512839867171,0.0,-0.0015512839867171,20000000.0,1,8,0.08
P2,P,2,-0.0016706651218131,0.0,-0.0016706651218131,20000000.0,1,8,0.08
I1,I,2,,0.0025424503448417,0.0025424503448417,40873912.96755385,1,8,0.08
I2,I,2,,0.0012712251724208,0.0012712251724208,36487373.586529225,1,8,0.08
I3,I,2,,,,,0,8,0.08
P1,P,3,-0.0015716454954543,0.0,-0.0015716454954543,20000000.0,1,8,0.08
P2,P,3,-0.0016878357694554,0.0,-0.0016878357694554,20000000.0,1,8,0.08
I1,I,3,,0.0025424503448417,0.0025424503448417,41119071.096752375,1,8,0.08
I2,I,3,,0.0012712251724208,0.0012712251724208,36676633.695696265,1,8,0.08
I3,I,3,,,,,0,8,0.08
P1,P,4,-0.0016009388742765,0.0,-0.0016009388742765,20000000.0,1,8,0.08
P2,P,4,-0.0017164123002962,0.0,-0.0017164123002962,20000000.0,1,8,0.08
I1,I,4,,0.0025424503448417,0.0025424503448417,41295465.82023194,1,8,0.08
I2,I,4,,0.0012712251724208,0.0012712251724208,36818624.184425086,1,8,0.08
I3,I,4,,,,,0,8,0.08
P1,P,5,-0.0017207503092046,0.0,-0.0017207503092046,20000000.0,1,8,0.08
P2,P,5,-0.0017129040111383,-5.462988478945182e-05,-0.0017675338959277,20000000.0,1,8,0.08
I1,I,5,,0.0025424503448417,0.0025424503448417,41867718.92300988,1,8,0.08
I2,I,5,,0.0012712251724208,0.0012712251724208,37339750.38034907,1,8,0.08
I3,I,5,,,,,0,8,0.08
P1,P,6,-0.0017982737013711,0.0,-0.0017982737013711,20000000.0,1,8,0.08
P2,P,6,-0.0015028842245933,-0.0003787472945908,-0.0018816315191841,20000000.0,1,8,0.08
I1,I,6,,0.0025424503448417,0.0025424503448417,41966527.74519129,1,8,0.08
I2,I,6,,0.0012712251724208,0.0012712251724208,37397666.940271735,1,8,0.08
I3,I,6,,,,,0,8,0.08
P1,P,7,-0.0018038854210081,-2.8244809720822827e-06,-0.0018067099019802,20000000.0,1,8,0.08
P2,P,7,-0.0012944896744004,-0.0007661793461492,-0.0020606690205496,20000000.0,1,8,0.08
I1,I,7,,0.0025424503448417,0.0025424503448417,41683223.39819708,1,8,0.08
I2,I,7,,0.0012712251724208,0.0012712251724208,37082292.34758185,1,8,0.08
I3,I,7,,,,,0,8,0.08
P1,P,8,-0.0016842008002613,-9.998339317647736e-05,-0.0017841841934377,20000000.0,1,8,0.08
P2,P,8,-0.0011267109696618,-0.0010692588309142,-0.0021959698005761,20000000.0,1,8,0.08
I1,I,8,,0.0025424503448417,0.0025424503448417,41148975.85981763,1,8,0.08
I2,I,8,,0.0012712251724208,0.0012712251724208,36542415.71569325,1,8,0.08
I3,I,8,,,,,0,8,0.08
P1,P,9,-0.0015604833969791,-0.0003186289133797,-0.0018791123103589,20000000.0,1,8,0.08
P2,P,9,-0.0010029515203356,-0.0013527398237943,-0.00235569134413,20000000.0,1,8,0.08
I1,I,9,,0.0025424503448417,0.0025424503448417,40958902.86622445,1,8,0.08
I2,I,9,,0.0012712251724208,0.0012712251724208,36346748.49755072,1,8,0.08
I3,I,9,,0.0003178062931052,0.0003178062931052,35421613.28584798,1,8,0.08
P1,P,10,-0.0014148402955112,-0.0005156019116239,-0.0019304422071352,20000000.0,1,8,0.08
P2,P,10,-0.000884238623753,-0.0015463308816387,-0.0024305695053917,20000000.0,1,8,0.08
I1,I,10,,0.0025424503448417,0.0025424503448417,40314780.10252571,1,8,0.08
I2,I,10,,0.0012712251724208,0.0012712251724208,35720329.55992179,1,8,0.08
I3,I,10,,0.0003178062931052,0.0003178062931052,34739350.35905076,1,8,0.08
P1,P,11,-0.0012592399424292,-0.0006689114998011,-0.0019281514422304,20000000.0,1,8,0.08
P2,P,11,-0.0007797789927689,-0.0016746192536601,-0.002454398246429,20000000.0,1,8,0.08
I1,I,11,,0.0025424503448417,0.0025424503448417,39583870.55321892,1,8,0.08
I2,I,11,,0.0012712251724208,0.0012712251724208,35016756.86900136,1,8,0.08
I3,I,11,,0.0003178062931052,0.0003178062931052,34013858.267789446,1,8,0.08
P1,P,12,-0.0011181645491117,-0.000787791251657,-0.0019059558007688,20000000.0,1,8,0.08
P2,P,12,-0.0006923423908908,-0.001761947757215,-0.0024542901481058,20000000.0,1,8,0.08
I1,I,12,,0.0025424503448417,0.0025424503448417,38881479.64956384,1,8,0.08
I2,I,12,,0.0012712251724208,0.0012712251724208,34343642.670567654,1,8,0.08
I3,I,12,,0.0003178062931052,0.0003178062931052,33325174.03878971,1,8,0.08
P1,P,13,-0.0010049262743429,-0.0008795346574117,-0.0018844609317547,20000000.0,1,8,0.08
P2,P,13,-0.0006201108612894,-0.0018231963039502,-0.0024433071652396,20000000.0,1,8,0.08
I1,I,13,,0.0025424503448417,0.0025424503448417,38240419.28327271,1,8,0.08
I2,I,13,,0.0012712251724208,0.0012712251724208,33732336.41494005,1,8,0.08
I3,I,13,,0.0003178062931052,0.0003178062931052,32700809.259927142,1,8,0.08
P1,P,14,-0.0009133963210862,-0.0009518756302823,-0.0018652719513685,20000000.0,1,8,0.08
P2,P,14,-0.000560413253896,-0.0018680605079127,-0.0024284737618087,20000000.0,1,8,0.08
I1,I,14,,0.0025424503448417,0.0025424503448417,37669963.75782955,1,8,0.08
I2,I,14,,0.0012712251724208,0.0012712251724208,33191057.120159525,1,8,0.08
I3,I,14,,0.0003178062931052,0.0003178062931052,32147958.028473508,1,8,0.08
P1,P,15,-0.0008366098159891,-0.00101383560806,-0.0018504454240492,20000000.0,1,8,0.08
P2,P,15,-0.0005107461726858,-0.0019024133424181,-0.002413159515104,20000000.0,1,8,0.08
I1,I,15,,0.0025424503448417,0.0025424503448417,37166077.97756963,1,8,0.08
I2,I,15,,0.0012712251724208,0.0012712251724208,32715314.329252247,1,8,0.08
I3,I,15,,0.0003178062931052,0.0003178062931052,31661686.462191917,1,8,0.08
P1,P,16,-0.0007698032866382,-0.0010710245900518,-0.0018408278766901,20000000.0,1,8,0.08
P2,P,16,-0.000468981355904,-0.0019292764398445,-0.0023982577957486,20000000.0,1,8,0.08
I1,I,16,,0.0025424503448417,0.0025424503448417,36719036.47940855,1,8,0.08
I2,I,16,,0.0012712251724208,0.0012712251724208,32295400.08788924,1,8,0.08
I3,I,16,,0.0003178062931052,0.0003178062931052,31231934.42789561,1,8,0.08
P1,P,17,-0.0007105981854377,-0.0011259884473371,-0.0018365866327749,20000000.0,1,8,0.08
P2,P,17,-0.0004334121421799,-0.0019500859245555,-0.0023834980667355,20000000.0,1,8,0.08
I1,I,17,,0.0025424503448417,0.0025424503448417,36318034.91861597,1,8,0.08
I2,I,17,,0.0012712251724208,0.0012712251724208,31920670.51859942,1,8,0.08
I3,I,17,,0.0003178062931052,0.0003178062931052,30847782.21583552,1,8,0.08
P1,P,18,-0.0006580157448704,-0.001178624396104,-0.0018366401409745,20000000.0,1,8,0.08
P2,P,18,-0.0004027025299554,-0.0019658343272253,-0.0023685368571807,20000000.0,1,8,0.08
I1,I,18,,0.0025424503448417,0.0025424503448417,35954772.72420299,1,8,0.08
I2,I,18,,0.0012712251724208,0.0012712251724208,31582843.190846503,1,8,0.08
I3,I,18,,0.0003178062931052,0.0003178062931052,30500845.42096449,1,8,0.08
P1,P,19,-0.0006117158267765,-0.0012279897345863,-0.0018397055613629,20000000.0,1,8,0.08
P2,P,19,-0.0003758729898714,-0.0019774748760312,-0.0023533478659027,20000000.0,1,8,0.08
I1,I,19,,0.0025424503448417,0.0025424503448417,35623645.42594183,1,8,0.08
I2,I,19,,0.0012712251724208,0.0012712251724208,31276237.53338797,1,8,0.08
I3,I,19,,0.0003178062931052,0.0003178062931052,30185446.03442277,1,8,0.08
P1,P,20,-0.0005711587316789,-0.0012734168197548,-0.0018445755514337,20000000.0,1,8,0.08
P2,P,20,-0.0003522324641973,-0.0019859552984987,-0.0023381877626961,20000000.0,1,8,0.08
I1,I,20,,0.0025424503448417,0.0025424503448417,35321141.53296305,1,8,0.08
I2,I,20,,0.0012712251724208,0.0012712251724208,30997203.347973354,1,8,0.08
I3,I,20,,0.0003178062931052,0.0003178062931052,29897997.493371345,1,8,0.08
P1,P,21,-0.0005356012630245,-0.0013147140481248,-0.0018503153111494,20000000.0,1,8,0.08
P2,P,21,-0.0003312798289145,-0.0019922541629834,-0.0023235339918979,20000000.0,1,8,0.08
I1,I,21,,0.0025424503448417,0.0025424503448417,35044670.11117319,1,8,0.08
I2,I,21,,0.0012712251724208,0.0012712251724208,30742988.608429525,1,8,0.08
I3,I,21,,0.0003178062931052,0.0003178062931052,29635838.887668017,1,8,0.08
P1,P,22,-0.0005042887543345,-0.0013519358768089,-0.0018562246311435,20000000.0,1,8,0.08
P2,P,22,-0.0003126211555491,-0.0019971557543349,-0.002309776909884,20000000.0,1,8,0.08
I1,I,22,,0.0025424503448417,0.0025424503448417,34792214.44905572,1,8,0.08
I2,I,22,,0.0012712251724208,0.0012712251724208,30511475.938665383,1,8,0.08
I3,I,22,,0.0003178062931052,0.0003178062931052,29396918.531895638,1,8,0.08
P1,P,23,-0.0004766027310532,-0.0013855881343573,-0.0018621908654106,20000000.0,1,8,0.08
P2,P,23,-0.000295920668313,-0.0020011197456297,-0.0022970404139427,20000000.0,1,8,0.08
I1,I,23,,0.0025424503448417,0.0025424503448417,34561427.64001524,1,8,0.08
I2,I,23,,0.0012712251724208,0.0012712251724208,30300342.487409607,1,8,0.08
I3,I,23,,0.0003178062931052,0.0003178062931052,29178907.684489623,1,8,0.08
P1,P,24,-0.0004519702583223,-0.0014160448223038,-0.0018680150806261,20000000.0,1,8,0.08
P2,P,24,-0.0002809026606243,-0.0020044554420433,-0.0022853581026677,20000000.0,1,8,0.08
I1,I,24,,0.0025424503448417,0.0025424503448417,34350181.10598182,1,8,0.08
I2,I,24,,0.0012712251724208,0.0012712251724208,30107520.80595266,1,8,0.08
I3,I,24,,0.0003178062931052,0.0003178062931052,28979713.02470117,1,8,0.08
P1,P,25,-0.0004298960183684,-0.0014437537186749,-0.0018736497370433,20000000.0,1,8,0.08
P2,P,25,-0.0002673426150307,-0.0020073413432721,-0.0022746839583028,20000000.0,1,8,0.08
I1,I,25,,0.0025424503448417,0.0025424503448417,34156446.189482056,1,8,0.08
I2,I,25,,0.0012712251724208,0.0012712251724208,29931072.858701788,1,8,0.08
I3,I,25,,0.0003178062931052,0.0003178062931052,28797353.948904254,1,8,0.08
P1,P,26,-0.0004099660469042,-0.0014690860168936,-0.0018790520637979,20000000.0,1,8,0.08
P2,P,26,-0.0002550503270719,-0.0020099035906476,-0.0022649539177195,20000000.0,1,8,0.08
I1,I,26,,0.0025424503448417,0.0025424503448417,33978366.57525598,1,8,0.08
I2,I,26,,0.0012712251724208,0.0012712251724208,29769237.053593084,1,8,0.08
I3,I,26,,0.0003178062931052,0.0003178062931052,28630024.15058481,1,8,0.08
P1,P,27,-0.000391831008574,-0.0014923790883686,-0.0018842100969427,20000000.0,1,8,0.08
P2,P,27,-0.0002438548151944,-0.002012249698756,-0.0022561045139504,20000000.0,1,8,0.08
I1,I,27,,0.0025424503448417,0.0025424503448417,33814215.87833241,1,8,0.08
I2,I,27,,0.0012712251724208,0.0012712251724208,29620374.68326001,1,8,0.08
I3,I,27,,0.0003178062931052,0.0003178062931052,28476043.855009425,1,8,0.08
P1,P,28,-0.0003751914208427,-0.0015138974834053,-0.001889088904248,20000000.0,1,8,0.08
P2,P,28,-0.0002336012549691,-0.0020144894194513,-0.0022480906744205,20000000.0,1,8,0.08
I1,I,28,,0.0025424503448417,0.0025424503448417,33662434.02370879,1,8,0.08
I2,I,28,,0.0012712251724208,0.0012712251724208,29482998.122878063,1,8,0.08
I3,I,28,,0.0003178062931052,0.0003178062931052,28333893.13955167,1,8,0.08
P1,P,29,-0.0003597893343468,-0.0015339288458397,-0.0018937181801866,20000000.0,1,8,0.08
P2,P,29,-0.0002241495252763,-0.0020166901200998,-0.0022408396453762,20000000.0,1,8,0.08
I1,I,29,,0.0025424503448417,0.0025424503448417,33521515.88346498,1,8,0.08
I2,I,29,,0.0012712251724208,0.0012712251724208,29355678.79615449,1,8,0.08
I3,I,29,,0.0003178062931052,0.0003178062931052,28202107.868211605,1,8,0.08
P1,P,0,-0.0016571711498027,0.0,-0.0016571711498027,20000000.0,1,6,0.08
P2,P,0,-0.0017802598263773,0.0,-0.0017802598263773,20000000.0,1,6,0.08
I1,I,0,,0.0025436288408234,0.0025436288408234,44706267.91487637,1,6,0.08
I2,I,0,,0.0012718144204117,0.0012718144204117,35686463.97728069,1,6,0.08
I3,I,0,,,,,0,6,0.08
P1,P,1,-0.0015385168615482,0.0,-0.0015385168615482,20000000.0,1,6,0.08
P2,P,1,-0.0016478391697498,0.0,-0.0016478391697498,20000000.0,1,6,0.08
I1,I,1,,0.0025436288408234,0.0025436288408234,44169657.554030426,1,6,0.08
I2,I,1,,0.0012718144204117,0.0012718144204117,35872239.592868604,1,6,0.08
I3,I,1,,,,,0,6,0.08
P1,P,2,-0.0015346313528815,0.0,-0.0015346313528815,20000000.0,1,6,0.08
P2,P,2,-0.0016359888706559,0.0,-0.0016359888706559,20000000.0,1,6,0.08
I1,I,2,,0.0025436288408234,0.0025436288408234,44411849.80009521,1,6,0.08
I2,I,2,,0.0012718144204117,0.0012718144204117,36166364.35911851,1,6,0.08
I3,I,2,,,,,0,6,0.08
P1,P,3,-0.0015589209643461,0.0,-0.0015589209643461,20000000.0,1,6,0.08
P2,P,3,-0.0016561105988457,0.0,-0.0016561105988457,20000000.0,1,6,0.08
I1,I,3,,0.0025436288408234,0.0025436288408234,44643210.74508386,1,6,0.08
I2,I,3,,0.0012718144204117,0.0012718144204117,36385160.49059783,1,6,0.08
I3,I,3,,,,,0,6,0.08
P1,P,4,-0.0015907947067141,0.0,-0.0015907947067141,20000000.0,1,6,0.08
P2,P,4,-0.0016869386290558,0.0,-0.0016869386290558,20000000.0,1,6,0.08
I1,I,4,,0.0025436288408234,0.0025436288408234,44825679.52312405,1,6,0.08
I2,I,4,,0.0012718144204117,0.0012718144204117,36551139.85227704,1,6,0.08
I3,I,4,,,,,0,6,0.08
P1,P,5,-0.0017163180615434,0.0,-0.0017163180615434,20000000.0,1,6,0.08
P2,P,5,-0.001702206497855,-5.3850978024114326e-05,-0.0017560574758791,20000000.0,1,6,0.08
I1,I,5,,0.0025436288408234,0.0025436288408234,45442030.72430022,1,6,0.08
I2,I,5,,0.0012718144204117,0.0012718144204117,37128735.11668178,1,6,0.08
I3,I,5,,,,,0,6,0.08
P1,P,6,-0.0017995079177034,0.0,-0.0017995079177034,20000000.0,1,6,0.08
P2,P,6,-0.001498061863478,-0.0003638369951133,-0.0018618988585914,20000000.0,1,6,0.08
I1,I,6,,0.0025436288408234,0.0025436288408234,45600601.96533478,1,6,0.08
I2,I,6,,0.0012718144204117,0.0012718144204117,37251300.2622695,1,6,0.08
I3,I,6,,,,,0,6,0.08
P1,P,7,-0.0018435398182448,-1.0520938036391371e-05,-0.0018540607562812,20000000.0,1,6,0.08
P2,P,7,-0.0013071688261648,-0.0008072818850904,-0.0021144507112552,20000000.0,1,6,0.08
I1,I,7,,0.0025436288408234,0.0025436288408234,45982427.00871787,1,6,0.08
I2,I,7,,0.0012718144204117,0.0012718144204117,37574078.2011734,1,6,0.08
I3,I,7,,0.0003179536051029,0.0003179536051029,36967809.46954066,1,6,0.08
P1,P,8,-0.0017420519683746,-0.000146056021963,-0.0018881079903376,20000000.0,1,6,0.08
P2,P,8,-0.001145421947522,-0.0011639175784835,-0.0023093395260055,20000000.0,1,6,0.08
I1,I,8,,0.0025436288408234,0.0025436288408234,45727256.15133447,1,6,0.08
I2,I,8,,0.0012718144204117,0.0012718144204117,37294159.09656458,1,6,0.08
I3,I,8,,0.0003179536051029,0.0003179536051029,36652136.95209944,1,6,0.08
P1,P,9,-0.0015838240846822,-0.0003572089118484,-0.0019410329965306,20000000.0,1,6,0.08
P2,P,9,-0.001005361593542,-0.0014094081935739,-0.0024147697871159,20000000.0,1,6,0.08
I1,I,9,,0.0025436288408234,0.0025436288408234,45127947.81307789,1,6,0.08
I2,I,9,,0.0012718144204117,0.0012718144204117,36704983.81334041,1,6,0.08
I3,I,9,,0.0003179536051029,0.0003179536051029,36053218.76817742,1,6,0.08
P1,P,10,-0.0013983753819536,-0.0005457280147163,-0.00194410339667,20000000.0,1,6,0.08
P2,P,10,-0.0008835258716496,-0.0015779071223737,-0.0024614329940233,20000000.0,1,6,0.08
I1,I,10,,0.0025436288408234,0.0025436288408234,44391796.63267301,1,6,0.08
I2,I,10,,0.0012718144204117,0.0012718144204117,35991877.304663524,1,6,0.08
I3,I,10,,0.0003179536051029,0.0003179536051029,35331067.22043519,1,6,0.08
P1,P,11,-0.0012288288152985,-0.0007013417187015,-0.001930170534,20000000.0,1,6,0.08
P2,P,11,-0.0007794374043222,-0.0016951081757295,-0.0024745455800518,20000000.0,1,6,0.08
I1,I,11,,0.0025436288408234,0.0025436288408234,43630519.25568109,1,6,0.08
I2,I,11,,0.0012718144204117,0.0012718144204117,35259099.48010169,1,6,0.08
I3,I,11,,0.0003179536051029,0.0003179536051029,34588479.01208,1,6,0.08
P1,P,12,-0.0010905874421851,-0.0008213273314248,-0.0019119147736099,20000000.0,1,6,0.08
P2,P,12,-0.0006919757926498,-0.0017772225847504,-0.0024691983774003,20000000.0,1,6,0.08
I1,I,12,,0.0025436288408234,0.0025436288408234,42900403.578174025,1,6,0.08
I2,I,12,,0.0012718144204117,0.0012718144204117,34559911.3408876,1,6,0.08
I3,I,12,,0.0003179536051029,0.0003179536051029,33878635.663321,1,6,0.08
P1,P,13,-0.0009786740382781,-0.0009143793620049,-0.001893053400283,20000000.0,1,6,0.08
P2,P,13,-0.0006191370238062,-0.0018359513906708,-0.0024550884144771,20000000.0,1,6,0.08
I1,I,13,,0.0025436288408234,0.0025436288408234,42229140.36265671,1,6,0.08
I2,I,13,,0.0012718144204117,0.0012718144204117,33920062.958831914,1,6,0.08
I3,I,13,,0.0003179536051029,0.0003179536051029,33227809.554925986,1,6,0.08
P1,P,14,-0.0008860130775269,-0.0009908242669336,-0.0018768373444605,20000000.0,1,6,0.08
P2,P,14,-0.0005584749777485,-0.0018792624333189,-0.0024377374110675,20000000.0,1,6,0.08
I1,I,14,,0.0025436288408234,0.0025436288408234,41624721.62239716,1,6,0.08
I2,I,14,,0.0012718144204117,0.0012718144204117,33346534.755755574,1,6,0.08
I3,I,14,,0.0003179536051029,0.0003179536051029,32643348.87005181,1,6,0.08
P1,P,15,-0.0008080414646234,-0.0010569240364867,-0.0018649655011101,20000000.0,1,6,0.08
P2,P,15,-0.0005076428360851,-0.0019120168113254,-0.0024196596474105,20000000.0,1,6,0.08
I1,I,15,,0.0025436288408234,0.0025436288408234,41084235.14292133,1,6,0.08
I2,I,15,,0.0012718144204117,0.0012718144204117,32835949.218701974,1,6,0.08
I3,I,15,,0.0003179536051029,0.0003179536051029,32122059.414996825,1,6,0.08
P1,P,16,-0.0007417186263113,-0.0011156394231258,-0.0018573580494371,20000000.0,1,6,0.08
P2,P,16,-0.0004646500320625,-0.0019373001760588,-0.0024019502081213,20000000.0,1,6,0.08
I1,I,16,,0.0025436288408234,0.0025436288408234,40600856.39060529,1,6,0.08
I2,I,16,,0.0012718144204117,0.0012718144204117,32381208.429738708,1,6,0.08
I3,I,16,,0.0003179536051029,0.0003179536051029,31656977.894620232,1,6,0.08
P1,P,17,-0.000684798838731,-0.0011683911636407,-0.0018531900023718,20000000.0,1,6,0.08
P2,P,17,-0.0004279324588315,-0.0019570867405278,-0.0023850191993593,20000000.0,1,6,0.08
I1,I,17,,0.0025436288408234,0.0025436288408234,40167450.85738909,1,6,0.08
I2,I,17,,0.0012718144204117,0.0012718144204117,31975028.70896372,1,6,0.08
I3,I,17,,0.0003179536051029,0.0003179536051029,31240917.27361049,1,6,0.08
P1,P,18,-0.0006355236672321,-0.0012157867705485,-0.0018513104377807,20000000.0,1,6,0.08
P2,P,18,-0.0003963125825678,-0.0019727722923082,-0.0023690848748761,20000000.0,1,6,0.08
I1,I,18,,0.0025436288408234,0.0025436288408234,39778309.04278921,1,6,0.08
I2,I,18,,0.0012718144204117,0.0012718144204117,31611603.860012792,1,6,0.08
I3,I,18,,0.0003179536051029,0.0003179536051029,30868154.41666569,1,6,0.08
P1,P,19,-0.0005925924056481,-0.0012584131510085,-0.0018510055566567,20000000.0,1,6,0.08
P2,P,19,-0.0003688905597667,-0.0019855230154505,-0.0023544135752172,20000000.0,1,6,0.08
I1,I,19,,0.0025436288408234,0.0025436288408234,39428215.25986188,1,6,0.08
I2,I,19,,0.0012718144204117,0.0012718144204117,31285665.176518947,1,6,0.08
I3,I,19,,0.0003179536051029,0.0003179536051029,30533478.06189625,1,6,0.08
P1,P,20,-0.0005550000323804,-0.0012968448314276,-0.0018518448638081,20000000.0,1,6,0.08
P2,P,20,-0.0003449316032148,-0.0019960755402554,-0.0023410071434703,20000000.0,1,6,0.08
I1,I,20,,0.0025436288408234,0.0025436288408234,39112417.35621487,1,6,0.08
I2,I,20,,0.0012718144204117,0.0012718144204117,30992524.906160675,1,6,0.08
I3,I,20,,0.0003179536051029,0.0003179536051029,30232188.33753236,1,6,0.08
P1,P,21,-0.0005218904698342,-0.0013315702595469,-0.0018534607293812,20000000.0,1,6,0.08
P2,P,21,-0.0003238683097353,-0.0020049696130778,-0.0023288379228131,20000000.0,1,6,0.08
I1,I,21,,0.0025436288408234,0.0025436288408234,38826693.09162311,1,6,0.08
I2,I,21,,0.0012718144204117,0.0012718144204117,30728047.02077358,1,6,0.08
I3,I,21,,0.0003179536051029,0.0003179536051029,29960122.715300888,1,6,0.08
P1,P,22,-0.0004925143154591,-0.0013629084114457,-0.0018554227269049,20000000.0,1,6,0.08
P2,P,22,-0.0003052551474835,-0.0020126380203068,-0.0023178931677904,20000000.0,1,6,0.08
I1,I,22,,0.0025436288408234,0.0025436288408234,38567687.73328981,1,6,0.08
I2,I,22,,0.0012718144204117,0.0012718144204117,30488937.119301368,1,6,0.08
I3,I,22,,0.0003179536051029,0.0003179536051029,29713972.21342785,1,6,0.08
P1,P,23,-0.0004662723127394,-0.0013914236189272,-0.0018576959316667,20000000.0,1,6,0.08
P2,P,23,-0.00028871023133,-0.0020193549806474,-0.0023080652119774,20000000.0,1,6,0.08
I1,I,23,,0.0025436288408234,0.0025436288408234,38332095.72633163,1,6,0.08
I2,I,23,,0.0012718144204117,0.0012718144204117,30272010.10388828,1,6,0.08
I3,I,23,,0.0003179536051029,0.0003179536051029,29490496.35598956,1,6,0.08
P1,P,24,-0.0004426739904232,-0.0014175287193101,-0.0018602027097334,20000000.0,1,6,0.08
P2,P,24,-0.0002739032376026,-0.0020253325512148,-0.0022992357888175,20000000.0,1,6,0.08
I1,I,24,,0.0025436288408234,0.0025436288408234,38116893.32214332,1,6,0.08
I2,I,24,,0.0012718144204117,0.0012718144204117,30074351.191147503,1,6,0.08
I3,I,24,,0.0003179536051029,0.0003179536051029,29286729.553291,1,6,0.08
P1,P,25,-0.0004213106271393,-0.0014415334294262,-0.0018628440565656,20000000.0,1,6,0.08
P2,P,25,-0.0002605572863521,-0.0020307233210651,-0.0022912806074173,20000000.0,1,6,0.08
I1,I,25,,0.0025436288408234,0.0025436288408234,37919508.78948522,1,6,0.08
I2,I,25,,0.0012718144204117,0.0012718144204117,29893480.728311125,1,6,0.08
I3,I,25,,0.0003179536051029,0.0003179536051029,29100150.380082045,1,6,0.08
P1,P,26,-0.0004018419952297,-0.0014637346106751,-0.0018655766059049,20000000.0,1,6,0.08
P2,P,26,-0.0002484645536143,-0.0020355798092663,-0.0022840443628807,20000000.0,1,6,0.08
I1,I,26,,0.0025436288408234,0.0025436288408234,37737813.39327347,1,6,0.08
I2,I,26,,0.0012718144204117,0.0012718144204117,29727366.571809694,1,6,0.08
I3,I,26,,0.0003179536051029,0.0003179536051029,28928682.2468859,1,6,0.08
P1,P,27,-0.00038398818641,-0.0014843733888509,-0.0018683615752609,20000000.0,1,6,0.08
P2,P,27,-0.0002374750525269,-0.0020399162945271,-0.002277391347054,20000000.0,1,6,0.08
I1,I,27,,0.0025436288408234,0.0025436288408234,37570131.24652208,1,6,0.08
I2,I,27,,0.0012718144204117,0.0012718144204117,29574417.271354333,1,6,0.08
I3,I,27,,0.0003179536051029,0.0003179536051029,28770695.35532287,1,6,0.08
P1,P,28,-0.0003675351341248,-0.0015036799300779,-0.0018712150642027,20000000.0,1,6,0.08
P2,P,28,-0.0002274668941486,-0.0020437409944033,-0.002271207888552,20000000.0,1,6,0.08
I1,I,28,,0.0025436288408234,0.0025436288408234,37415011.78825259,1,6,0.08
I2,I,28,,0.0012718144204117,0.0012718144204117,29433261.71234741,1,6,0.08
I3,I,28,,0.0003179536051029,0.0003179536051029,28624782.55797675,1,6,0.08
P1,P,29,-0.0003522943070054,-0.0015218020843006,-0.0018740963913061,20000000.0,1,6,0.08
P2,P,29,-0.000218335089576,-0.0020471049548129,-0.002265440044389,20000000.0,1,6,0.08
I1,I,29,,0.0025436288408234,0.0025436288408234,37271240.90794458,1,6,0.08
I2,I,29,,0.0012718144204117,0.0012718144204117,29302747.83264948,1,6,0.08
I3,I,29,,0.0003179536051029,0.0003179536051029,28489765.56339395,1,6,0.08
P1,P,0,-0.0017176804036577,0.0,-0.0017176804036577,20000000.0,1,7,0.08
P2,P,0,-0.0017222876450741,0.0,-0.0017222876450741,20000000.0,1,7,0.08
I1,I,0,,0.0025378891729841,0.0025378891729841,40803444.92057358,1,7,0.08
I2,I,0,,0.001268944586492,0.001268944586492,36093286.34554631,1,7,0.08
I3,I,0,,,,,0,7,0.08
P1,P,1,-0.0015822503324143,0.0,-0.0015822503324143,20000000.0,1,7,0.08
P2,P,1,-0.0016015354763256,0.0,-0.0016015354763256,20000000.0,1,7,0.08
I1,I,1,,0.0025378891729841,0.0025378891729841,40799400.2064171,1,7,0.08
I2,I,1,,0.001268944586492,0.001268944586492,36237747.88754232,1,7,0.08
I3,I,1,,,,,0,7,0.08
P1,P,2,-0.0015727781314903,0.0,-0.0015727781314903,20000000.0,1,7,0.08
P2,P,2,-0.0015926486062582,0.0,-0.0015926486062582,20000000.0,1,7,0.08
I1,I,2,,0.0025378891729841,0.0025378891729841,41142495.40597399,1,7,0.08
I2,I,2,,0.001268944586492,0.001268944586492,36526473.84899228,1,7,0.08
I3,I,2,,,,,0,7,0.08
P1,P,3,-0.001595556151867,0.0,-0.001595556151867,20000000.0,1,7,0.08
P2,P,3,-0.001613122394848,0.0,-0.001613122394848,20000000.0,1,7,0.08
I1,I,3,,0.0025378891729841,0.0025378891729841,41405248.96197227,1,7,0.08
I2,I,3,,0.001268944586492,0.001268944586492,36744304.911299855,1,7,0.08
I3,I,3,,,,,0,7,0.08
P1,P,4,-0.0016276057951606,0.0,-0.0016276057951606,20000000.0,1,7,0.08
P2,P,4,-0.0016433336749365,0.0,-0.0016433336749365,20000000.0,1,7,0.08
I1,I,4,,0.0025378891729841,0.0025378891729841,41600344.7013978,1,7,0.08
I2,I,4,,0.001268944586492,0.001268944586492,36910675.74823448,1,7,0.08
I3,I,4,,,,,0,7,0.08
P1,P,5,-0.0017560241267224,0.0,-0.0017560241267224,20000000.0,1,7,0.08
P2,P,5,-0.0016583368255454,-5.179476998486477e-05,-0.0017101315955303,20000000.0,1,7,0.08
I1,I,5,,0.0025378891729841,0.0025378891729841,42233771.87113863,1,7,0.08
I2,I,5,,0.001268944586492,0.001268944586492,37494448.334325366,1,7,0.08
I3,I,5,,,,,0,7,0.08
P1,P,6,-0.0018404187867343,0.0,-0.0018404187867343,20000000.0,1,7,0.08
P2,P,6,-0.001461903315275,-0.00035746387561,-0.0018193671908851,20000000.0,1,7,0.08
I1,I,6,,0.0025378891729841,0.0025378891729841,42381634.95020017,1,7,0.08
I2,I,6,,0.001268944586492,0.001268944586492,37603575.24275144,1,7,0.08
I3,I,6,,,,,0,7,0.08
P1,P,7,-0.0018403507690551,-8.270229060723414e-06,-0.0018486209981158,20000000.0,1,7,0.08
P2,P,7,-0.0012619539555416,-0.0007348533104822,-0.0019968072660238,20000000.0,1,7,0.08
I1,I,7,,0.0025378891729841,0.0025378891729841,42142552.264209874,1,7,0.08
I2,I,7,,0.001268944586492,0.001268944586492,37332498.86640333,1,7,0.08
I3,I,7,,,,,0,7,0.08
P1,P,8,-0.0017609932478119,-0.0001540783618535,-0.0019150716096654,20000000.0,1,7,0.08
P2,P,8,-0.0011255546822862,-0.0010780413490846,-0.0022035960313709,20000000.0,1,7,0.08
I1,I,8,,0.0025378891729841,0.0025378891729841,42194560.04142284,1,7,0.08
I2,I,8,,0.001268944586492,0.001268944586492,37353930.49916491,1,7,0.08
I3,I,8,,0.000317236146623,0.000317236146623,36447250.83745725,1,7,0.08
P1,P,9,-0.0016201574442215,-0.0003787435306895,-0.0019989009749111,20000000.0,1,7,0.08
P2,P,9,-0.0009975059456407,-0.0013195238338563,-0.002317029779497,20000000.0,1,7,0.08
I1,I,9,,0.0025378891729841,0.0025378891729841,41662015.72005142,1,7,0.08
I2,I,9,,0.001268944586492,0.001268944586492,36829757.10412266,1,7,0.08
I3,I,9,,0.000317236146623,0.000317236146623,35869674.67649525,1,7,0.08
P1,P,10,-0.0014482097111406,-0.0005791687127513,-0.0020273784238919,20000000.0,1,7,0.08
P2,P,10,-0.0008792994523132,-0.0014827936223771,-0.0023620930746904,20000000.0,1,7,0.08
I1,I,10,,0.0025378891729841,0.0025378891729841,40928614.47366202,1,7,0.08
I2,I,10,,0.001268944586492,0.001268944586492,36122359.22945324,1,7,0.08
I3,I,10,,0.000317236146623,0.000317236146623,35141701.01854882,1,7,0.08
P1,P,11,-0.0012770170759496,-0.0007393783721748,-0.0020163954481244,20000000.0,1,7,0.08
P2,P,11,-0.0007765841074037,-0.0015953887513488,-0.0023719728587525,20000000.0,1,7,0.08
I1,I,11,,0.0025378891729841,0.0025378891729841,40167441.96994936,1,7,0.08
I2,I,11,,0.001268944586492,0.001268944586492,35390642.53549006,1,7,0.08
I3,I,11,,0.000317236146623,0.000317236146623,34395532.01226293,1,7,0.08
P1,P,12,-0.0011345025563403,-0.0008567850901503,-0.0019912876464907,20000000.0,1,7,0.08
P2,P,12,-0.0006907748768948,-0.0016757424875125,-0.0023665173644073,20000000.0,1,7,0.08
I1,I,12,,0.0025378891729841,0.0025378891729841,39454830.20775404,1,7,0.08
I2,I,12,,0.001268944586492,0.001268944586492,34707151.01663131,1,7,0.08
I3,I,12,,0.000317236146623,0.000317236146623,33700581.115077235,1,7,0.08
P1,P,13,-0.0010226251588292,-0.0009439768111499,-0.0019666019699791,20000000.0,1,7,0.08
P2,P,13,-0.0006198768243708,-0.0017351642918112,-0.0023550411161821,20000000.0,1,7,0.08
I1,I,13,,0.0025378891729841,0.0025378891729841,38811876.46411576,1,7,0.08
I2,I,13,,0.001268944586492,0.001268944586492,34092575.18524173,1,7,0.08
I3,I,13,,0.000317236146623,0.000317236146623,33075931.85310568,1,7,0.08
P1,P,14,-0.0009318903662389,-0.001013176613206,-0.001945066979445,20000000.0,1,7,0.08
P2,P,14,-0.0005611149679375,-0.0017810572397057,-0.0023421722076432,20000000.0,1,7,0.08
I1,I,14,,0.0025378891729841,0.0025378891729841,38240234.00054807,1,7,0.08
I2,I,14,,0.001268944586492,0.001268944586492,33548268.46712064,1,7,0.08
I3,I,14,,0.000317236146623,0.000317236146623,32522428.051398546,1,7,0.08
P1,P,15,-0.0008548757690738,-0.0010742463610873,-0.0019291221301612,20000000.0,1,7,0.08
P2,P,15,-0.0005119009150043,-0.0018174368819015,-0.0023293377969059,20000000.0,1,7,0.08
I1,I,15,,0.0025378891729841,0.0025378891729841,37731325.58764622,1,7,0.08
I2,I,15,,0.001268944586492,0.001268944586492,33065743.42908564,1,7,0.08
I3,I,15,,0.000317236146623,0.000317236146623,32031200.445208203,1,7,0.08
P1,P,16,-0.0007873051926233,-0.0011322939996589,-0.0019195991922823,20000000.0,1,7,0.08
P2,P,16,-0.000470091934998,-0.0018462523170522,-0.0023163442520503,20000000.0,1,7,0.08
I1,I,16,,0.0025378891729841,0.0025378891729841,37273467.8316901,1,7,0.08
I2,I,16,,0.001268944586492,0.001268944586492,32633554.660456397,1,7,0.08
I3,I,16,,0.000317236146623,0.000317236146623,31590495.158971675,1,7,0.08
P1,P,17,-0.0007271265486021,-0.0011884808402845,-0.0019156073888866,20000000.0,1,7,0.08
P2,P,17,-0.0004340657185742,-0.0018687481732811,-0.0023028138918553,20000000.0,1,7,0.08
I1,I,17,,0.0025378891729841,0.0025378891729841,36856767.22714897,1,7,0.08
I2,I,17,,0.001268944586492,0.001268944586492,32241899.855266742,1,7,0.08
I3,I,17,,0.000317236146623,0.000317236146623,31190389.02908613,1,7,0.08
P1,P,18,-0.0006734127999709,-0.0012423120532424,-0.0019157248532133,20000000.0,1,7,0.08
P2,P,18,-0.0004026562708723,-0.0018858390447372,-0.0022884953156096,20000000.0,1,7,0.08
I1,I,18,,0.0025378891729841,0.0025378891729841,36474844.98813538,1,7,0.08
I2,I,18,,0.001268944586492,0.001268944586492,31884350.63043036,1,7,0.08
I3,I,18,,0.000317236146623,0.000317236146623,30824460.093615647,1,7,0.08
P1,P,19,-0.000625653690144,-0.001292944835826,-0.00191859852597,20000000.0,1,7,0.08
P2,P,19,-0.0003750539020483,-0.0018985560540431,-0.0022736099560915,20000000.0,1,7,0.08
I1,I,19,,0.0025378891729841,0.0025378891729841,36123875.95700464,1,7,0.08
I2,I,19,,0.001268944586492,0.001268944586492,31556914.400701694,1,7,0.08
I3,I,19,,0.000317236146623,0.000317236146623,30488822.05150048,1,7,0.08
P1,P,20,-0.0005833947155981,-0.0013395368133353,-0.0019229315289334,20000000.0,1,7,0.08
P2,P,20,-0.0003506574986608,-0.0019080316550286,-0.0022586891536895,20000000.0,1,7,0.08
I1,I,20,,0.0025378891729841,0.0025378891729841,35801721.86497782,1,7,0.08
I2,I,20,,0.001268944586492,0.001268944586492,31257245.50492932,1,7,0.08
I3,I,20,,0.000317236146623,0.000317236146623,30181272.62997263,1,7,0.08
P1,P,21,-0.0005461681058793,-0.0013817651063832,-0.0019279332122625,20000000.0,1,7,0.08
P2,P,21,-0.0003289862410257,-0.0019152887587972,-0.002244274999823,20000000.0,1,7,0.08
I1,I,21,,0.0025378891729841,0.0025378891729841,35506564.51288728,1,7,0.08
I2,I,21,,0.001268944586492,0.001268944586492,30983379.38697093,1,7,0.08
I3,I,21,,0.000317236146623,0.000317236146623,29899954.361328594,1,7,0.08
P1,P,22,-0.000513371509589,-0.0014196615389593,-0.0019330330485484,20000000.0,1,7,0.08
P2,P,22,-0.0003096598734319,-0.0019211253923072,-0.0022307852657392,20000000.0,1,7,0.08
I1,I,22,,0.0025378891729841,0.0025378891729841,35236673.35886484,1,7,0.08
I2,I,22,,0.001268944586492,0.001268944586492,30733497.81260493,1,7,0.08
I3,I,22,,0.000317236146623,0.000317236146623,29643123.077649023,1,7,0.08
P1,P,23,-0.0004843563560505,-0.0014536774482325,-0.001938033804283,20000000.0,1,7,0.08
P2,P,23,-0.0002923846143602,-0.0019259850401206,-0.0022183696544808,20000000.0,1,7,0.08
I1,I,23,,0.0025378891729841,0.0025378891729841,34990142.08404363,1,7,0.08
I2,I,23,,0.001268944586492,0.001268944586492,30505718.95632524,1,7,0.08
I3,I,23,,0.000317236146623,0.000317236146623,29408900.199134544,1,7,0.08
P1,P,24,-0.0004585360152774,-0.0014843811426817,-0.0019429171579592,20000000.0,1,7,0.08
P2,P,24,-0.0002769117003828,-0.0019300613599086,-0.0022069730602915,20000000.0,1,7,0.08
I1,I,24,,0.0025378891729841,0.0025378891729841,34765024.352292694,1,7,0.08
I2,I,24,,0.001268944586492,0.001268944586492,30298191.47165133,1,7,0.08
I3,I,24,,0.000317236146623,0.000317236146623,29195392.835374545,1,7,0.08
P1,P,25,-0.0004354074160322,-0.0015122041158333,-0.0019476115318656,20000000.0,1,7,0.08
P2,P,25,-0.0002630202872889,-0.0019336058241061,-0.0021966261113951,20000000.0,1,7,0.08
I1,I,25,,0.0025378891729841,0.0025378891729841,34559284.612868145,1,7,0.08
I2,I,25,,0.001268944586492,0.001268944586492,30108952.3999214,1,7,0.08
I3,I,25,,0.000317236146623,0.000317236146623,29000608.874889143,1,7,0.08
P1,P,26,-0.0004145236177594,-0.0015374020725753,-0.0019519256903348,20000000.0,1,7,0.08
P2,P,26,-0.0002505022367746,-0.0019368907637365,-0.0021873930005112,20000000.0,1,7,0.08
I1,I,26,,0.0025378891729841,0.0025378891729841,34371122.748989806,1,7,0.08
I2,I,26,,0.001268944586492,0.001268944586492,29936253.165842813,1,7,0.08
I3,I,26,,0.000317236146623,0.000317236146623,28822784.06581879,1,7,0.08
P1,P,27,-0.000395539817271,-0.0015604320447147,-0.0019559718619857,20000000.0,1,7,0.08
P2,P,27,-0.0002391448742459,-0.0019400599928306,-0.0021792048670766,20000000.0,1,7,0.08
I1,I,27,,0.0025378891729841,0.0025378891729841,34198436.12225163,1,7,0.08
I2,I,27,,0.001268944586492,0.001268944586492,29778082.998500783,1,7,0.08
I3,I,27,,0.000317236146623,0.000317236146623,28659863.56103469,1,7,0.08
P1,P,28,-0.0003781659653579,-0.0015816100047248,-0.0019597759700828,20000000.0,1,7,0.08
P2,P,28,-0.0002287609244623,-0.0019431877938798,-0.0021719487183422,20000000.0,1,7,0.08
I1,I,28,,0.0025378891729841,0.0025378891729841,34039249.865249574,1,7,0.08
I2,I,28,,0.001268944586492,0.001268944586492,29632552.174414124,1,7,0.08
I3,I,28,,0.000317236146623,0.000317236146623,28509916.82875925,1,7,0.08
P1,P,29,-0.0003621476150734,-0.0016011610904057,-0.0019633087054791,20000000.0,1,7,0.08
P2,P,29,-0.0002192014709109,-0.0019463295738643,-0.0021655310447752,20000000.0,1,7,0.08
I1,I,29,,0.0025378891729841,0.0025378891729841,33891891.058201574,1,7,0.08
I2,I,29,,0.001268944586492,0.001268944586492,29498059.554891985,1,7,0.08
I3,I,29,,0.000317236146623,0.000317236146623,28371309.532601014,1,7,0.08
P1,P,0,-0.0016273422291477,0.0,-0.0016273422291477,20000000.0,1,0,0.08
P2,P,0,-0.0019129745874801,0.0,-0.0019129745874801,20000000.0,1,0,0.08
I1,I,0,,0.0025405410038538,0.0025405410038538,40460525.19310464,1,0,0.08
I2,I,0,,0.0012702705019269,0.0012702705019269,36927345.8148115,1,0,0.08
I3,I,0,,0.0003175676254817,0.0003175676254817,34007209.4303403,1,0,0.08
P1,P,1,-0.0015184468716961,0.0,-0.0015184468716961,20000000.0,1,0,0.08
P2,P,1,-0.0017708576375155,0.0,-0.0017708576375155,20000000.0,1,0,0.08
I1,I,1,,0.0025405410038538,0.0025405410038538,40673105.55306997,1,0,0.08
I2,I,1,,0.0012702705019269,0.0012702705019269,37083406.08626272,1,0,0.08
I3,I,1,,0.0003175676254817,0.0003175676254817,34915512.31629288,1,0,0.08
P1,P,2,-0.00152247869691,0.0,-0.00152247869691,20000000.0,1,0,0.08
P2,P,2,-0.001764393067999,0.0,-0.001764393067999,20000000.0,1,0,0.08
I1,I,2,,0.0025405410038538,0.0025405410038538,41128438.765932456,1,0,0.08
I2,I,2,,0.0012702705019269,0.0012702705019269,37427104.99231112,1,0,0.08
I3,I,2,,0.0003175676254817,0.0003175676254817,35504848.61402992,1,0,0.08
P1,P,3,-0.0015554158143035,0.0,-0.0015554158143035,20000000.0,1,0,0.08
P2,P,3,-0.0017951218213671,0.0,-0.0017951218213671,20000000.0,1,0,0.08
I1,I,3,,0.0025405410038538,0.0025405410038538,41473867.60412434,1,0,0.08
I2,I,3,,0.0012702705019269,0.0012702705019269,37703282.64943776,1,0,0.08
I3,I,3,,0.0003175676254817,0.0003175676254817,35899003.682862885,1,0,0.08
P1,P,4,-0.001596165505805,0.0,-0.001596165505805,20000000.0,1,0,0.08
P2,P,4,-0.0018383806492531,0.0,-0.0018383806492531,20000000.0,1,0,0.08
I1,I,4,,0.0025405410038538,0.0025405410038538,41737812.00485249,1,0,0.08
I2,I,4,,0.0012702705019269,0.0012702705019269,37925358.77474837,1,0,0.08
I3,I,4,,0.0003175676254817,0.0003175676254817,36190255.75055309,1,0,0.08
P1,P,5,-0.0017542790194023,0.0,-0.0017542790194023,20000000.0,1,0,0.08
P2,P,5,-0.0018405498590086,-9.19848233827328e-05,-0.0019325346823913,20000000.0,1,0,0.08
I1,I,5,,0.0025405410038538,0.0025405410038538,42573131.33282537,1,0,0.08
I2,I,5,,0.0012702705019269,0.0012702705019269,38690225.84363825,1,0,0.08
I3,I,5,,0.0003175676254817,0.0003175676254817,37065875.67968138,1,0,0.08
P1,P,6,-0.0018519847270083,0.0,-0.0018519847270083,20000000.0,1,0,0.08
P2,P,6,-0.001607793449152,-0.0005056854048968,-0.0021134788540489,20000000.0,1,0,0.08
I1,I,6,,0.0025405410038538,0.0025405410038538,42768380.02890652,1,0,0.08
I2,I,6,,0.0012702705019269,0.0012702705019269,38821913.76931601,1,0,0.08
I3,I,6,,0.0003175676254817,0.0003175676254817,37270580.39995771,1,0,0.08
P1,P,7,-0.0018386848040826,-1.4852754226650987e-05,-0.0018535375583093,20000000.0,1,0,0.08
P2,P,7,-0.001377251485616,-0.0009603707060008,-0.0023376221916169,20000000.0,1,0,0.08
I1,I,7,,0.0025405410038538,0.0025405410038538,42489803.04188914,1,0,0.08
I2,I,7,,0.0012702705019269,0.0012702705019269,38494709.18052495,1,0,0.08
I3,I,7,,0.0003175676254817,0.0003175676254817,36998042.18931293,1,0,0.08
P1,P,8,-0.0016970161097811,-0.0001592990061525,-0.0018563151159336,20000000.0,1,0,0.08
P2,P,8,-0.0011907463693812,-0.0012985588378074,-0.0024893052071887,20000000.0,1,0,0.08
I1,I,8,,0.0025405410038538,0.0025405410038538,41878652.01055275,1,0,0.08
I2,I,8,,0.0012702705019269,0.0012702705019269,37871160.65393708,1,0,0.08
I3,I,8,,0.0003175676254817,0.0003175676254817,36403237.68719475,1,0,0.08
P1,P,9,-0.0015285084047537,-0.0003705233998553,-0.001899031804609,20000000.0,1,0,0.08
P2,P,9,-0.0010350717052163,-0.0015178897680419,-0.0025529614732583,20000000.0,1,0,0.08
I1,I,9,,0.0025405410038538,0.0025405410038538,41032224.44545896,1,0,0.08
I2,I,9,,0.0012702705019269,0.0012702705019269,37045936.93772241,1,0,0.08
I3,I,9,,0.0003175676254817,0.0003175676254817,35583443.93097429,1,0,0.08
P1,P,10,-0.0013618033442784,-0.000541573545514,-0.0019033768897925,20000000.0,1,0,0.08
P2,P,10,-0.000904978806774,-0.0016548902822962,-0.0025598690890703,20000000.0,1,0,0.08
I1,I,10,,0.0025405410038538,0.0025405410038538,40126602.72035331,1,0,0.08
I2,I,10,,0.0012702705019269,0.0012702705019269,36175246.66636342,1,0,0.08
I3,I,10,,0.0003175676254817,0.0003175676254817,34707696.54220413,1,0,0.08
P1,P,11,-0.0012066557062574,-0.0006675151173702,-0.0018741708236277,20000000.0,1,0,0.08
P2,P,11,-0.0007986083440578,-0.0017456944520037,-0.0025443027960616,20000000.0,1,0,0.08
I1,I,11,,0.0025405410038538,0.0025405410038538,39288510.60942069,1,0,0.08
I2,I,11,,0.0012702705019269,0.0012702705019269,35373387.999871425,1,0,0.08
I3,I,11,,0.0003175676254817,0.0003175676254817,33898233.6637872,1,0,0.08
P1,P,12,-0.0010775434320389,-0.0007637435812351,-0.0018412870132741,20000000.0,1,0,0.08
P2,P,12,-0.00071213381087,-0.0018116335819159,-0.0025237673927859,20000000.0,1,0,0.08
I1,I,12,,0.0025405410038538,0.0025405410038538,38552608.74921297,1,0,0.08
I2,I,12,,0.0012702705019269,0.0012702705019269,34672137.97005004,1,0,0.08
I3,I,12,,0.0003175676254817,0.0003175676254817,33188857.68099596,1,0,0.08
P1,P,13,-0.0009735954769881,-0.000839476147005,-0.0018130716239931,20000000.0,1,0,0.08
P2,P,13,-0.0006413179624864,-0.0018631153412724,-0.0025044333037589,20000000.0,1,0,0.08
I1,I,13,,0.0025405410038538,0.0025405410038538,37915600.642326295,1,0,0.08
I2,I,13,,0.0012702705019269,0.0012702705019269,34067723.885046594,1,0,0.08
I3,I,13,,0.0003175676254817,0.0003175676254817,32576355.544199888,1,0,0.08
P1,P,14,-0.0008863535917009,-0.0009030608982817,-0.0017894144899827,20000000.0,1,0,0.08
P2,P,14,-0.0005827407773717,-0.0019056134201417,-0.0024883541975134,20000000.0,1,0,0.08
I1,I,14,,0.0025405410038538,0.0025405410038538,37365799.11770181,1,0,0.08
I2,I,14,,0.0012702705019269,0.0012702705019269,33548339.404927444,1,0,0.08
I3,I,14,,0.0003175676254817,0.0003175676254817,32049229.46624856,1,0,0.08
P1,P,15,-0.0008104014060166,-0.0009618438430707,-0.0017722452490874,20000000.0,1,0,0.08
P2,P,15,-0.0005335836202042,-0.0019413607781843,-0.0024749443983885,20000000.0,1,0,0.08
I1,I,15,,0.0025405410038538,0.0025405410038538,36886436.73249015,1,0,0.08
I2,I,15,,0.0012702705019269,0.0012702705019269,33097696.18261464,1,0,0.08
I3,I,15,,0.0003175676254817,0.0003175676254817,31591041.87350581,1,0,0.08
P1,P,16,-0.000743277988174,-0.0010188031074818,-0.0017620810956559,20000000.0,1,0,0.08
P2,P,16,-0.0004915454181391,-0.0019713065259284,-0.0024628519440675,20000000.0,1,0,0.08
I1,I,16,,0.0025405410038538,0.0025405410038538,36460480.95458101,1,0,0.08
I2,I,16,,0.0012702705019269,0.0012702705019269,32699295.76861065,1,0,0.08
I3,I,16,,0.0003175676254817,0.0003175676254817,31185076.86289018,1,0,0.08
P1,P,17,-0.0006838508558712,-0.0010740132080554,-0.0017578640639267,20000000.0,1,0,0.08
P2,P,17,-0.0004549880442886,-0.0019958913720235,-0.0024508794163121,20000000.0,1,0,0.08
I1,I,17,,0.0025405410038538,0.0025405410038538,36074855.48548062,1,0,0.08
I2,I,17,,0.0012702705019269,0.0012702705019269,32340367.787861835,1,0,0.08
I3,I,17,,0.0003175676254817,0.0003175676254817,30818456.56634797,1,0,0.08
P1,P,18,-0.00063129871334,-0.0011262402806893,-0.0017575389940293,20000000.0,1,0,0.08
P2,P,18,-0.0004229304521438,-0.0020155216448751,-0.0024384520970189,20000000.0,1,0,0.08
I1,I,18,,0.0025405410038538,0.0025405410038538,35722338.1800872,1,0,0.08
I2,I,18,,0.0012702705019269,0.0012702705019269,32013691.57037878,1,0,0.08
I3,I,18,,0.0003175676254817,0.0003175676254817,30484030.066435665,1,0,0.08
P1,P,19,-0.0005851851398783,-0.0011749887697572,-0.0017601739096356,20000000.0,1,0,0.08
P2,P,19,-0.0003946527684958,-0.0020307261079541,-0.0024253788764499,20000000.0,1,0,0.08
I1,I,19,,0.0025405410038538,0.0025405410038538,35398321.11455304,1,0,0.08
I2,I,19,,0.0012702705019269,0.0012702705019269,31714622.377845377,1,0,0.08
I3,I,19,,0.0003175676254817,0.0003175676254817,30177232.923110142,1,0,0.08
P1,P,20,-0.0005449019786946,-0.0012197354108925,-0.0017646373895871,20000000.0,1,0,0.08
P2,P,20,-0.0003695491662303,-0.0020424285112248,-0.0024119776774552,20000000.0,1,0,0.08
I1,I,20,,0.0025405410038538,0.0025405410038538,35100015.76801696,1,0,0.08
I2,I,20,,0.0012702705019269,0.0012702705019269,31440220.437850505,1,0,0.08
I3,I,20,,0.0003175676254817,0.0003175676254817,29895262.96633644,1,0,0.08
P1,P,21,-0.0005098401121901,-0.0012602189695432,-0.0017700590817334,20000000.0,1,0,0.08
P2,P,21,-0.0003471361061516,-0.0020514886159473,-0.002398624722099,20000000.0,1,0,0.08
I1,I,21,,0.0025405410038538,0.0025405410038538,34825675.34602129,1,0,0.08
I2,I,21,,0.0012702705019269,0.0012702705019269,31188613.13505729,1,0,0.08
I3,I,21,,0.0003175676254817,0.0003175676254817,29636367.393397897,1,0,0.08
P1,P,22,-0.0004792943236125,-0.0012966237750894,-0.0017759180987019,20000000.0,1,0,0.08
P2,P,22,-0.0003270614162061,-0.0020586349182546,-0.0023856963344608,20000000.0,1,0,0.08
I1,I,22,,0.0025405410038538,0.0025405410038538,34573687.76237787,1,0,0.08
I2,I,22,,0.0012702705019269,0.0012702705019269,30958119.8952269,1,0,0.08
I3,I,22,,0.0003175676254817,0.0003175676254817,29398944.920283053,1,0,0.08
P1,P,23,-0.0004525410151346,-0.0013292385779131,-0.0017817795930477,20000000.0,1,0,0.08
P2,P,23,-0.0003090353743014,-0.0020644762981432,-0.0023735116724447,20000000.0,1,0,0.08
I1,I,23,,0.0025405410038538,0.0025405410038538,34342555.198779084,1,0,0.08
I2,I,23,,0.0012702705019269,0.0012702705019269,30747211.346376084,1,0,0.08
I3,I,23,,0.0003175676254817,0.0003175676254817,29181519.47178373,1,0,0.08
P1,P,24,-0.0004289915286582,-0.0013586147306758,-0.0017876062593341,20000000.0,1,0,0.08
P2,P,24,-0.0002928047658826,-0.0020693446073114,-0.002362149373194,20000000.0,1,0,0.08
I1,I,24,,0.0025405410038538,0.0025405410038538,34130446.231216736,1,0,0.08
I2,I,24,,0.0012702705019269,0.0012702705019269,30554109.41915447,1,0,0.08
I3,I,24,,0.0003175676254817,0.0003175676254817,28982311.30340958,1,0,0.08
P1,P,25,-0.0004081295348436,-0.0013851040226664,-0.00179323355751,20000000.0,1,0,0.08
P2,P,25,-0.0002781457424993,-0.002073505232994,-0.0023516509754933,20000000.0,1,0,0.08
I1,I,25,,0.0025405410038538,0.0025405410038538,33935739.344116665,1,0,0.08
I2,I,25,,0.0012702705019269,0.0012702705019269,30377251.17591228,1,0,0.08
I3,I,25,,0.0003175676254817,0.0003175676254817,28799749.41615575,1,0,0.08
P1,P,26,-0.0003895013463629,-0.00140908510881,-0.0017985864551729,20000000.0,1,0,0.08
P2,P,26,-0.0002648418378381,-0.0020772314103708,-0.0023420732482089,20000000.0,1,0,0.08
I1,I,26,,0.0025405410038538,0.0025405410038538,33756747.75630531,1,0,0.08
I2,I,26,,0.0012702705019269,0.0012702705019269,30215008.49135239,1,0,0.08
I3,I,26,,0.0003175676254817,0.0003175676254817,28632193.12978072,1,0,0.08
P1,P,27,-0.0003727086779177,-0.0014309263109241,-0.0018036349888419,20000000.0,1,0,0.08
P2,P,27,-0.0002526932489702,-0.0020807297629168,-0.002333423011887,20000000.0,1,0,0.08
I1,I,27,,0.0025405410038538,0.0025405410038538,33591733.069420084,1,0,0.08
I2,I,27,,0.0012702705019269,0.0012702705019269,30065711.7093914,1,0,0.08
I3,I,27,,0.0003175676254817,0.0003175676254817,28477951.425207928,1,0,0.08
P1,P,28,-0.0003574202256561,-0.0014509373476081,-0.0018083575732642,20000000.0,1,0,0.08
P2,P,28,-0.0002415230637864,-0.0020841394358565,-0.0023256624996429,20000000.0,1,0,0.08
I1,I,28,,0.0025405410038538,0.0025405410038538,33439040.572206397,1,0,0.08
I2,I,28,,0.0012702705019269,0.0012702705019269,29927779.83143958,1,0,0.08
I3,I,28,,0.0003175676254817,0.0003175676254817,28335416.619435985,1,0,0.08
P1,P,29,-0.0003433759288984,-0.0014693591343227,-0.0018127350632211,20000000.0,1,0,0.08
P2,P,29,-0.0002311888135789,-0.0020875299476655,-0.0023187187612445,20000000.0,1,0,0.08
I1,I,29,,0.0025405410038538,0.0025405410038538,33297239.6367705,1,0,0.08
I2,I,29,,0.0012702705019269,0.0012702705019269,29799857.48576003,1,0,0.08
I3,I,29,,0.0003175676254817,0.0003175676254817,28203204.58121717,1,0,0.08
P1,P,0,-0.0015509044244545,0.0,-0.0015509044244545,20000000.0,1,9,0.08
P2,P,0,-0.0018605475296671,0.0,-0.0018605475296671,20000000.0,1,9,0.08
I1,I,0,,0.0025417829031318,0.0025417829031318,39871084.995335706,1,9,0.08
I2,I,0,,0.0012708914515659,0.0012708914515659,36028776.4706984,1,9,0.08
I3,I,0,,,,,0,9,0.08
P1,P,1,-0.0014424121448451,0.0,-0.0014424121448451,20000000.0,1,9,0.08
P2,P,1,-0.001712366939023,0.0,-0.001712366939023,20000000.0,1,9,0.08
I1,I,1,,0.0025417829031318,0.0025417829031318,40007661.816766135,1,9,0.08
I2,I,1,,0.0012708914515659,0.0012708914515659,36180460.80157251,1,9,0.08
I3,I,1,,,,,0,9,0.08
P1,P,2,-0.001439917071271,0.0,-0.001439917071271,20000000.0,1,9,0.08
P2,P,2,-0.0016967487359174,0.0,-0.0016967487359174,20000000.0,1,9,0.08
I1,I,2,,0.0025417829031318,0.0025417829031318,40381739.02079408,1,9,0.08
I2,I,2,,0.0012708914515659,0.0012708914515659,36467186.28896342,1,9,0.08
I3,I,2,,,,,0,9,0.08
P1,P,3,-0.0014638438730807,0.0,-0.0014638438730807,20000000.0,1,9,0.08
P2,P,3,-0.0017171489978361,0.0,-0.0017171489978361,20000000.0,1,9,0.08
I1,I,3,,0.0025417829031318,0.0025417829031318,40659545.21725059,1,9,0.08
I2,I,3,,0.0012708914515659,0.0012708914515659,36686239.232649386,1,9,0.08
I3,I,3,,,,,0,9,0.08
P1,P,4,-0.0014951295222334,0.0,-0.0014951295222334,20000000.0,1,9,0.08
P2,P,4,-0.001749816279734,0.0,-0.001749816279734,20000000.0,1,9,0.08
I1,I,4,,0.0025417829031318,0.0025417829031318,40864668.1358828,1,9,0.08
I2,I,4,,0.0012708914515659,0.0012708914515659,36855937.62603408,1,9,0.08
I3,I,4,,,,,0,9,0.08
P1,P,5,-0.0016209570356793,0.0,-0.0016209570356793,20000000.0,1,9,0.08
P2,P,5,-0.0017522602216143,-6.62432754008554e-05,-0.0018185034970151,20000000.0,1,9,0.08
I1,I,5,,0.0025417829031318,0.0025417829031318,41527233.85672788,1,9,0.08
I2,I,5,,0.0012708914515659,0.0012708914515659,37465949.55413054,1,9,0.08
I3,I,5,,,,,0,9,0.08
P1,P,6,-0.0017016074721556,0.0,-0.0017016074721556,20000000.0,1,9,0.08
P2,P,6,-0.0015348359306615,-0.0004221810422912,-0.0019570169729528,20000000.0,1,9,0.08
I1,I,6,,0.0025417829031318,0.0025417829031318,41684653.95951361,1,9,0.08
I2,I,6,,0.0012708914515659,0.0012708914515659,37572888.84716841,1,9,0.08
I3,I,6,,,,,0,9,0.08
P1,P,7,-0.0017092187241869,-3.129346117938865e-06,-0.0017123480703048,20000000.0,1,9,0.08
P2,P,7,-0.0013205070740525,-0.0008347347514308,-0.0021552418254834,20000000.0,1,9,0.08
I1,I,7,,0.0025417829031318,0.0025417829031318,41424392.91817348,1,9,0.08
I2,I,7,,0.0012708914515659,0.0012708914515659,37271596.25844992,1,9,0.08
I3,I,7,,,,,0,9,0.08
P1,P,8,-0.0016033193704449,-9.278547015827052e-05,-0.0016961048406032,20000000.0,1,9,0.08
P2,P,8,-0.0011497887853642,-0.0011486849382978,-0.0022984737236621,20000000.0,1,9,0.08
I1,I,8,,0.0025417829031318,0.0025417829031318,40885005.74441397,1,9,0.08
I2,I,8,,0.0012708914515659,0.0012708914515659,36721392.842956,1,9,0.08
I3,I,8,,,,,0,9,0.08
P1,P,9,-0.0014599300809815,-0.0002669105473789,-0.0017268406283604,20000000.0,1,9,0.08
P2,P,9,-0.0010041702057791,-0.0013638294338327,-0.0023679996396118,20000000.0,1,9,0.08
I1,I,9,,0.0025417829031318,0.0025417829031318,40131299.288030736,1,9,0.08
I2,I,9,,0.0012708914515659,0.0012708914515659,35987109.88347865,1,9,0.08
I3,I,9,,,,,0,9,0.08
P1,P,10,-0.0013560242820735,-0.0004395841269733,-0.0017956084090469,20000000.0,1,9,0.08
P2,P,10,-0.0008996770535528,-0.001582038856275,-0.0024817159098279,20000000.0,1,9,0.08
I1,I,10,,0.0025417829031318,0.0025417829031318,39854625.11938996,1,9,0.08
I2,I,10,,0.0012708914515659,0.0012708914515659,35716403.29274832,1,9,0.08
I3,I,10,,0.0003177228628914,0.0003177228628914,34973668.38438161,1,9,0.08
P1,P,11,-0.0012305748605907,-0.0005782855478063,-0.0018088604083971,20000000.0,1,9,0.08
P2,P,11,-0.0008034831047726,-0.0017257842203496,-0.0025292673251222,20000000.0,1,9,0.08
I1,I,11,,0.0025417829031318,0.0025417829031318,39250503.80116176,1,9,0.08
I2,I,11,,0.0012708914515659,0.0012708914515659,35132101.10083953,1,9,0.08
I3,I,11,,0.0003177228628914,0.0003177228628914,34327569.111361794,1,9,0.08
P1,P,12,-0.0011027626476039,-0.0006945119716718,-0.0017972746192758,20000000.0,1,9,0.08
P2,P,12,-0.0007197378620353,-0.0018222539939721,-0.0025419918560074,20000000.0,1,9,0.08
I1,I,12,,0.0025417829031318,0.0025417829031318,38610545.06972754,1,9,0.08
I2,I,12,,0.0012708914515659,0.0012708914515659,34519970.33129865,1,9,0.08
I3,I,12,,0.0003177228628914,0.0003177228628914,33690275.36322338,1,9,0.08
P1,P,13,-0.0009920948446638,-0.0007885155188175,-0.0017806103634814,20000000.0,1,9,0.08
P2,P,13,-0.0006488708571655,-0.0018892348267923,-0.0025381056839578,20000000.0,1,9,0.08
I1,I,13,,0.0025417829031318,0.0025417829031318,38001631.686740026,1,9,0.08
I2,I,13,,0.0012708914515659,0.0012708914515659,33941261.68079885,1,9,0.08
I3,I,13,,0.0003177228628914,0.0003177228628914,33093434.8710412,1,9,0.08
P1,P,14,-0.0009010738475913,-0.0008638023135879,-0.0017648761611792,20000000.0,1,9,0.08
P2,P,14,-0.0005892830890817,-0.0019377576940684,-0.0025270407831501,20000000.0,1,9,0.08
I1,I,14,,0.0025417829031318,0.0025417829031318,37444795.52910577,1,9,0.08
I2,I,14,,0.0012708914515659,0.0012708914515659,33414873.45835888,1,9,0.08
I3,I,14,,0.0003177228628914,0.0003177228628914,32552184.38064817,1,9,0.08
P1,P,15,-0.0008254836202676,-0.0009267226717182,-0.0017522062919859,20000000.0,1,9,0.08
P2,P,15,-0.000539005342779,-0.0019744948830519,-0.0025135002258309,20000000.0,1,9,0.08
I1,I,15,,0.0025417829031318,0.0025417829031318,36943390.78959434,1,9,0.08
I2,I,15,,0.0012708914515659,0.0012708914515659,32943179.09689845,1,9,0.08
I3,I,15,,0.0003177228628914,0.0003177228628914,32067546.29689829,1,9,0.08
P1,P,16,-0.0007606897621658,-0.0009824615490119,-0.0017431513111777,20000000.0,1,9,0.08
P2,P,16,-0.0004962574280902,-0.0020032615143276,-0.0024995189424179,20000000.0,1,9,0.08
I1,I,16,,0.0025417829031318,0.0025417829031318,36493390.90159634,1,9,0.08
I2,I,16,,0.0012708914515659,0.0012708914515659,32521770.443172477,1,9,0.08
I3,I,16,,0.0003177228628914,0.0003177228628914,31634486.71994278,1,9,0.08
P1,P,17,-0.00070366719835,-0.0010343959954332,-0.0017380631937833,20000000.0,1,9,0.08
P2,P,17,-0.0004595440162128,-0.0020260423371625,-0.0024855863533754,20000000.0,1,9,0.08
I1,I,17,,0.0025417829031318,0.0025417829031318,36087896.94228222,1,9,0.08
I2,I,17,,0.0012708914515659,0.0012708914515659,32143685.642864037,1,9,0.08
I3,I,17,,0.0003177228628914,0.0003177228628914,31245660.593880054,1,9,0.08
P1,P,18,-0.0006529643039581,-0.0010841912165423,-0.0017371555205004,20000000.0,1,9,0.08
P2,P,18,-0.0004276495045559,-0.002043726329224,-0.00247137583378,20000000.0,1,9,0.08
I1,I,18,,0.0025417829031318,0.0025417829031318,35719383.35168739,1,9,0.08
I2,I,18,,0.0012708914515659,0.0012708914515659,31801531.190375324,1,9,0.08
I3,I,18,,0.0003177228628914,0.0003177228628914,30893375.70226928,1,9,0.08
P1,P,19,-0.0006076868856574,-0.0011318079232642,-0.0017394948089217,20000000.0,1,9,0.08
P2,P,19,-0.000399645051709,-0.0020571767675135,-0.0024568218192225,20000000.0,1,9,0.08
I1,I,19,,0.0025417829031318,0.0025417829031318,35382081.17818324,1,9,0.08
I2,I,19,,0.0012708914515659,0.0012708914515659,31489538.02762007,1,9,0.08
I3,I,19,,0.0003177228628914,0.0003177228628914,30571755.819057263,1,9,0.08
P1,P,20,-0.0005672499916983,-0.0011768888987467,-0.001744138890445,20000000.0,1,9,0.08
P2,P,20,-0.0003748210025942,-0.0020672385022439,-0.0024420595048381,20000000.0,1,9,0.08
I1,I,20,,0.0025417829031318,0.0025417829031318,35071872.48187581,1,9,0.08
I2,I,20,,0.0012708914515659,0.0012708914515659,31203536.29748065,1,9,0.08
I3,I,20,,0.0003177228628914,0.0003177228628914,30276606.13452508,1,9,0.08
P1,P,21,-0.0005312115527415,-0.0012189335420447,-0.0017501450947863,20000000.0,1,9,0.08
P2,P,21,-0.000352655438793,-0.0020747213472835,-0.0024273767860765,20000000.0,1,9,0.08
I1,I,21,,0.0025417829031318,0.0025417829031318,34786068.913221665,1,9,0.08
I2,I,21,,0.0012708914515659,0.0012708914515659,30940747.929000657,1,9,0.08
I3,I,21,,0.0003177228628914,0.0003177228628914,30005176.302342724,1,9,0.08
P1,P,22,-0.0004991799452598,-0.0012575345804715,-0.0017567145257313,20000000.0,1,9,0.08
P2,P,22,-0.000332783438827,-0.002080329542712,-0.002413112981539,20000000.0,1,9,0.08
I1,I,22,,0.0025417829031318,0.0025417829031318,34522987.00897661,1,9,0.08
I2,I,22,,0.0012708914515659,0.0012708914515659,30699410.722147565,1,9,0.08
I3,I,22,,0.0003177228628914,0.0003177228628914,29755741.57091133,1,9,0.08
P1,P,23,-0.0004707686595383,-0.001292767263217,-0.0017635359227553,20000000.0,1,9,0.08
P2,P,23,-0.0003149239866752,-0.00208453649757,-0.0023994604842453,20000000.0,1,9,0.08
I1,I,23,,0.0025417829031318,0.0025417829031318,34281020.86128577,1,9,0.08
I2,I,23,,0.0012708914515659,0.0012708914515659,30477921.222272597,1,9,0.08
I3,I,23,,0.0003177228628914,0.0003177228628914,29526697.168470237,1,9,0.08
P1,P,24,-0.000445556014927,-0.0013247515383186,-0.0017703075532456,20000000.0,1,9,0.08
P2,P,24,-0.0002988437981072,-0.0020877425600615,-0.0023865863581688,20000000.0,1,9,0.08
I1,I,24,,0.0025417829031318,0.0025417829031318,34058730.3886901,1,9,0.08
I2,I,24,,0.0012708914515659,0.0012708914515659,30274862.367226515,1,9,0.08
I3,I,24,,0.0003177228628914,0.0003177228628914,29316618.349743366,1,9,0.08
P1,P,25,-0.0004231251883233,-0.0013536710292113,-0.0017767962175347,20000000.0,1,9,0.08
P2,P,25,-0.0002843300878739,-0.0020903287023249,-0.0023746587901989,20000000.0,1,9,0.08
I1,I,25,,0.0025417829031318,0.0025417829031318,33854704.96735996,1,9,0.08
I2,I,25,,0.0012708914515659,0.0012708914515659,30088857.73154692,1,9,0.08
I3,I,25,,0.0003177228628914,0.0003177228628914,29124116.3099159,1,9,0.08
P1,P,26,-0.0004030588807145,-0.0013798270667087,-0.0017828859474233,20000000.0,1,9,0.08
P2,P,26,-0.000271170091222,-0.0020926392212231,-0.0023638093124452,20000000.0,1,9,0.08
I1,I,26,,0.0025417829031318,0.0025417829031318,33667332.31245829,1,9,0.08
I2,I,26,,0.0012708914515659,0.0012708914515659,29918344.201704383,1,9,0.08
I3,I,26,,0.0003177228628914,0.0003177228628914,28947607.21931232,1,9,0.08
P1,P,27,-0.0003849584039805,-0.0014035979501923,-0.0017885563541728,20000000.0,1,9,0.08
P2,P,27,-0.0002591567210346,-0.00209490085683,-0.0023540575778646,20000000.0,1,9,0.08
I1,I,27,,0.0025417829031318,0.0025417829031318,33494843.66863531,1,9,0.08
I2,I,27,,0.0012708914515659,0.0012708914515659,29761625.99233276,1,9,0.08
I3,I,27,,0.0003177228628914,0.0003177228628914,28785360.897369903,1,9,0.08
P1,P,28,-0.0003684866379364,-0.0014253442328161,-0.0017938308707525,20000000.0,1,9,0.08
P2,P,28,-0.0002481072395973,-0.0020972084230475,-0.0023453156626449,20000000.0,1,9,0.08
I1,I,28,,0.0025417829031318,0.0025417829031318,33335540.030791804,1,9,0.08
I2,I,28,,0.0012708914515659,0.0012708914515659,29617092.7234722,1,9,0.08
I3,I,28,,0.0003177228628914,0.0003177228628914,28635723.33181908,1,9,0.08
P1,P,29,-0.000353404403651,-0.0014453822830542,-0.0017987866867052,20000000.0,1,9,0.08
P2,P,29,-0.000237868513157,-0.0020995844110507,-0.0023374529242077,20000000.0,1,9,0.08
I1,I,29,,0.0025417829031318,0.0025417829031318,33187776.90183765,1,9,0.08
I2,I,29,,0.0012708914515659,0.0012708914515659,29483202.212309662,1,9,0.08
I3,I,29,,0.0003177228628914,0.0003177228628914,28497100.2840244,1,9,0.08
